1.0219338400002016
0.7609767190006096
0.9462820579992695
0.10504332299933594
0.09382722700138402
0.09443620800084318
0.10915916600060882
0.09356372399997781
0.09112023499983479
0.10762048099968524
0.09411684100086859
0.09433248399909644
0.10082950099968002
0.09619983100128593
0.09418728299897339
0.09304553100082558
0.10177367600044818
0.0959077690004051
0.0998787699991226
0.09810856900003273
0.0924407339989557
0.09353166300024895
0.09101170699977956
0.09330139599842369
0.09256083900072554
0.09740516000056232
0.10002249599892821
0.0924335780000547
0.10091109899985895
0.10425338499953796
0.09804144100053236
0.09888659100033692
0.0974248290003743
0.09874908900019364
0.09476969999923313
0.10151723400122137
0.10038418499971158
0.09992883400082064
0.09523795099994459
0.09925422800006345
0.09840662999886263
0.09148778399867297
0.10292644099899917
0.09705795499939995
0.09853906900025322
0.0943031830011023
0.09651869699882809
0.09516035399974498
0.10110709199943813
0.09594898999966972
