0.9114746690011089
0.11458237800070492
0.09984274599992204
0.10362981400066928
0.092280759001369
0.09308096000131627
0.09999154599972826
0.09718961799990211
0.13940634400023555
0.0912036600002466
0.09720989000015834
0.36187141799928213
0.09570132599947101
0.09807496999928844
0.09482822499921895
0.10183611399952497
0.10809876100029214
0.13954472099976556
0.12166308400082926
0.10481525800059899
0.09335961900069378
0.09433144800095761
0.09306728900082817
0.09019970900044427
0.09312263900028483
0.09745757699965907
0.10462369699962437
0.09987055500096176
1.0047618589997
0.3746726249992207
0.09333503999914683
0.11423475999981747
0.10996603999956278
0.3757243970012496
0.6741369479987043
0.5149350430001505
0.1727908449993265
0.09653639499993005
0.09401968600104738
0.09988744800102722
0.09733914899879892
0.09266826999919431
0.10410103700087348
0.10431453700039128
0.09334373400088225
0.10081877299853659
0.10345384399988689
0.09744776600018668
0.10932737499933864
0.09980348499993852
