0.1033625602722168
0.08714842796325684
0.08761096000671387
0.08413052558898926
0.08771228790283203
0.09249520301818848
0.09015655517578125
0.08672618865966797
0.08600807189941406
0.08850955963134766
0.340970516204834
0.09255242347717285
0.126495361328125
0.08623027801513672
0.09275960922241211
0.08780026435852051
0.08884525299072266
0.08959102630615234
0.09196901321411133
0.08888030052185059
0.08902549743652344
0.08674430847167969
0.09976863861083984
0.0861349105834961
0.08827900886535645
0.08517622947692871
0.08808660507202148
0.08594250679016113
0.08940696716308594
0.0903174877166748
0.08840560913085938
0.08547568321228027
0.0881342887878418
0.08838057518005371
0.08663797378540039
0.0884702205657959
0.0915384292602539
0.08464956283569336
0.09128427505493164
0.08947515487670898
0.08522653579711914
0.08913397789001465
0.08845043182373047
0.09285616874694824
0.08584856986999512
0.08734440803527832
0.08778166770935059
0.09092116355895996
0.0920722484588623
0.09281516075134277
