2.236564874649048
1.8484299182891846
1.1251654624938965
0.7088096141815186
1.442805528640747
1.4096581935882568
1.3197932243347168
0.5911951065063477
1.552931785583496
1.0755586624145508
1.2318341732025146
0.9914679527282715
1.3450884819030762
2.340059518814087
0.7939424514770508
1.2671394348144531
1.4982340335845947
1.4243412017822266
1.0631463527679443
1.1215765476226807
1.1833312511444092
1.3853256702423096
1.1237952709197998
1.1364710330963135
1.2352988719940186
1.413480281829834
0.7950015068054199
0.9067611694335938
1.0053441524505615
1.0567972660064697
0.6464316844940186
1.406114101409912
1.5044569969177246
1.697352409362793
1.71840238571167
1.3263771533966064
1.3684568405151367
1.4218838214874268
1.4673686027526855
1.5550944805145264
0.9591367244720459
1.4208481311798096
1.435417652130127
1.232426404953003
1.2609825134277344
1.786071538925171
1.4822742938995361
0.7968738079071045
1.4568428993225098
1.3661854267120361
