1.2488924550016236
0.23324476500056335
0.10516126599941344
0.22377540699926612
0.2678325209999457
0.14733453799999552
0.09501742100110278
0.12660483100080455
0.13402916099948925
0.18405238400009694
0.09341465800025617
0.10772605199963436
0.1641002819997084
0.1708457400000043
0.1016985010010103
0.23176920699916082
0.2107320470004197
0.09380272599992168
0.1648861659996328
0.09700085099939315
0.14649897600065742
0.22529790999942634
0.16820760600057838
0.24571705600101268
0.09846249800102669
0.0933584360009263
0.12151937700036797
0.15824887999951898
0.1335190589998092
0.20187701500071853
0.09706256699973892
0.14582314000108454
0.26125886800036824
0.17779103999964718
0.130151252998985
0.1832805140002165
0.10782768399985798
0.1329621170007158
0.15246790300079738
0.16057328500028234
0.21240587099964614
0.09049317300014081
0.12922522900043987
0.15023072400072124
0.28173863199845073
0.10643487500055926
0.143049410000458
0.15282917500007898
0.09666282100079115
0.3163707900002919
