2.072692394256592
0.39162445068359375
1.2614083290100098
1.0780253410339355
0.8420929908752441
0.6557464599609375
0.9811127185821533
0.7871079444885254
0.8698322772979736
0.6542768478393555
0.8153984546661377
0.40899038314819336
0.958437442779541
0.6582539081573486
0.8197062015533447
1.0813446044921875
0.8433859348297119
1.0649523735046387
0.27184247970581055
0.763763427734375
0.7691185474395752
0.8615517616271973
0.8532154560089111
1.6414294242858887
0.69923996925354
0.5410659313201904
0.9241669178009033
1.5846209526062012
0.8759603500366211
1.568800449371338
1.0670421123504639
0.6186304092407227
1.039583683013916
0.4635171890258789
0.9713373184204102
0.7710022926330566
0.7667970657348633
0.8855464458465576
0.8578372001647949
0.7765719890594482
0.8195462226867676
0.2760188579559326
0.8043422698974609
0.24379372596740723
0.9920010566711426
0.7584891319274902
1.0519697666168213
1.0274367332458496
0.8523590564727783
0.7013206481933594
