0.9071059519992559
0.09703583700138552
0.14457377399958204
0.09623692400055006
0.09063955799865653
0.10293256399927486
0.09754183900076896
0.10115006300111418
0.09266019799906644
0.09133046800161537
0.09775740199984284
0.98052191899842
0.09234396400097467
0.09683962300005078
0.09205217100134178
0.10785734199998842
0.10561524299919256
0.09204476000013528
0.10024782599975879
0.10229258999970625
0.6450430469994899
0.11523543600014818
0.0963255280003068
0.10893948199918668
0.6219727629995759
0.11172880300000543
0.10188829800063104
0.9375993199992081
0.5145744789988385
0.09745027999997546
0.10038451600121334
0.10267334699892672
0.09558434999962628
0.1053730359999463
0.09766976500031888
0.5086488090000785
0.4283621710001171
0.47382830400056264
0.11160036000001128
0.09493463399849134
0.09270973799903004
0.09765842799970414
0.10762473600152589
0.10128322600030515
0.08949648199995863
0.09210918499957188
0.09838213299917697
0.10070790699865029
0.10162252800000715
0.10022913400098332
