2.1871190071105957
1.4822180271148682
0.5130901336669922
1.2029166221618652
1.2565903663635254
1.3890104293823242
0.9844062328338623
1.3672459125518799
1.402777910232544
1.3307888507843018
1.257157325744629
1.3703935146331787
2.1626288890838623
0.8533017635345459
0.9601485729217529
1.3976695537567139
1.314929723739624
1.2642772197723389
1.0002508163452148
1.2850878238677979
1.12941312789917
1.2857513427734375
1.0171608924865723
1.17012357711792
1.12742018699646
1.2910208702087402
0.9271924495697021
1.442939043045044
0.9130406379699707
1.0585243701934814
1.6986818313598633
0.2704787254333496
1.6090731620788574
1.6148715019226074
1.6106584072113037
1.4234404563903809
1.1906418800354004
1.341447114944458
1.0701923370361328
2.1228466033935547
1.1973822116851807
1.5277910232543945
1.4991741180419922
1.2471981048583984
1.1356573104858398
1.406423807144165
1.2997350692749023
0.9641456604003906
0.9199185371398926
0.9233460426330566
