0.29509629200038034
0.10350676500092959
0.20731656700081658
0.09900613500030886
0.13333077499919455
0.10100542799955292
0.10183440100081498
0.13798682400010875
0.09957070299969928
0.11460280600113038
0.09588185500069812
0.15394997000112198
0.09354752199942595
0.11689182900045125
0.1762342890015134
0.1241449310000462
0.09969210599956568
0.09850539800027036
0.11794857000131742
0.14225788800104056
0.09332273099971644
0.09483328300120775
0.10094897199996922
0.1294724210001732
0.12930924400097865
0.19287906299905444
0.1347152369999094
0.7086029259990028
0.14488782900116348
0.2204800769995927
0.20735432999936165
0.09717848599939316
0.09667263700066542
0.09258893200058083
0.13050671099881583
0.23303264700007276
0.10566297600053076
0.13923247200000333
0.09713135499987402
0.1059927130008873
0.09280535300058546
0.20794331100114505
0.1374941600006423
0.09544339300009597
0.09903177200067148
0.6936390560003929
0.16240747200026817
0.09967354200125556
0.10716616500030796
0.10197603899905516
