0.22057732000030228
0.09269425899947237
0.11712977800016233
0.08975473000100465
0.09916820100079349
0.09313558400026523
0.09159020299921394
0.10076300000037008
0.09327282600133913
0.09233886799847824
0.09748006600057124
0.0943023740001081
0.10241780399883282
0.0951393610012019
0.09206478299893206
0.09520445999987714
0.09034690699991188
0.0953919469993707
0.09377001200118684
0.12417376499979582
0.24579392499981623
0.0992559579990484
0.09783873900050821
0.09148475499932829
0.09485212599975057
0.09951354499935405
0.09761323400016408
0.09789442400142434
0.1000540759996511
0.10888787799922284
0.09932992900030513
0.09594139299952076
0.10088916799941217
0.13137825499870814
0.11573924699951021
0.08939077499962877
0.1311288050001167
0.10097842100003618
0.13069654799983255
0.15410255100141512
0.09086561399999482
0.1166738850006368
0.09110402999976941
0.0957061450008041
0.09770084699994186
0.0957452149996243
0.15067901499969594
0.13027472700014187
0.11108112399961101
0.09449719099939102
