2.080362319946289
0.08566069602966309
0.08523368835449219
0.08892345428466797
0.08492565155029297
0.08823704719543457
0.09119486808776855
0.08761477470397949
0.08795356750488281
0.08878898620605469
0.08754920959472656
0.08764505386352539
0.08569478988647461
0.08986544609069824
0.08482813835144043
0.08502197265625
0.09092926979064941
0.08371520042419434
0.08596086502075195
0.08684611320495605
0.08793282508850098
0.09058594703674316
0.08892273902893066
0.08743047714233398
0.08815598487854004
0.08591961860656738
0.08611917495727539
0.38993334770202637
0.08585524559020996
0.09488940238952637
0.08789515495300293
0.08854961395263672
0.08825135231018066
0.08750510215759277
0.08548450469970703
0.09283995628356934
0.08632612228393555
0.08808231353759766
0.09232306480407715
0.0857698917388916
0.08508110046386719
0.08749103546142578
0.08941888809204102
0.0875844955444336
0.08781886100769043
0.08452892303466797
0.08606863021850586
0.08907961845397949
0.08776068687438965
0.08731222152709961
