1.1440113879980345
0.141115317997901
0.10266467900146381
0.09087926899883314
0.09143496699834941
0.09471728399876156
0.10165270899960888
0.14041776700105402
0.10196438700222643
0.5028573870004038
0.10783850000007078
0.09394362800230738
0.09611425000184681
0.09140955199836753
0.13738864799961448
0.09236860499731847
0.09514826500162599
0.09689644900208805
0.10283049599820515
0.09169112100062193
0.11815295300038997
0.09725189299933845
0.15604532699944684
0.09392976800154429
0.1480109279982571
0.12627575900114607
0.09646107899970957
0.09493895400009933
0.21713751100105583
0.12632434100305545
0.142370571000356
0.14023650400122278
0.09205238399954396
0.10023314700083574
0.08976764999897568
0.42183826499967836
0.26780904499901226
0.09139667499766801
0.09650259499903768
0.1162841949990252
0.09491234199958853
0.09883546399942134
0.13179756499812356
0.09443918299803045
0.33874788300090586
0.6073920619965065
0.08923696000056225
0.1085675979993539
0.09236373800013098
0.09510038499865914
