2.3487579822540283
1.4318890571594238
0.5714356899261475
1.2612454891204834
1.3064489364624023
1.2450590133666992
0.9160354137420654
1.6476199626922607
1.268080234527588
1.2954540252685547
1.0996479988098145
1.7275760173797607
1.9186711311340332
1.697232961654663
1.120736837387085
1.135310173034668
1.1520795822143555
1.1050894260406494
1.4536380767822266
1.039926290512085
1.2596960067749023
1.3716843128204346
1.1498684883117676
1.4327733516693115
1.4005405902862549
0.9827044010162354
1.1015377044677734
1.1652812957763672
1.068211317062378
1.7526497840881348
2.0012874603271484
1.2909855842590332
1.295644998550415
1.3669896125793457
1.1335508823394775
0.9329521656036377
1.2696475982666016
1.3563098907470703
1.4806225299835205
0.8782021999359131
1.6214547157287598
1.485170841217041
1.582556962966919
1.6840345859527588
1.0556766986846924
1.5021045207977295
1.2355294227600098
1.1015594005584717
1.1051783561706543
0.6387910842895508
