0.9283659239999906
0.0938660660003734
0.0963326720002442
0.10017130599953816
0.09923273200001859
0.10199804799958656
0.09879555199950119
0.10603389799962315
0.09896140900036698
0.0943899700005204
0.09347368199996708
0.10365874399940367
0.10036392500023794
0.09575000800032285
0.1034085920000507
0.14347863300008612
0.09931585599952086
0.11058393499934027
0.09889040699999896
0.11997879199952877
0.10307804600051895
0.10204909900039638
0.09919494699988718
0.09730985799978953
0.10041721800007508
0.09697308100021473
0.1021160840000448
0.1099478910000471
0.09629865399983828
0.09382673500022065
0.11052931800077204
0.11380169200037926
0.11587789900022472
0.10186207100014144
0.10212502299964399
0.09542473100009374
0.09534762600014801
0.3226506459996017
0.10079994199986686
0.0991040979997706
0.11065936400063947
0.09718118399996456
0.10439487600069697
0.0999565750007605
0.09736688599969057
0.10204202600016288
0.15414779300044756
0.8069448200003535
0.10124217300017335
0.18335237599967513
