0.2876694580008916
0.09533979299885686
0.3040551760004746
0.09151872900110902
0.09664085300028091
0.11183619899929909
0.09487664900007076
0.09170898999946075
0.09332422399893403
0.09718139500000689
0.09236317599970789
0.09554492300048878
0.094989708999492
0.0963075760009815
0.0966170970004896
0.09713212799942994
0.09872563299904868
0.0889323700012028
0.09338051899976563
0.09143803500046488
0.09271019799962232
0.09482763200139743
0.09070069900008093
0.09732400800021423
0.09507261500039021
0.09514248099912948
0.09450980799920217
0.09876725899994199
0.0988152980007726
0.09681088899924362
0.09126328000093054
0.09729583599983016
0.10104356899864797
0.09265578900158289
0.0983637240005919
0.0960121079988312
0.09664478699960455
0.09837230599987379
0.09303334499963967
0.09630294000089634
0.09423552199950791
0.10183281300123781
0.09467681699970854
0.0962902329993085
0.09526854600153456
0.09555432100023609
0.09677283500059275
0.09092109199991683
0.1000000040003215
0.09422168699893518
