0.1133880615234375
2.078489303588867
2.152061939239502
1.652979850769043
2.068410634994507
1.7240335941314697
2.156956911087036
1.989424467086792
1.7854666709899902
2.4003658294677734
2.426903247833252
2.0368857383728027
1.7670745849609375
2.954650402069092
1.8545985221862793
1.8142602443695068
2.034114360809326
2.3923938274383545
2.423933982849121
2.016261339187622
1.986098289489746
2.112698793411255
1.9109127521514893
2.462254047393799
1.7134613990783691
2.1504037380218506
2.2849950790405273
2.029664993286133
1.5890882015228271
1.887871265411377
1.8599128723144531
1.9775946140289307
1.9828996658325195
1.5902464389801025
2.3228201866149902
1.714125156402588
1.7949631214141846
2.1604459285736084
1.9400553703308105
1.921450138092041
2.269052267074585
1.8646438121795654
2.0036754608154297
2.2229249477386475
1.8635504245758057
1.9841923713684082
2.6665334701538086
2.061476707458496
1.9211790561676025
1.1487722396850586
