2.1359026380014257
0.43757255900345626
0.03382059200157528
0.04361252799935755
0.05871016099990811
0.07060592199923121
0.06406672700177296
0.09876504099884187
0.03029725799933658
0.19661250699937227
0.03215193200230715
0.08727953899870045
0.03047983599753934
0.11372703100278159
0.1437486840004567
0.04129790799925104
0.03575401599664474
0.11368663900066167
0.0871519129977969
0.03887860599934356
0.15158312700077659
0.07269555799939553
0.04604498600019724
0.07120444499742007
0.06376981499852263
0.038613723998423666
0.03892681000070297
0.1909068240020133
0.08147939799891901
0.12107254900183761
0.051440039998851717
0.048365745999035425
0.03171727099834243
0.048354040998674463
0.1974997209981666
0.033664450002106605
0.08176029500100412
0.04206991399769322
0.03789225299988175
0.10211814399735886
0.050151914001617115
0.09496198999840999
0.03247854599976563
0.048558125003182795
0.03615653800079599
0.0366636059989105
0.042807621000974905
0.08080453399816179
0.08630255900061456
0.0314389420018415
