2.0219366700002865
0.6663699249984347
0.052758711000933545
0.033439145001466386
0.037762510000902694
0.06422170700170682
0.035871918000339065
0.03441185200063046
0.20487992099879193
0.06791763400178752
0.04043348800041713
0.11114972200084594
0.06368103199929465
0.038858777999848826
0.12316075300259399
0.030197005999070825
0.0718246629985515
0.03889861599964206
0.034579412000312004
0.04019905600216589
0.03098094199958723
0.036251192999770865
0.15233526199881453
0.15267589900031453
0.03229142499912996
0.060146924002765445
0.039486249999754364
0.14007016499817837
0.061162532001617365
0.10301874599826988
0.11352368100051535
0.03551653700196766
0.10018683999805944
0.049631183999736095
0.059049888001027284
0.0324343750035041
0.10439316999691073
0.039188869999634335
0.08809970400034217
0.039641552000830416
0.0369722899995395
0.10504394300005515
0.04371882100167568
0.035413769001024775
0.05335264999666833
0.03196391999881598
0.03850512999997591
0.04706735400031903
0.034339510999416234
0.03557937200093875
