0.3139723870008311
0.11660502800077666
0.16136753399769077
0.03856230699966545
0.06685924800331122
0.12980397700084723
0.047618909000448184
0.12134836299810559
0.07037939800284221
0.03140824799993425
0.0749033860010968
0.746531053999206
0.2059833739986061
0.08886533699842403
0.2927164749999065
0.08895417700114194
0.3106739450013265
0.13156913200145937
0.055228848999831825
0.138890669997636
0.17423226100072498
0.18904639899847098
0.06811040300090099
0.21235022399923764
0.1495602399991185
0.13665851299811038
0.04137710299983155
0.21425711600022623
0.13212122000186355
0.08585587400011718
0.07724392300224281
0.033245744998566806
0.04765710599895101
0.140997354999854
0.14475894999850425
0.08780486899922835
0.12633461899895337
0.08048272900123266
0.03757401400071103
0.23725979099981487
0.07293619600022794
0.12284521399851656
0.2867050150016439
0.14882317899900954
0.1696471070026746
0.13283243399928324
0.04482036999979755
0.04125892399679287
0.04368668600000092
0.03371979799703695
