0.02701854705810547
0.029787302017211914
0.02217578887939453
0.026073455810546875
0.02400827407836914
0.02375507354736328
0.024759531021118164
0.026269912719726562
0.022009611129760742
0.025519371032714844
0.025150775909423828
0.02522587776184082
0.026407718658447266
0.023273468017578125
0.026081323623657227
0.0227663516998291
0.02454662322998047
0.02672123908996582
0.03719949722290039
0.02924656867980957
0.02225637435913086
0.022844314575195312
0.023409128189086914
0.02301812171936035
0.023415327072143555
0.023507356643676758
0.022742748260498047
0.025865793228149414
0.024672508239746094
0.02385568618774414
0.021645545959472656
0.026587247848510742
0.030370235443115234
0.02703690528869629
0.02301335334777832
0.024199962615966797
0.024423599243164062
0.02604532241821289
0.02837395668029785
0.02944493293762207
0.027800321578979492
0.03340291976928711
0.02337050437927246
0.026404142379760742
0.02835249900817871
0.024867773056030273
0.023819684982299805
0.02144646644592285
0.02459430694580078
0.02598857879638672
