0.04057025909423828
0.026010990142822266
0.025121450424194336
0.028545379638671875
0.03002619743347168
0.03390765190124512
0.02805304527282715
0.032004356384277344
0.028553247451782227
0.029927730560302734
0.02375507354736328
0.02731943130493164
0.029597043991088867
0.030014991760253906
0.025771617889404297
0.027782201766967773
0.028969764709472656
0.029201269149780273
0.03284001350402832
0.02725505828857422
0.02947711944580078
0.026674509048461914
0.029439687728881836
0.025977134704589844
0.027265310287475586
0.034307003021240234
0.024428606033325195
0.027105331420898438
0.027987003326416016
0.030303955078125
0.025548696517944336
0.025173664093017578
0.02887749671936035
0.028304100036621094
0.027199268341064453
0.027317285537719727
0.02630615234375
0.027873516082763672
0.028336763381958008
0.030251741409301758
0.0290067195892334
0.025336265563964844
0.02570486068725586
0.028081655502319336
0.030597448348999023
0.02925562858581543
0.02910637855529785
0.024946212768554688
0.028597593307495117
0.026997804641723633
