0.03518176078796387
0.02459573745727539
0.029260873794555664
0.02416086196899414
0.0229036808013916
0.030137062072753906
0.02720165252685547
0.025210857391357422
0.024437665939331055
0.021459102630615234
0.025510787963867188
0.026474952697753906
0.02749323844909668
0.028205394744873047
0.02709197998046875
0.022199392318725586
0.02584362030029297
0.024240493774414062
0.02550482749938965
0.024087905883789062
0.022665977478027344
0.02327442169189453
0.02487635612487793
0.024863243103027344
0.026577234268188477
0.026319026947021484
0.030723094940185547
0.023836851119995117
0.024791955947875977
0.029782533645629883
0.02452993392944336
0.024304866790771484
0.02823472023010254
0.024547576904296875
0.024495840072631836
0.023628950119018555
0.026731491088867188
0.033849477767944336
0.02400350570678711
0.0247194766998291
0.029007434844970703
0.023220539093017578
0.023273944854736328
0.025676965713500977
0.024537324905395508
0.024826765060424805
0.026224136352539062
0.023650407791137695
0.024523496627807617
0.02384638786315918
