0.031621694564819336
0.027595996856689453
0.02572321891784668
0.026970624923706055
0.026253223419189453
0.026716232299804688
0.029665708541870117
0.029014110565185547
0.029486656188964844
0.02482008934020996
0.026460647583007812
0.026608705520629883
0.026166439056396484
0.027318477630615234
0.03135061264038086
0.025743722915649414
0.027185916900634766
0.02839207649230957
0.02584695816040039
0.027173995971679688
0.025692462921142578
0.02464771270751953
0.024061918258666992
0.03220486640930176
0.02963113784790039
0.02755880355834961
0.025484085083007812
0.02543044090270996
0.030086517333984375
0.025430679321289062
0.02661609649658203
0.02507948875427246
0.03141307830810547
0.02934408187866211
0.02557682991027832
0.02506542205810547
0.026374101638793945
0.028119325637817383
0.024877309799194336
0.7693614959716797
0.2715120315551758
0.028580665588378906
0.025507450103759766
0.02477407455444336
0.030385255813598633
0.030269622802734375
0.028823137283325195
0.551908016204834
0.03875732421875
0.02775716781616211
