0.037214040756225586
0.03338932991027832
0.02625870704650879
0.03192329406738281
0.028204917907714844
0.027575016021728516
0.02489471435546875
0.025997638702392578
0.028081178665161133
0.02787160873413086
0.028986692428588867
0.024429798126220703
0.02765822410583496
0.032213449478149414
0.026457548141479492
0.031798601150512695
0.02492976188659668
0.02712702751159668
0.028805971145629883
0.02463221549987793
0.024962663650512695
0.023665904998779297
0.029006242752075195
0.028000593185424805
0.026265382766723633
0.030815601348876953
0.0244295597076416
0.03203392028808594
0.02536773681640625
0.03126955032348633
0.02443075180053711
0.025513887405395508
0.033440589904785156
0.026714324951171875
0.02476811408996582
0.027205228805541992
0.03509354591369629
0.029308080673217773
0.0322260856628418
0.02948737144470215
0.02680659294128418
0.025507211685180664
0.031273603439331055
0.02840423583984375
0.034830331802368164
0.028380155563354492
0.027784109115600586
0.025284290313720703
0.029395103454589844
0.028929948806762695
