3.051557779312134
1.8772051334381104
1.2334942817687988
1.8719193935394287
1.5444135665893555
2.3887975215911865
1.8483304977416992
2.1863176822662354
1.3871793746948242
2.2621312141418457
2.682105541229248
2.2302355766296387
1.5435004234313965
2.3443801403045654
1.8977224826812744
1.966320276260376
2.319418430328369
2.403717041015625
1.4325220584869385
2.0881283283233643
2.12276291847229
1.9717633724212646
2.0305211544036865
0.9986357688903809
2.2887206077575684
1.8578917980194092
2.35636043548584
2.142594575881958
2.0060362815856934
2.1577725410461426
2.0601565837860107
1.3274173736572266
1.8278634548187256
2.106229543685913
2.4108998775482178
1.665182113647461
2.0482890605926514
1.8145825862884521
1.7320637702941895
2.287985324859619
1.7800266742706299
2.1642508506774902
2.039341449737549
2.8476483821868896
1.3361220359802246
2.0152032375335693
1.9908020496368408
1.840167760848999
1.94598388671875
1.9965133666992188
