0.18572321300234762
0.03553603999898769
0.046405807999690296
0.04000736400121241
0.042577545002131956
0.03594940100083477
0.03313831999912509
0.03630571599933319
0.04066299799887929
0.039491021998401266
0.037703011999838054
0.035691348999534966
0.036552778001350816
0.038215873999433825
0.03852650100088795
0.04193067500091274
0.04009006499836687
0.03568176900080289
0.04178517800028203
0.04386613599854172
0.03813921500113793
0.038940080001339084
0.037909528000454884
0.03299952499946812
0.04137249500126927
0.032161224000446964
0.04043077800088213
0.033168121000926476
0.04667622900160495
0.12343572200188646
0.04377962999933516
0.040664937001565704
0.10150798200265854
0.04205082299813512
0.03412565299731796
0.04177921800146578
0.06822966299660038
0.037125638002180494
0.034721154002909316
0.032707294001738774
0.08100778500011074
0.03440658299950883
0.039069320999260526
0.03492881100100931
0.03866556699722423
0.04246145700017223
0.03644876999896951
0.03546139000172843
0.19539318700117292
0.1582596940024814
