2.750868320465088
1.6125411987304688
1.5868933200836182
2.1823079586029053
1.8389747142791748
1.939079999923706
1.6781401634216309
2.2790770530700684
1.7736625671386719
2.0002524852752686
2.114475965499878
2.2955241203308105
2.124936819076538
2.171206474304199
2.1249427795410156
2.017714023590088
2.157137870788574
1.83160400390625
2.1625680923461914
2.352510452270508
2.2230265140533447
1.7716176509857178
1.8643977642059326
2.0329465866088867
2.869605302810669
2.0041940212249756
2.3502917289733887
1.8539154529571533
1.9833452701568604
1.7746086120605469
1.715378761291504
2.524996519088745
2.0092766284942627
1.790409803390503
2.605545997619629
1.6939244270324707
1.9473628997802734
2.0329344272613525
2.3128421306610107
2.661039352416992
2.0319173336029053
2.184094190597534
1.951711654663086
2.368805170059204
2.6944775581359863
2.1337037086486816
2.278419256210327
2.088628053665161
1.8105571269989014
1.8964622020721436
