0.1493029099983687
0.03990179099855595
0.038707704003172694
0.04515742500007036
0.029991903000336606
0.3965930800004571
0.04022209300092072
0.03475267899921164
0.049750575999496505
0.03770636099943658
0.03454797299855272
0.03255770200121333
0.036099256001762114
0.035908771998947486
0.03345144700142555
0.02986970200072392
0.030558852002286585
0.03849547400022857
0.03008993100229418
0.04421990899936645
0.04010037099942565
0.03180164399964269
0.035901470000681
0.04316977900089114
0.02943887400033418
0.036594768997019855
0.036603905999072595
0.04114643499997328
0.0361780599996564
0.038770661001763074
0.033544805002748035
0.03825056800269522
0.03269890799856512
0.03920460299923434
0.04947000199899776
0.040557345000706846
0.037659206998796435
0.8898370770002657
0.03962337100165314
0.2471526429981168
0.03776738899978227
0.04194946200004779
0.041577899999538204
0.03617584599851398
0.03308944600212271
0.039419336997525534
0.03595330899770488
0.030538989998603938
0.03278731699901982
0.03238306699859095
