0.2409816610015696
0.044097239999246085
0.038071088998549385
0.02968729600252118
0.0316336220021185
0.03712805800023489
0.036877196998830186
0.03727964800054906
0.03673192399946856
0.03886325900020893
0.03545054500136757
0.034527214000263484
0.044668311998975696
0.03348091400039266
0.037722245000622934
0.038799480000307085
0.030553474000043934
0.0349069679978129
0.0711410160001833
0.02957299899935606
0.038285067999822786
0.04206220999913057
0.045905414001026656
0.03009396699781064
0.04491763400073978
0.030569020000257296
0.03576115800024127
0.030963864002842456
0.031762100999912946
0.03719817000092007
0.03366720999838435
0.03281180400153971
0.03772678499808535
0.03835751600126969
0.04102768099983223
0.03264345199931995
0.02938516799986246
0.04005709500052035
0.033427245001803385
0.033042348997696536
0.06173490699802642
0.03584537799906684
0.03730076700230711
0.0639328889992612
0.033091946999775246
0.08702633500070078
0.04105607499877806
0.03812953700253274
0.05414433899932192
0.0418796010017104
