0.7701221199968131
0.03546758599986788
0.06727631700050551
0.039351562001684215
0.05796756400013692
0.03866023199952906
0.05369299499943736
0.07261016700067557
0.03648927299946081
0.036496355998679064
0.13087527199968463
0.05557420700279181
0.05396001700137276
0.08863543099869275
0.11175907500000903
0.04030303499894217
0.11725729299723753
0.10038825800074846
0.04000341699793353
0.0416734379978152
0.11985739600277157
0.1026718430002802
0.04069042700211867
0.0640474300016649
0.034232001002237666
0.11469938200025354
0.14923693200034904
0.07771424400198157
0.10072996400049306
0.03966304699861212
0.0839921980004874
0.0408716190031555
0.03326206799829379
0.059732368998083984
0.04040109099878464
0.09483960200304864
0.0867831860014121
0.13305325500186882
0.11411667699940153
0.04460780299996259
0.054877118000149494
0.046733876999496715
0.04722794700137456
0.03712055800133385
0.03543493499819306
0.03751261199795408
0.1933344989993202
0.12198142799752532
0.06468962599683437
0.04678548200172372
