0.8680495469998277
0.10101955299978727
0.09509921000062604
0.11301836900020135
0.09771916400131886
0.11769289299991215
0.09917692599992733
0.10117439700115938
0.0955995919975976
0.09438739800316398
0.10612196000147378
0.1020822539976507
0.10163992600064375
0.09911188900150592
0.0973751169985917
0.09108525899864617
0.14499662600064767
0.11695789599980344
0.24151563400300802
0.09671648700168589
0.10033644799841568
0.09904410599847324
0.09915473400178598
0.10113645700039342
0.09913112299909699
0.10134387200014316
0.09976769100103411
0.15035660099965753
0.10661720600182889
0.0918619869989925
0.09870805000173277
0.11810121100279503
0.09352848300113692
0.16236941600072896
0.09933233099945937
0.10479993500121054
0.5935410160018364
0.09983767200174043
0.10849534800217953
0.09734644099808065
0.09246180600166554
0.09724105599889299
0.09364537399960682
0.4749743629981822
0.11207567100063898
0.3426916150019679
0.0935093970001617
0.1007565820000309
0.10142857500250102
0.09902438100107247
