0.14872220899997046
0.06764655099959782
0.0929420359998403
0.08228359099939553
0.7671837609996146
0.5184928939997917
0.07077084299999115
0.12674739100020815
0.1289939049993336
0.07351933800055122
0.07949047600050108
0.07704976499917393
0.5404184049994001
0.06643647400051123
0.06676303799940797
0.07203461800054356
0.0691212669999004
0.06622376499944949
0.06739972800005489
0.07319382100013172
0.08036846200047876
0.11436046700055158
0.08481169199967553
0.06503976999920269
0.06902551799976209
0.06367062799927226
0.06962383199970645
0.06807678700079123
0.06620738000037818
0.08581782700002805
0.381949297000574
0.08181959499961522
0.06422427800043806
0.13895186900026602
0.06519332799962285
0.06688679299986688
0.06653156599986687
0.09185698599958414
0.07072329899983743
0.5923990419996699
0.06377075999989756
0.07228333399962139
0.06416123100007098
0.0652848140007336
0.06696482000006654
0.07925517599960585
0.06850022899925534
0.06716813700040802
0.06886044700058847
0.07074479499988229
