0.20979939099925105
0.06933734599806485
0.09133212300002924
0.061791723001078935
0.08613026500097476
0.0649673019979673
0.07037013100125478
0.06211528600033489
0.09959657600120408
0.0815124940017995
0.12292339899795479
0.08774214400182245
0.11008856199987349
0.07028269800139242
0.12930776400025934
0.06308873300076812
0.0821986310002103
0.13148037000064505
0.06749941099769785
0.1300989209994441
0.09172640899851103
0.06579911600056221
0.10578834199986886
0.11690863400144735
0.06394628400084912
0.07871321399943554
0.08893359899957431
0.11020625899982406
0.1529300139991392
0.1345754219983064
0.0855721510015428
0.0786555220001901
0.06687246399815194
0.7680437029994209
0.39959075300066615
0.08768013500230154
0.5530161679998855
0.17804470599730848
0.4334614639992651
0.18770010099979118
0.11126850599976024
0.8169093649994466
0.0629181479998806
0.07003896499736584
0.09183874999871477
0.07176263400106109
0.2026171939978667
0.6654520919983042
0.06705819600028917
0.5458750359975966
