0.035672664642333984
0.024295568466186523
0.023047447204589844
0.021988391876220703
0.023683547973632812
0.026231050491333008
0.024506092071533203
0.03274273872375488
0.021922826766967773
0.024387836456298828
0.02362656593322754
0.022092342376708984
0.02552485466003418
0.02438044548034668
0.024124860763549805
0.027284860610961914
0.023708581924438477
0.023871898651123047
0.030542373657226562
0.023363590240478516
0.025643110275268555
0.02227616310119629
0.023292064666748047
0.024663686752319336
0.02398514747619629
0.024237394332885742
0.02579522132873535
0.024712800979614258
0.026166915893554688
0.02484917640686035
0.023504972457885742
0.024130821228027344
0.040093183517456055
0.02574777603149414
0.03108358383178711
0.02987217903137207
0.022227764129638672
0.024175167083740234
0.02599167823791504
0.02410268783569336
0.022655487060546875
0.025382280349731445
0.02489447593688965
0.024324893951416016
0.024121522903442383
0.0252382755279541
0.023247480392456055
0.023235321044921875
0.022577524185180664
0.022327184677124023
