0.9780886173248291
0.056246042251586914
0.05668950080871582
0.05883646011352539
0.06094169616699219
0.060028791427612305
0.37565064430236816
0.06107306480407715
0.0593106746673584
0.055968284606933594
0.057541847229003906
0.06642723083496094
0.05916023254394531
0.05575156211853027
0.059957265853881836
0.058856964111328125
0.5274608135223389
0.05942821502685547
0.05493521690368652
0.059444427490234375
0.060889482498168945
0.06711196899414062
0.05745649337768555
0.056795358657836914
0.056536197662353516
0.06334304809570312
0.05791282653808594
0.05734729766845703
0.06513071060180664
0.060059547424316406
0.05827808380126953
0.055006980895996094
0.05787992477416992
0.21806573867797852
0.42722415924072266
0.05939006805419922
0.05597329139709473
0.06559276580810547
0.057051897048950195
0.058028459548950195
0.06000971794128418
0.06153059005737305
0.06160998344421387
0.05661153793334961
0.06201982498168945
0.057882070541381836
0.05758094787597656
0.05742335319519043
0.06843829154968262
0.058596134185791016
