3.0190978050231934
1.9239516258239746
2.2019665241241455
1.6696269512176514
1.854294776916504
2.0079407691955566
1.8862318992614746
2.0697896480560303
1.9475815296173096
2.2910337448120117
1.7007331848144531
2.2456204891204834
2.214268445968628
2.300663471221924
1.756819248199463
2.022541046142578
2.4798734188079834
1.7197513580322266
2.3016417026519775
2.1257002353668213
1.832639455795288
1.9881517887115479
2.2304112911224365
2.135605812072754
2.4475839138031006
2.2353591918945312
1.6648447513580322
1.7322866916656494
2.1816670894622803
2.8365442752838135
1.5894124507904053
1.8448519706726074
1.504845142364502
2.039314031600952
2.0791478157043457
1.5491340160369873
2.507049560546875
2.078190803527832
2.062937021255493
1.7941169738769531
1.796321153640747
2.0325846672058105
2.1201722621917725
1.6066887378692627
1.9884083271026611
2.3309578895568848
2.820084571838379
2.3732173442840576
1.9120368957519531
0.47283339500427246
