0.27094157099782024
0.06535932599945227
0.07289949500045623
0.10122965800110251
0.09426491200065357
0.06498647599801188
0.06979732099716784
0.06760763000056613
0.11401924700112431
0.07812815400029649
0.06928592099939124
0.07771886699993047
0.0635135110023839
0.07793416900312877
0.12846613599685952
0.08075785000255564
0.07465106300151092
0.08052246200168156
0.08403304500097875
0.06373796800107812
0.0674635129980743
0.07549460999871371
0.07796738400065806
0.07070736300011049
0.06797055000060936
0.0973071059997892
0.06635583499883069
0.06752953199975309
0.07127632899937453
0.4364597630010394
0.071266672002821
0.06741065800088109
0.1669889670010889
0.14083739100169623
0.11350285899970913
0.1356371140027477
0.06490542000028654
0.08489692099828972
0.07430046100125764
0.0713334339998255
0.10079254000083893
0.07650677300262032
0.10909101200013538
0.061793286997271935
0.8145855959992332
0.07583346799947321
0.08047742600319907
0.10260864199881325
0.13064553599906503
0.07275178599957144
