0.03446626663208008
0.02473282814025879
0.02596306800842285
0.022029638290405273
0.025786876678466797
0.026482105255126953
0.02294015884399414
0.025580406188964844
0.028646230697631836
0.025875568389892578
0.029740333557128906
0.024898529052734375
0.02384161949157715
0.021895408630371094
0.025112628936767578
0.025217533111572266
0.025193452835083008
0.024147510528564453
0.024899959564208984
0.023117780685424805
0.022367238998413086
0.02556896209716797
0.02235245704650879
0.03682518005371094
0.03050518035888672
0.02800583839416504
0.029636859893798828
0.02373194694519043
0.02657032012939453
0.02567601203918457
0.025192975997924805
0.0233457088470459
0.02454376220703125
0.02275848388671875
0.027669191360473633
0.021566390991210938
0.02543473243713379
0.022730350494384766
0.02615952491760254
0.02429032325744629
0.026964426040649414
0.023191452026367188
0.03327322006225586
0.025568246841430664
0.022865772247314453
0.0242006778717041
0.02425670623779297
0.0251009464263916
0.02449202537536621
0.03371548652648926
