0.03242349624633789
0.026189804077148438
0.025229454040527344
0.02431774139404297
0.025320768356323242
0.024923324584960938
0.026246309280395508
0.026547908782958984
0.023649930953979492
0.027790546417236328
0.024556636810302734
0.02317523956298828
0.026993989944458008
0.024388551712036133
0.02358222007751465
0.023453474044799805
0.02709221839904785
0.023026466369628906
0.02447819709777832
0.022192716598510742
0.0235445499420166
0.024181604385375977
0.02186441421508789
0.024155616760253906
0.027059078216552734
0.02419900894165039
0.02394247055053711
0.024529457092285156
0.02378535270690918
0.02348923683166504
0.023708343505859375
0.02523636817932129
0.023662090301513672
0.022144794464111328
0.0240781307220459
0.024888992309570312
0.03345608711242676
0.026584863662719727
0.025210857391357422
0.027667522430419922
0.023023128509521484
0.023322343826293945
0.023461103439331055
0.02358388900756836
0.030251026153564453
0.02281928062438965
0.024276256561279297
0.022509336471557617
0.02401876449584961
0.025705337524414062
