0.30924715799847036
0.13208930700056953
0.06879566599673126
0.07127759899958619
0.07228423099877546
0.07773484700010158
0.06637409600079991
0.09822505199917941
0.10353552099695662
0.12529607600299641
0.12981060400124989
0.1119380079981056
0.08502166899779695
0.06865248400208657
0.1094828300010704
0.10793236199970124
0.09107069599849638
0.12535691799712367
0.11071340700073051
0.07373861100131762
0.6981024580018129
0.0765640040008293
0.09733481100192876
0.06505954699969152
0.11530376699738554
0.07908225400024094
0.14145545900100842
0.5814073990004545
0.08179755799937993
0.12246198999855551
0.08981515900086379
0.09412074300053064
0.14947505400050431
0.06470264199742815
0.10487436399853323
0.11170903499805718
0.08934703300110414
0.06873503099996014
0.08864309699856676
0.11648909500217997
0.6755620260009891
0.11944185100219329
0.08482251099849236
0.06888054099908913
0.10207807700135163
0.07037800100079039
0.08484918700196431
0.5063241719981306
0.08256317299674265
0.07559708099870477
