0.03008890151977539
0.022864341735839844
0.02657771110534668
0.025953054428100586
0.02341175079345703
0.026451587677001953
0.023894786834716797
0.025966882705688477
0.02612590789794922
0.025593042373657227
0.02344512939453125
0.025475740432739258
0.0270535945892334
0.0243682861328125
0.024134397506713867
0.02973771095275879
0.026326894760131836
0.026554107666015625
0.022165298461914062
0.025630950927734375
0.02319931983947754
0.026536226272583008
0.02243351936340332
0.036832332611083984
0.022127628326416016
0.02542710304260254
0.02338719367980957
0.041390419006347656
0.040680646896362305
0.02429986000061035
0.0225985050201416
0.02973318099975586
0.026645898818969727
0.026615619659423828
0.025686264038085938
0.024301767349243164
0.02444148063659668
0.026615381240844727
0.027958393096923828
0.026827573776245117
0.023803234100341797
0.02434849739074707
0.02265763282775879
0.023380756378173828
0.025452375411987305
0.026047229766845703
0.02637481689453125
0.02531266212463379
0.026928424835205078
0.02366352081298828
