0.025761842727661133
0.0022172927856445312
0.0013439655303955078
0.0022449493408203125
0.0017158985137939453
0.002843618392944336
0.002257108688354492
0.0017249584197998047
0.0019178390502929688
0.0015015602111816406
0.0016295909881591797
0.0013322830200195312
0.0014536380767822266
0.0025534629821777344
0.008992671966552734
0.002675294876098633
0.0028045177459716797
0.005085945129394531
0.0014948844909667969
0.001310110092163086
0.0012364387512207031
0.003230571746826172
0.0029816627502441406
0.002270221710205078
0.003999948501586914
0.0017991065979003906
0.0031256675720214844
0.0021409988403320312
0.002365589141845703
0.0019159317016601562
0.001535177230834961
0.002486705780029297
0.0024416446685791016
0.0042765140533447266
0.0016481876373291016
0.0015499591827392578
0.0020668506622314453
0.002410888671875
0.0022878646850585938
0.0023190975189208984
0.0018393993377685547
0.049324750900268555
0.002111196517944336
0.002390623092651367
0.0011129379272460938
0.00404810905456543
0.0025153160095214844
0.00179290771484375
0.003160238265991211
0.0055849552154541016
