0.45943232299759984
0.1076885899528861
0.019013958051800728
0.06687714112922549
0.08925896207801998
0.029386811889708042
0.016982357017695904
0.10308092413470149
0.07295688707381487
0.0439907789696008
0.20059517910704017
0.012651416938751936
0.14222574513405561
0.06897595315240324
0.11702877096831799
0.08522947784513235
0.07771795312874019
0.04002348589710891
0.08467906201258302
0.10619638301432133
0.0798429069109261
0.19578739488497376
0.15089973504655063
0.13257512892596424
0.13605780783109367
0.12538720318116248
0.17727583111263812
0.0696509680710733
0.10929758893325925
0.043267291970551014
0.01371818408370018
0.10057302308268845
0.10770780895836651
0.11059247399680316
0.09506979887373745
0.014155886834487319
0.010651784017682076
0.047771658981218934
0.04657781193964183
0.13939101295545697
0.19984084204770625
0.15554287191480398
0.01472993497736752
0.1411302739288658
0.011336459079757333
0.14877733308821917
0.11691866489127278
0.017177226953208447
0.025471792090684175
0.014014427084475756
