0.016413450241088867
0.01657557487487793
0.0034279823303222656
0.0023834705352783203
0.001976490020751953
0.0016825199127197266
0.002445220947265625
0.001680612564086914
0.002009153366088867
0.019706010818481445
0.0012812614440917969
0.002709627151489258
0.0016503334045410156
0.0017635822296142578
0.0022912025451660156
0.004945516586303711
0.004743814468383789
0.002642393112182617
0.003092050552368164
0.002816915512084961
0.002206087112426758
0.0025877952575683594
0.0027740001678466797
0.0018622875213623047
0.0028731822967529297
0.0024361610412597656
0.0014865398406982422
0.001680612564086914
0.0032243728637695312
0.0034291744232177734
0.002450227737426758
0.0026471614837646484
0.0015184879302978516
0.0020368099212646484
0.001375436782836914
0.0011844635009765625
0.002165079116821289
0.0039560794830322266
0.0016651153564453125
0.0026733875274658203
0.0015833377838134766
0.002106189727783203
0.003385305404663086
0.003147125244140625
0.0026335716247558594
0.003745555877685547
0.001775979995727539
0.0067653656005859375
0.0016145706176757812
0.0036644935607910156
