0.03852081298828125
0.00925445556640625
0.005282163619995117
0.0023849010467529297
0.001737833023071289
0.0038535594940185547
0.003662109375
0.0021827220916748047
0.002414703369140625
0.0028281211853027344
0.0023467540740966797
0.0016639232635498047
0.002649068832397461
0.0022399425506591797
0.0024230480194091797
0.0017883777618408203
0.002234220504760742
0.006941556930541992
0.0031905174255371094
0.00196075439453125
0.0017251968383789062
0.0015826225280761719
0.0030455589294433594
0.0020132064819335938
0.0013337135314941406
0.0023093223571777344
0.0013804435729980469
0.0013036727905273438
0.001550436019897461
0.002798795700073242
0.002698659896850586
0.004142284393310547
0.004923343658447266
0.002092599868774414
0.001466989517211914
0.0020318031311035156
0.001346588134765625
0.0018193721771240234
0.0023293495178222656
0.002519845962524414
0.0013537406921386719
0.0024890899658203125
0.0015003681182861328
0.002672910690307617
0.004331111907958984
0.002012491226196289
0.0015857219696044922
0.0018966197967529297
0.002249002456665039
0.0033292770385742188
