0.07203316688537598
0.006780147552490234
0.0053822994232177734
0.006258726119995117
0.004496097564697266
0.0037026405334472656
0.005919456481933594
0.0075647830963134766
0.04447126388549805
0.006307840347290039
0.004568815231323242
0.006700277328491211
0.0060079097747802734
0.01088094711303711
0.005290508270263672
0.3811910152435303
0.01262354850769043
0.006902217864990234
0.0056264400482177734
0.009122371673583984
0.012254953384399414
0.005779266357421875
0.006341695785522461
0.005591154098510742
0.01518392562866211
0.005615949630737305
0.04030895233154297
0.006036281585693359
0.029906749725341797
0.006223917007446289
0.010566473007202148
0.02276468276977539
0.0769493579864502
0.03108501434326172
0.019925355911254883
0.0062177181243896484
0.006622791290283203
0.01078033447265625
0.005476951599121094
0.004477024078369141
0.007416963577270508
0.012031793594360352
0.005396127700805664
0.004916667938232422
0.005463361740112305
0.005312204360961914
0.3663341999053955
0.0058040618896484375
0.009878158569335938
0.006094455718994141
