0.5611336980946362
0.12079794821329415
0.4561123170424253
0.45448248693719506
0.45939991623163223
0.17840840015560389
0.29528372292406857
0.31875150999985635
0.22557325894013047
0.33514010603539646
0.48546066996641457
0.3523454258684069
0.325406352058053
0.3512047720141709
0.5742348809726536
0.3199068419635296
0.5695857859682292
0.2189247680362314
0.3419167688116431
0.4153347888495773
0.5283946651034057
0.35209378018043935
0.3244043558370322
0.3609605471137911
0.24190046195872128
0.5048389961011708
0.4854844531510025
0.09239366883412004
0.385900238994509
0.34875129209831357
0.3135929638519883
0.2804669518955052
0.44794477499090135
0.4074452710337937
0.34054366196505725
0.24799138610251248
0.3274220610037446
0.44945674086920917
0.19279336696490645
0.5388432790059596
0.3073030731175095
0.22434195294044912
0.3177531079854816
0.41145177697762847
0.4652315059211105
0.22292849398218095
0.5807604407891631
0.46482653194107115
0.19404809805564582
0.28635412198491395
