0.02007417194545269
0.01091089192777872
0.014631103025749326
0.013479990186169744
0.01629008911550045
0.017521550878882408
0.0212112320587039
0.016894353087991476
0.019432550994679332
0.011154694017022848
0.02702216198667884
0.018588687060400844
0.01770487683825195
0.016748680965974927
0.015339473029598594
0.5786325479857624
0.3355821950826794
0.022153278812766075
0.014303293079137802
0.01082844496704638
0.0091700020711869
0.010442387079820037
0.4225792959332466
0.5182036340702325
0.011916882824152708
1.1937373611144722
0.016035322099924088
0.011802816996350884
0.8874730279203504
0.011524918023496866
0.23788175592198968
0.01538612600415945
0.014142778003588319
0.015450536971911788
0.017277422128245234
0.014075675047934055
0.010185013990849257
0.00910546607337892
0.01800022111274302
0.015962661942467093
0.014137163991108537
0.5602549901232123
0.017337522003799677
0.01842796104028821
0.02071247505955398
0.011987012112513185
0.010933707933872938
0.019624000880867243
0.02866600197739899
0.01642750110477209
