0.03206179407425225
0.09781978698447347
0.021788128884509206
0.01220866502262652
0.028984370874240994
0.017204310977831483
0.059682685881853104
0.09432310611009598
0.012375007150694728
0.027512919856235385
0.011659855954349041
0.02229493297636509
0.09747336897999048
0.06052112905308604
0.014611206017434597
0.05278383195400238
0.06028720806352794
0.10332473181188107
0.058649169979617
0.01405806397087872
0.013476511929184198
0.02448279899545014
0.1019623230677098
0.13409730698913336
0.07665405003353953
0.14966552588157356
0.03797769104130566
0.009884138125926256
0.031876365188509226
0.06260870699770749
0.08216750994324684
0.012510060099884868
0.08154547610320151
0.011956896865740418
0.041355939116328955
0.023070106049999595
0.03148690308444202
0.017412971006706357
0.05054866196587682
0.05923034599982202
0.013264326844364405
0.06655167602002621
0.09048450621776283
0.09792112512513995
0.06598027399741113
0.03980669402517378
0.014159210957586765
0.01949518802575767
0.01673187594860792
0.015294735785573721
