0.43995618796907365
0.018769724061712623
0.28723204997368157
0.11306788795627654
0.1879201801493764
0.38329726085066795
0.039664097828790545
0.4002508509438485
0.26054477598518133
0.272046125959605
0.09537427686154842
0.48099979013204575
0.23676191992126405
0.30748568708077073
0.2008349800016731
0.24031046289019287
0.1560334691312164
0.16177934198640287
0.2633253850508481
0.07978613907471299
0.26873352006077766
0.2649288799148053
0.2890987091232091
0.25904152798466384
0.2505221499595791
0.10603584302589297
0.18550580902956426
0.023979944875463843
0.4217603069264442
0.07237973599694669
0.16873072902671993
0.0703276980202645
0.20907684601843357
0.036664608865976334
0.3297020650934428
0.39200086100026965
0.074600073043257
0.35327452211640775
0.23719367780722678
0.23924121796153486
0.14263993222266436
0.19341246807016432
0.35326644289307296
0.2096124009694904
0.28336213808506727
0.11116292397491634
0.34513365710154176
0.16873005195520818
0.4407393019646406
0.10206935787573457
