0.21605513500981033
0.013411893043667078
0.0160690329503268
0.014609721023589373
0.019064841093495488
0.01276035001501441
0.009425075026229024
0.01135983201675117
0.011559187201783061
0.011445228941738605
0.0167749160900712
0.01797994808293879
0.012084251968190074
0.011009901063516736
0.011979632079601288
0.020562444115057588
0.049325403990224004
0.013278858968988061
0.015605177031829953
0.019454725086688995
0.011589788133278489
0.014751413837075233
0.012698919977992773
0.018069877056404948
0.018279561074450612
0.012630249839276075
0.01192936790175736
0.0128875020891428
0.018000257899984717
0.5805361140519381
0.025136548094451427
0.014394514029845595
0.012109947158023715
0.013316543074324727
0.012942821020260453
0.010919349966570735
0.018909401027485728
0.020334792090579867
0.016649682074785233
0.015342870028689504
0.015298326965421438
0.03915118798613548
0.014483136823400855
0.01588291395455599
0.038642326137050986
0.011837732046842575
0.16997750382870436
0.016402495093643665
0.019645182881504297
0.011908143991604447
