0.5416806470602751
0.0640174769796431
0.013623753096908331
0.08782401098869741
0.15599602297879755
0.20004346780478954
0.07249916484579444
0.14601231296546757
0.10321343992836773
0.08977457112632692
0.2080832589417696
0.09693218511529267
0.010788818821310997
0.03681027190759778
0.11105117504484951
0.01202533207833767
0.05940082320012152
0.019378598080947995
0.12715530907735229
0.011928713181987405
0.09377873595803976
0.02622735220938921
0.10106826201081276
0.10391614981926978
0.1709488609340042
0.1775215999223292
0.14799301512539387
0.013897873228415847
0.01486182794906199
0.016437566140666604
0.0544258551672101
0.04901156295090914
0.09933030395768583
0.012867707991972566
0.018863236997276545
0.08920931210741401
0.06639470811933279
0.11376695591025054
0.05028171115554869
0.06665954901836812
0.5939721679314971
0.14677747595123947
0.10135750193148851
0.6085103009827435
0.04306271788664162
0.036364442901685834
0.05589176691137254
0.016248428961262107
0.014088290045037866
0.45387967489659786
