0.922777984989807
0.588516287971288
0.4451266610994935
0.39062026399187744
0.24354311311617494
0.2808006720151752
0.3070465479977429
0.48981431988067925
0.3631788329221308
0.5379281269852072
0.2832537100184709
0.45749299693852663
0.3031388591043651
0.7674598088487983
0.35339989187195897
0.6740694660693407
0.25983578083105385
0.42585255997255445
0.5582884419709444
0.40713273198343813
0.3239888099487871
0.42418327694758773
0.49847552203573287
0.22521140216849744
0.5543405970092863
0.4057358708232641
0.37061037006787956
0.5363157449755818
0.18708104989491403
0.4570264939684421
0.4596830199006945
0.24616190697997808
0.35267526214011014
0.5243446100503206
0.22407589806243777
0.3314561031293124
0.2947060070000589
0.5052308249287307
0.14496200298890471
0.2203517910093069
0.30515250912867486
0.2461786458734423
0.38869247189722955
0.3004569730255753
0.3247846260201186
0.4449341958388686
0.28485907311551273
0.42995319003239274
0.3665126468986273
0.2721752340439707
