0.020577669143676758
0.007400989532470703
0.005830287933349609
0.00397038459777832
0.00831913948059082
0.006560802459716797
0.005212068557739258
0.006395101547241211
0.0059490203857421875
0.017790555953979492
0.004887104034423828
0.0059604644775390625
0.003784656524658203
0.00453495979309082
0.00410008430480957
0.008603096008300781
0.007646799087524414
0.029925823211669922
0.007475137710571289
0.012842893600463867
0.0054776668548583984
0.004585981369018555
0.0045697689056396484
0.004671335220336914
0.0075724124908447266
0.005535125732421875
0.0049228668212890625
0.012372732162475586
0.006319522857666016
0.004670858383178711
0.004752635955810547
0.00572514533996582
0.004411935806274414
0.00909423828125
0.005806922912597656
0.005525112152099609
0.007958173751831055
0.006570577621459961
0.5713977813720703
0.006257295608520508
0.0041425228118896484
0.004806995391845703
0.0064771175384521484
0.004515409469604492
0.005731821060180664
0.010205268859863281
0.00430750846862793
0.0068738460540771484
0.004298210144042969
0.003576040267944336
