1.0457018800079823
0.07031216891482472
0.17195830889977515
0.046311535872519016
0.21496776794083416
0.17807382089085877
0.23736561788246036
0.07514975313097239
0.06810578890144825
0.07977601303718984
0.11820991500280797
0.1700737690553069
0.014865477103739977
0.12405071593821049
0.02140968502499163
0.0867571618873626
0.04095958196558058
0.10100646992214024
0.15155563107691705
0.026524159824475646
0.06099923490546644
0.04161138297058642
0.8007177948020399
0.01296778698451817
0.17378036584705114
0.16109732422046363
0.14371252502314746
0.12226572702638805
0.030976681038737297
0.09387478604912758
0.013975696871057153
0.08499124180525541
0.12107087508775294
0.018335165921598673
0.10717867594212294
0.14633858809247613
0.2856994979083538
0.17215180397033691
0.13136861193925142
0.1269363989122212
0.1542434529401362
0.12065845099277794
0.10108773200772703
0.12372655095532537
0.15018362319096923
0.014034345047548413
0.020124548114836216
0.02989107510074973
0.012457275995984674
0.012137957848608494
