0.6085061868652701
0.33473804709501565
0.12799348309636116
0.14048141310922801
0.33676711306907237
0.1333386250771582
0.2796079800464213
0.26079297298565507
0.25415371800772846
0.1866543679498136
0.1442086580209434
0.2390795850660652
0.19333878601901233
0.3325379411689937
0.11415095208212733
0.2645017309114337
0.14546316000632942
0.3393235900439322
0.18049919395707548
0.24853920610621572
0.1627862360328436
0.37856736592948437
0.2356987609528005
0.3012773171067238
0.04467115900479257
0.1736824121326208
0.18334323493763804
0.11525870393961668
0.2314037240575999
0.11590716196224093
0.16707757604308426
0.14033120381645858
0.1699556210078299
0.21209381590597332
0.14356761192902923
0.2502502710558474
0.1429773010313511
0.1429154600482434
0.1612875231076032
0.30823673703707755
0.23545840894803405
0.16884979093447328
0.22201606398448348
0.2795042728539556
0.22727115103043616
0.09057612996548414
0.1534893661737442
0.07567786891013384
0.026880082907155156
0.018345411866903305
