0.41882030107080936
0.09992982214316726
0.013096465030685067
0.013146362034603953
0.015705615980550647
0.12423646706156433
0.014732189010828733
0.01317945308983326
0.0591679448261857
0.012589836958795786
0.018481175880879164
0.1094641441013664
0.01132200681604445
0.029408191796392202
0.017962371930480003
0.06115179508924484
0.014141415013000369
0.09923825995065272
0.03040040796622634
0.13096134806983173
0.013846650021150708
0.15626538405194879
0.012264888966456056
0.058819622034206986
0.038759140064939857
0.023521963972598314
0.01485139480791986
0.05016808211803436
0.06578868604265153
0.011524823028594255
0.014123026980087161
0.01610778202302754
0.02501131617464125
0.1390589310321957
0.012621416943147779
0.012930287979543209
0.07240465912036598
0.04524698085151613
0.01586669497191906
0.02615140494890511
0.015087577980011702
0.2060598060488701
0.017503193113952875
0.028064834885299206
0.028932022862136364
0.019430693006142974
0.013172888895496726
0.016852048924192786
0.012736961944028735
0.015959733864292502
