0.07889318466186523
0.006850004196166992
0.005608797073364258
0.006051301956176758
0.0047054290771484375
0.005083322525024414
0.007006168365478516
0.005520343780517578
0.006052494049072266
0.0043528079986572266
0.004555463790893555
0.007620573043823242
0.00684666633605957
0.005220651626586914
0.006543397903442383
0.00920867919921875
0.8709008693695068
0.004763126373291016
0.006334066390991211
0.536928653717041
0.007705211639404297
0.007205009460449219
0.005092620849609375
0.0055370330810546875
0.008998632431030273
0.004397392272949219
0.00529170036315918
0.005149126052856445
0.00961923599243164
0.0046613216400146484
0.005173683166503906
0.029778480529785156
0.004400014877319336
0.006337165832519531
0.5650582313537598
0.006446123123168945
0.008575916290283203
0.5690193176269531
0.0038874149322509766
0.005327701568603516
0.5944621562957764
0.004427194595336914
0.005851030349731445
0.0048444271087646484
0.004644870758056641
0.00435638427734375
0.005698204040527344
0.0050334930419921875
0.015058279037475586
0.007580757141113281
