0.4556204059626907
0.13410851382650435
0.20176823600195348
0.05763286189176142
0.03026847797445953
0.1606588950380683
0.05396509496495128
0.01609048410318792
0.03431970486417413
0.08893509092740715
0.06375247705727816
0.017802980029955506
0.15863157901912928
0.04015682195313275
0.1215814461465925
0.05102379899471998
0.07517831097356975
0.16289304196834564
0.05185261485166848
0.13763097510673106
0.0812313761562109
0.029615755891427398
0.05479072802700102
0.018879848066717386
0.016536029987037182
0.1877097198739648
0.08614013995975256
0.057625815039500594
0.07436885102652013
0.1154544351156801
0.016453332034870982
0.09840934490785003
0.08232053881511092
0.03824632684700191
0.03800480091013014
0.12899066391400993
0.05094955605454743
0.014491179026663303
0.04291512700729072
0.02243039314635098
0.9144296699669212
0.13795985304750502
0.06457230588421226
0.05276773404330015
0.13560974597930908
0.014235555892810225
0.023081603925675154
0.030700006987899542
0.09465710516087711
0.01189686101861298
