0.016925811767578125
0.0018897056579589844
0.0017385482788085938
0.001321554183959961
0.0021026134490966797
0.002774953842163086
0.0015544891357421875
0.0014617443084716797
0.010196924209594727
0.0018641948699951172
0.0013027191162109375
0.0021963119506835938
0.0015347003936767578
0.001558542251586914
0.0014483928680419922
0.0020639896392822266
0.002368450164794922
0.0020291805267333984
0.0028743743896484375
0.0014834403991699219
0.0026352405548095703
0.0028302669525146484
0.0022830963134765625
0.0014946460723876953
0.003186941146850586
0.0017046928405761719
0.0018739700317382812
0.0015225410461425781
0.0027332305908203125
0.0012743473052978516
0.0017015933990478516
0.0016131401062011719
0.003411531448364258
0.0027730464935302734
0.001928567886352539
0.003081083297729492
0.0014009475708007812
0.0025784969329833984
0.0035965442657470703
0.0031044483184814453
0.0014545917510986328
0.008958101272583008
0.0015606880187988281
0.0018916130065917969
0.0023851394653320312
0.0015361309051513672
0.0027399063110351562
0.0038590431213378906
0.0015134811401367188
0.0013587474822998047
