0.08212590217590332
0.0041656494140625
0.00757908821105957
0.004222393035888672
0.008019208908081055
0.006130695343017578
0.00903177261352539
0.0057256221771240234
0.00851583480834961
0.018851041793823242
0.004065036773681641
0.005423784255981445
0.012686014175415039
0.004945278167724609
0.00622248649597168
0.004801511764526367
0.004990577697753906
0.005859851837158203
0.0059947967529296875
0.004558563232421875
0.005791187286376953
0.005713224411010742
0.005190610885620117
0.005133867263793945
0.004686832427978516
0.004822731018066406
0.028382539749145508
0.058268070220947266
0.007943153381347656
0.005128145217895508
0.010272502899169922
0.06159806251525879
0.04746532440185547
0.004996061325073242
0.013223886489868164
0.006856679916381836
0.005750417709350586
0.004993438720703125
0.008429527282714844
0.013313055038452148
0.005409955978393555
0.004494428634643555
0.0058100223541259766
0.0066068172454833984
0.006424903869628906
0.005386829376220703
0.009116888046264648
0.007664918899536133
0.007238626480102539
0.008928298950195312
