1.7605366706848145
3.754610538482666
2.5065064430236816
3.5238699913024902
3.8178963661193848
3.678264617919922
2.3792264461517334
2.3873517513275146
3.6447594165802
4.347472190856934
3.2842838764190674
4.366824626922607
2.8337206840515137
3.0324270725250244
3.4428677558898926
2.954822301864624
3.743828773498535
2.462437868118286
3.2446916103363037
3.5679311752319336
4.112000465393066
4.371792316436768
3.8712356090545654
3.3081536293029785
4.380044937133789
3.6175951957702637
4.005075454711914
3.790330410003662
3.7648487091064453
3.9637980461120605
2.3406155109405518
2.995783805847168
3.8316683769226074
4.054074764251709
2.7755651473999023
3.618903398513794
2.7096097469329834
3.1680796146392822
3.9932594299316406
3.783945322036743
3.1829967498779297
3.2450056076049805
3.601853370666504
3.719733715057373
3.328711748123169
3.788959264755249
3.6939616203308105
4.327019214630127
3.3712968826293945
3.0413646697998047
