0.23004311206750572
0.030216515995562077
0.016067575896158814
0.05854134703986347
0.03471694211475551
0.017635783180594444
0.014082713983952999
0.017037509940564632
0.08088662405498326
0.026173201156780124
0.01739436201751232
0.012716994155198336
0.018342648167163134
0.6168707117903978
0.015673228073865175
0.015190799022093415
0.0184008851647377
0.02144111692905426
0.01487218914553523
0.013238485204055905
0.016272732987999916
0.014573737047612667
0.016173637006431818
0.014356203144416213
0.021440556040033698
0.01341709983535111
0.011617079842835665
0.07269494305364788
0.01533745601773262
0.01736437506042421
0.02080109203234315
0.012722606072202325
0.016642236849293113
0.01581092388369143
0.02670090994797647
0.016553334891796112
0.02344547095708549
0.01732869795523584
0.05309562082402408
0.05835210089571774
0.03980076499283314
0.019012176897376776
0.029300909023731947
0.04749705106951296
0.012680932879447937
0.014338928973302245
0.04918116587214172
0.01868712087161839
0.022949726087972522
0.01284377509728074
