0.2181262639351189
0.021280088927596807
0.3276402628980577
0.11308018513955176
0.2918045180849731
0.22113672294653952
0.1994537590071559
0.14706837898120284
0.28246297291480005
0.15998469502665102
0.21859587007202208
0.1605967041105032
0.28194510098546743
0.22502283402718604
0.1668991760816425
0.39180456195026636
0.2780359748285264
0.17287779599428177
0.35248450795188546
0.2695776929613203
0.35163772804662585
0.09276519692502916
0.28128850110806525
0.2699678591452539
0.38529908610507846
0.23555616103112698
0.18621878582052886
0.25465039582923055
0.32224270002916455
0.31918332003988326
0.5783691951073706
0.21906283707357943
0.06812202697619796
0.22932193102315068
0.100331821013242
0.1485393620096147
0.192197788041085
0.1344081440474838
0.2387670991010964
0.3894083509221673
0.105200313962996
0.2935040439479053
0.15652838815003633
0.020972093101590872
0.19108331413008273
0.3209549670573324
0.17695658397860825
0.17388693802058697
0.28372472897171974
0.11406461801379919
