0.3031849041581154
0.010776602197438478
0.15535365510731936
0.09586461703293025
0.19985755998641253
0.07748081884346902
0.055560127133503556
0.1052851821295917
0.07338302698917687
0.23848232789896429
0.0641328610945493
0.12848796602338552
0.11403641500510275
0.1523356691468507
0.25944512616842985
0.18732292391359806
0.13736807112582028
0.08150503900833428
0.07889125379733741
0.07010706886649132
0.012166772969067097
0.0918898528907448
0.09093232406303287
0.15696573816239834
0.19843443110585213
0.1959500729572028
0.018473227974027395
0.09871580800972879
0.14585903589613736
0.19594025309197605
0.2720084579195827
0.08133139298297465
0.11949614784680307
0.018652067985385656
0.05590216792188585
0.17695980821736157
0.03181047295220196
0.12007329892367125
0.0245326841250062
0.1552477991208434
0.10620261402800679
0.08703509694896638
0.07118841493502259
0.2581663499586284
0.045890592969954014
0.1466065680142492
0.22818225296214223
0.09358705300837755
0.17827681684866548
0.08392273401841521
