1.7438790798187256
0.23422789573669434
2.076781988143921
1.1458895206451416
2.116525411605835
2.155233860015869
1.7704620361328125
1.4702370166778564
2.1704626083374023
2.613208293914795
1.8184430599212646
2.713892936706543
1.4870660305023193
2.155817747116089
2.279749870300293
2.363417863845825
2.3575403690338135
2.355870008468628
1.9214909076690674
2.414029359817505
1.9707129001617432
1.5926909446716309
2.027618169784546
2.0067028999328613
2.1928870677948
2.3794281482696533
1.8063170909881592
1.913233995437622
2.0097761154174805
2.4022278785705566
2.5275940895080566
1.5554838180541992
1.7119390964508057
1.7308404445648193
2.314815044403076
2.159501314163208
2.325451135635376
2.569021463394165
2.0193912982940674
1.893981695175171
2.4807052612304688
1.7545907497406006
1.6394479274749756
2.623837947845459
1.862626075744629
1.904447078704834
1.7035646438598633
2.1215970516204834
1.4910385608673096
1.5142571926116943
