0.28607802791520953
0.011123937088996172
0.5921648018993437
0.03328791516833007
0.011477045947685838
0.01884695398621261
0.019960834877565503
0.018407862167805433
0.01701932097785175
0.01347679179161787
0.017518149921670556
0.015852411976084113
0.01697057788260281
0.017389878164976835
0.023304658941924572
0.05160171096213162
0.05151769891381264
0.017494610976427794
0.014224759070202708
0.01494259899482131
0.034770981175825
0.016903307987377048
0.013851943193003535
0.013073522131890059
0.023652754025533795
0.010110516101121902
0.03742489288561046
0.013207460986450315
0.02155255898833275
0.011135969078168273
0.013896782184019685
0.015374108916148543
0.018828877015039325
0.013650938170030713
0.014839727897197008
0.01153727900236845
0.016605237033218145
0.014631330035626888
0.012682544067502022
0.013912988128140569
0.010678480146452785
0.021594729041680694
0.016301901079714298
0.014637825079262257
0.01184631697833538
0.01172132114879787
0.01141907786950469
0.012350690085440874
0.012094952166080475
0.018072284990921617
