0.425016013905406
0.17103682598099113
0.1400400591082871
0.2473833782132715
0.03137659886851907
0.11014910088852048
0.024899189127609134
0.11714134202338755
0.12345785996876657
0.9004173181019723
0.04917635093443096
0.273963880026713
0.022190313087776303
0.019403178011998534
0.26579316915012896
0.12126034405082464
0.040714557049795985
0.18466609809547663
0.240067636128515
0.30675322096794844
0.17889933101832867
0.05998232611455023
0.013860173989087343
0.01090997806750238
0.12392356293275952
0.31624778313562274
0.09093157504685223
0.1490522539243102
0.11759676109068096
0.18120744707994163
0.23482110491022468
0.1648859300184995
0.2254461960401386
0.12834627297706902
0.0825494269374758
0.2647306870203465
0.22188832703977823
0.1612624628469348
0.12501123803667724
0.08162774611264467
0.08299746504053473
0.08372292411513627
0.27511509601026773
0.18732116487808526
0.08074143389239907
0.2807029371615499
0.05638660513795912
0.03660145797766745
0.09365662699565291
0.02186387707479298
