0.021781206130981445
0.0017998218536376953
0.0017337799072265625
0.001819610595703125
0.0030527114868164062
0.004009246826171875
0.002778768539428711
0.0027904510498046875
0.0014309883117675781
0.0019326210021972656
0.0014424324035644531
0.0021371841430664062
0.003415346145629883
0.0013425350189208984
0.0033423900604248047
0.0017137527465820312
0.0014901161193847656
0.0021812915802001953
0.002889871597290039
0.002058267593383789
0.0029747486114501953
0.003975391387939453
0.001795053482055664
0.0017685890197753906
0.002129793167114258
0.002927064895629883
0.005075693130493164
0.008110523223876953
0.001775503158569336
0.005589723587036133
0.003180980682373047
0.00156402587890625
0.0032296180725097656
0.0018639564514160156
0.0019383430480957031
0.0017654895782470703
0.0024280548095703125
0.0015728473663330078
0.0014600753784179688
0.001859903335571289
0.0016651153564453125
0.003110170364379883
0.001584768295288086
0.0017292499542236328
0.002785205841064453
0.001562356948852539
0.0015969276428222656
0.001605987548828125
0.0018389225006103516
0.0026099681854248047
