0.6052270070649683
0.03782525099813938
0.02368848817422986
0.11673188488930464
0.05241595418192446
0.0566337751224637
0.08852335205301642
0.0258193698246032
0.08467325009405613
0.15594337694346905
0.08697590511292219
0.013080493081361055
0.08582774200476706
0.1665221389848739
0.18057167413644493
0.07859674002975225
0.010586615884676576
0.0822819140739739
0.26279462594538927
0.09829411609098315
0.17041232693009079
0.1057571959681809
0.10469633899629116
0.25981332710944116
0.04550083912909031
0.22382263420149684
0.18659587786532938
0.2858285498805344
0.09856963902711868
0.04470474412664771
0.08448890899308026
0.17993495310656726
0.13074215198867023
0.14260792010463774
0.14275611378252506
0.02393499412573874
0.10541248181834817
0.27523775794543326
0.10583202983252704
0.2202939980197698
0.04781612893566489
0.09227651986293495
0.09811773104593158
0.08231924404390156
0.06051850784569979
0.14508618600666523
0.04333675280213356
0.022090916987508535
0.018714590929448605
0.01787215401418507
