0.021703720092773438
0.007385730743408203
0.005036592483520508
0.008324146270751953
0.006193637847900391
0.005957365036010742
0.005804777145385742
0.007417440414428711
0.007313251495361328
0.030380964279174805
0.00451350212097168
0.0036249160766601562
0.00860285758972168
0.004802227020263672
0.004957675933837891
0.004849910736083984
0.006150484085083008
0.008116006851196289
0.007145404815673828
0.003954648971557617
0.005346536636352539
0.0037021636962890625
0.0075969696044921875
0.0051517486572265625
0.0036988258361816406
0.009591817855834961
0.008350610733032227
0.007039785385131836
0.007307767868041992
0.006407737731933594
0.005034208297729492
0.007002115249633789
0.0036580562591552734
0.004613161087036133
0.004644155502319336
0.00735163688659668
0.005839109420776367
0.009213924407958984
0.006656169891357422
0.0064623355865478516
0.00860142707824707
0.0042324066162109375
0.028348922729492188
0.008401870727539062
0.009448766708374023
0.03750133514404297
0.005501747131347656
0.004330873489379883
0.004732847213745117
0.005670309066772461
