0.10177850723266602
0.0052111148834228516
0.0066416263580322266
0.01377248764038086
0.00727081298828125
0.008548498153686523
0.005804777145385742
0.005333423614501953
0.004360198974609375
0.004576444625854492
0.010255813598632812
0.008790254592895508
0.005684614181518555
0.00807332992553711
0.007561206817626953
0.007993936538696289
0.007009267807006836
0.007960081100463867
0.0065762996673583984
0.011377096176147461
0.011232137680053711
0.006336212158203125
0.2752535343170166
0.012196063995361328
0.004947662353515625
0.012450218200683594
0.00859689712524414
0.005494117736816406
0.007824182510375977
0.006351470947265625
0.013460159301757812
0.006436586380004883
0.00471949577331543
0.009210586547851562
0.007181406021118164
0.011542558670043945
0.006352424621582031
0.010227441787719727
0.11726164817810059
0.006587505340576172
0.10511946678161621
0.22688508033752441
0.004801750183105469
0.007017374038696289
0.6130151748657227
0.010390281677246094
0.006791114807128906
0.00509190559387207
0.009544610977172852
0.01538848876953125
