0.07922191102989018
0.07245191908441484
0.1674600241240114
0.048948705196380615
0.04819521401077509
0.2699946481734514
0.01787406811490655
0.12280046008527279
0.02046200493350625
0.1668098180089146
0.07881552795879543
0.022851706016808748
0.19707833090797067
0.032113495049998164
0.1214299590792507
0.1727265219669789
0.016455294098705053
0.18609571387059987
0.134372531902045
0.1768407141789794
0.05382649600505829
0.07290904619731009
0.1542293259408325
0.06574863800778985
0.2455874141305685
0.24282392603345215
0.17317895404994488
0.15911733801476657
0.07688966696150601
0.1304651030804962
0.16361046698875725
0.015655321069061756
0.0785382091999054
0.2162249139510095
0.11345071904361248
0.14843907207250595
0.09383918601088226
0.17385595594532788
0.19042742997407913
0.11557330004870892
0.18288023094646633
0.25346676097251475
0.11073152511380613
0.2928358649369329
0.27282047900371253
0.16972507699392736
0.01540245721116662
0.10550119983963668
0.04127853689715266
0.13796174596063793
