0.47886746912263334
0.13139187498018146
0.09488017298281193
0.14931877609342337
0.17551050311885774
0.05085617699660361
0.03288354515098035
0.16073447419330478
0.112628357950598
0.011133211897686124
0.0153271509334445
0.161644009873271
0.06034098309464753
0.13433991908095777
0.022740821121260524
0.08517759502865374
0.09213538304902613
0.02250442700460553
0.11983993207104504
0.03466264996677637
0.136049116961658
0.0611723440233618
0.036801969865337014
0.10108762490563095
0.1412304281257093
0.13146203313954175
0.1973205499816686
0.16083155083470047
0.14693098608404398
0.04011389589868486
0.08174514304846525
0.18733426183462143
0.03958824276924133
0.16104692593216896
0.016336996108293533
0.017322129104286432
0.1640187599696219
0.11438754200935364
0.13574485410936177
0.16947794007137418
0.1560468899551779
0.15195585717447102
0.03297054092399776
0.012544953962787986
0.11616695299744606
0.13384426408447325
0.045824595959857106
0.08416888280771673
0.011752199148759246
0.011888294015079737
