0.18694618809968233
0.017083421116694808
0.2590683288872242
0.06696376902982593
0.017962486017495394
0.023094224045053124
0.07937778299674392
0.015738124027848244
0.07462215982377529
0.05330793699249625
0.01397630199790001
0.09466315316967666
0.018597453832626343
0.07333646691404283
0.12940528080798686
0.016042679082602262
0.03684375016018748
0.10156627092510462
0.012174786068499088
0.030358128948137164
0.010410174960270524
0.04759972193278372
0.015894070034846663
0.03477811091579497
0.019028378883376718
0.11176361795514822
0.11643535480834544
0.14081655908375978
0.013230648124590516
0.024251986062154174
0.09922036388888955
0.01461734320037067
0.14807409001514316
0.012025390984490514
0.014127252157777548
0.009041656972840428
0.1263873870484531
0.055769959930330515
0.08494135597720742
0.13527262606658041
0.014422450913116336
0.09782119607552886
0.054278555093333125
0.011269019916653633
0.10864354996010661
0.018404782051220536
0.13038787594996393
0.012903215130791068
0.015496450942009687
0.01537891710177064
