0.11264409404247999
0.0133636558894068
0.012689934112131596
0.012113879900425673
0.013818569015711546
0.017668694024905562
0.012609540019184351
0.023240319918841124
0.016537644900381565
0.011077725095674396
0.02756751189008355
0.06386183598078787
0.014525873120874166
0.01127641717903316
0.04958766791969538
0.02078040805645287
0.013190981931984425
0.012322750873863697
0.020137835992500186
0.038531292928382754
0.013419334078207612
0.01343067898415029
0.038489677011966705
0.012852015905082226
0.01215005898848176
0.01610831799916923
0.01278754509985447
0.012934584869071841
0.014902300899848342
0.012556238798424602
0.01094056386500597
0.07699573994614184
0.09087740210816264
0.016091055003926158
0.010715196141973138
0.013920455938205123
0.07023991900496185
0.011119026923552155
0.016509094974026084
0.04712442308664322
0.06025352398864925
0.14985822001472116
0.031101685017347336
0.02035468490794301
0.013541937805712223
0.014401911990717053
0.03964416007511318
0.012761425925418735
0.016115297097712755
0.014645007904618979
