0.030132055282592773
0.0014765262603759766
0.0016808509826660156
0.0015387535095214844
0.003604412078857422
0.002156496047973633
0.0016374588012695312
0.0030333995819091797
0.0014348030090332031
0.001987457275390625
0.0014319419860839844
0.004087924957275391
0.0016896724700927734
0.0023164749145507812
0.0020737648010253906
0.001332998275756836
0.002819061279296875
0.002216339111328125
0.0017707347869873047
0.0032243728637695312
0.0029604434967041016
0.0014264583587646484
0.002292156219482422
0.0043277740478515625
0.002256155014038086
0.003055572509765625
0.003015279769897461
0.0017206668853759766
0.0031142234802246094
0.0030965805053710938
0.003864765167236328
0.00206756591796875
0.0026094913482666016
0.0018582344055175781
0.0018243789672851562
0.0018057823181152344
0.002131223678588867
0.0062732696533203125
0.0017957687377929688
0.002075672149658203
0.003588438034057617
0.0041544437408447266
0.0019288063049316406
0.0022437572479248047
0.002028942108154297
0.002288818359375
0.00308990478515625
0.002238035202026367
0.0017991065979003906
0.003949880599975586
