3.2135534286499023
0.10849714279174805
2.851670503616333
3.2267518043518066
2.6110053062438965
2.817559242248535
2.4324283599853516
2.8420298099517822
3.0057532787323
3.572836399078369
2.330913543701172
3.177887439727783
3.3054568767547607
3.230461359024048
2.627192258834839
2.776759624481201
2.404653549194336
2.5283055305480957
3.0438668727874756
3.2666800022125244
3.4264657497406006
3.1524269580841064
2.2803609371185303
2.865265130996704
2.801426649093628
2.655750036239624
2.5608527660369873
2.183487892150879
2.5334525108337402
2.4540505409240723
2.8014886379241943
2.7506794929504395
2.5878610610961914
3.304514169692993
2.8762505054473877
3.2375500202178955
2.3930160999298096
2.3541204929351807
2.5076754093170166
2.5559158325195312
3.128298759460449
3.3793866634368896
2.255371570587158
2.600067377090454
2.8007447719573975
2.650280714035034
2.617487668991089
2.096409320831299
2.96547794342041
2.7126638889312744
