0.020362377166748047
0.0023488998413085938
0.0018804073333740234
0.0028786659240722656
0.0018241405487060547
0.0016057491302490234
0.008973121643066406
0.002193450927734375
0.0018420219421386719
0.002962827682495117
0.00214385986328125
0.003796815872192383
0.005112648010253906
0.0022614002227783203
0.0018303394317626953
0.005486249923706055
0.0013751983642578125
0.003313302993774414
0.0019369125366210938
0.0020182132720947266
0.0020363330841064453
0.002999544143676758
0.002017974853515625
0.0013918876647949219
0.0016753673553466797
0.0020020008087158203
0.001650094985961914
0.0031425952911376953
0.0023000240325927734
0.0022869110107421875
0.002315521240234375
0.0026166439056396484
0.00151824951171875
0.0013663768768310547
0.002718210220336914
0.0021698474884033203
0.004098415374755859
0.0028972625732421875
0.0014393329620361328
0.0026912689208984375
0.002840280532836914
0.0024263858795166016
0.002176523208618164
0.00165557861328125
0.002594470977783203
0.002103567123413086
0.0031304359436035156
0.003496885299682617
0.0018260478973388672
0.0025300979614257812
