0.9472908859606832
0.408270733198151
0.4344313379842788
0.16634681401774287
0.3020086830947548
0.13512035692110658
0.37878876202739775
0.18755906005389988
0.410935427993536
0.3252852549776435
0.1966197129804641
0.2561466069892049
0.5692998729646206
0.4388311530929059
0.20090618100948632
0.3674644820857793
0.5624662041664124
0.2294010310433805
0.3272371608763933
0.30939656496047974
0.42552370694465935
0.2027681740000844
0.32964748702943325
0.34264376596547663
0.3941654150839895
0.4303034860640764
0.21353169507347047
0.30615784390829504
0.2938299651723355
0.4412614849861711
0.2679409009870142
0.31823718012310565
0.27736777905374765
0.12378785503096879
0.4535873800050467
0.12116459687240422
0.4425944979302585
0.22454374306835234
0.4674846490379423
0.3632943541742861
0.3051823030691594
0.3092786141205579
0.5657197351101786
0.08788746502250433
0.2883236510679126
0.11207743501290679
0.4698038671631366
0.3407318131066859
0.4414287069812417
0.09076190111227334
