2.1631040573120117
2.2388131618499756
1.6842293739318848
2.066786289215088
1.7287075519561768
1.6722238063812256
1.1844160556793213
2.1679141521453857
2.3798484802246094
1.5547943115234375
2.6799960136413574
2.093137741088867
1.9735982418060303
1.7695391178131104
2.5694541931152344
2.0920047760009766
2.5123839378356934
2.4163780212402344
1.3500714302062988
2.253563165664673
2.1923277378082275
2.2576351165771484
2.221081495285034
1.7697727680206299
1.984675407409668
2.5138185024261475
1.9027824401855469
1.5839645862579346
2.4599316120147705
2.3900458812713623
2.3961048126220703
2.210153341293335
1.60585618019104
2.3912765979766846
1.8755989074707031
2.005112648010254
2.2084743976593018
2.7256855964660645
1.9845249652862549
1.797424554824829
2.341303586959839
2.4756689071655273
2.1371002197265625
2.3911240100860596
2.192363739013672
2.043142795562744
1.4431943893432617
1.9413824081420898
1.6794474124908447
1.2189257144927979
