0.34115994488820434
0.015412539942190051
0.020129224052652717
0.08075208007358015
0.04326570895500481
0.052223541075363755
0.10804719314910471
0.053217437118291855
0.01506792288273573
0.011529525043442845
0.025010243989527225
0.01613786816596985
0.015271461801603436
0.03566823503933847
0.034470294136554
0.015279433922842145
0.049230941105633974
0.06550649111159146
0.025861987844109535
0.012488635955378413
0.02790392702445388
0.07342323986813426
0.011604516068473458
0.12391392420977354
0.12918166001327336
0.04337476193904877
0.014580320101231337
0.057374018942937255
0.07704006601125002
0.03128548199310899
0.015189223922789097
0.012369474861770868
0.05103663192130625
0.06328629911877215
0.02867939416319132
0.07982420711778104
0.017131996108219028
0.06278611603192985
0.03815849497914314
0.011446082033216953
0.015002287924289703
0.097222447860986
0.017540266970172524
0.02585137286223471
0.09418569505214691
0.016735974000766873
0.0918821832165122
0.01065117004327476
0.02655622293241322
0.011726689990609884
