0.8401309768669307
0.2761390970554203
0.16398836416192353
0.08991787512786686
0.19858093094080687
0.09394162986427546
0.12433671578764915
0.2043792421463877
0.2393605459947139
0.18702725204639137
0.21897998196072876
0.11044135899282992
0.15967565984465182
0.2609435929916799
0.12137987511232495
0.3420536129269749
0.09323063399642706
0.2853039389010519
0.16591133596375585
0.11516771907918155
0.1442348980344832
0.20342276594601572
0.28789075603708625
0.13591909897513688
0.21638149092905223
0.14606590592302382
0.33003986603580415
0.15777273499406874
0.10233776085078716
0.2944240418728441
0.15420149196870625
0.17349452408961952
0.17371602705679834
0.19225422688759863
0.13050908292643726
0.21537789492867887
0.09378698701038957
0.2664038490038365
0.17147123208269477
0.24416450806893408
0.28527808585204184
0.20583078800700605
0.2907055320683867
0.22433720203116536
0.2319224968086928
0.25108463503420353
0.10114397294819355
0.17840570607222617
0.25363987986929715
0.13424425502307713
