0.0704031940549612
0.011398013914003968
0.012595226988196373
0.01706964080221951
0.012372955912724137
0.015421986114233732
0.014975619968026876
0.01126178284175694
0.01320935320109129
0.014113801065832376
0.01585321594029665
0.015954741975292563
0.013080745935440063
0.017953698057681322
0.022103605791926384
0.01010066200979054
0.013645755825564265
0.015214804094284773
0.018893339904025197
0.012365242000669241
0.018686708994209766
0.01046018092893064
0.013577043078839779
0.012565818149596453
0.012560662114992738
0.05120594799518585
0.016766234999522567
0.012632141821086407
0.017752474872395396
0.018030406907200813
0.01240658899769187
0.015479555819183588
0.018943530973047018
0.01356590399518609
0.014166589826345444
0.014636612962931395
0.012358937179669738
0.0137345299590379
0.01346560101956129
0.012084488989785314
0.013236143160611391
0.01685993606224656
0.010671027936041355
0.012955314014106989
0.014052693033590913
0.015567600028589368
0.015246585011482239
0.012413050048053265
0.014659427106380463
0.019527022959664464
