0.03244900703430176
0.0018510818481445312
0.007027149200439453
0.0032758712768554688
0.0014812946319580078
0.003429412841796875
0.00147247314453125
0.002835512161254883
0.002015352249145508
0.0015714168548583984
0.0033063888549804688
0.0024445056915283203
0.003499269485473633
0.0041790008544921875
0.0018553733825683594
0.0025370121002197266
0.0023064613342285156
0.0031337738037109375
0.0015070438385009766
0.0018324851989746094
0.0016627311706542969
0.0019524097442626953
0.0031533241271972656
0.0019545555114746094
0.0018069744110107422
0.0018765926361083984
0.0031871795654296875
0.0020368099212646484
0.0024573802947998047
0.0028870105743408203
0.001735687255859375
0.0029795169830322266
0.0016720294952392578
0.002055644989013672
0.0013971328735351562
0.0028448104858398438
0.003831624984741211
0.0017266273498535156
0.002435445785522461
0.0019528865814208984
0.002068758010864258
0.0023822784423828125
0.0016012191772460938
0.0029006004333496094
0.0038933753967285156
0.001811981201171875
0.006211519241333008
0.0016582012176513672
0.0015406608581542969
0.002103090286254883
