0.360923825064674
0.038264174945652485
0.01516570383682847
0.01761875580996275
0.3862205990590155
0.015448980033397675
0.07280818489380181
0.011300640879198909
0.019538254011422396
0.014217574847862124
0.013795975828543305
0.0136596760712564
0.09596311300992966
0.018082384951412678
0.04567134310491383
0.05845958297140896
0.056485754903405905
0.039606053149327636
0.14926774986088276
0.053915332071483135
0.012330374913290143
0.01514166104607284
0.052594371140003204
0.026205740869045258
0.013242596993222833
0.1161269610747695
0.0321232290007174
0.014638295862823725
0.05135317915119231
0.039539330871775746
0.03463548491708934
0.01191719900816679
0.010977829108014703
0.012173680122941732
0.010982156032696366
0.34011057997122407
0.01599804009310901
0.04735133796930313
0.013938187155872583
0.0832209070213139
0.043585802894085646
0.012760186102241278
0.014344007009640336
0.015267167007550597
0.03187960502691567
0.06894749100320041
0.013841482112184167
0.013032017974182963
0.012509332969784737
0.010093934834003448
