0.931572437286377
0.7051503658294678
0.1659865379333496
0.1943647861480713
0.16562223434448242
0.16902875900268555
0.16851186752319336
0.17183852195739746
0.16645026206970215
0.17077350616455078
0.1652688980102539
0.1660919189453125
0.1664423942565918
0.16391730308532715
0.16858339309692383
0.16647934913635254
0.16653871536254883
0.171461820602417
0.16487693786621094
0.16570496559143066
0.16575241088867188
0.4510805606842041
0.16816043853759766
0.31061363220214844
0.16740655899047852
0.16966557502746582
0.16591835021972656
0.16683149337768555
0.16522431373596191
0.1658616065979004
0.1687784194946289
0.16623473167419434
0.17069697380065918
0.16871428489685059
0.17046117782592773
0.1678469181060791
0.16676115989685059
0.166609525680542
0.16649770736694336
0.16608977317810059
0.17680835723876953
0.16797351837158203
0.1656801700592041
0.17236065864562988
0.1766347885131836
0.16582965850830078
0.17267489433288574
0.1690225601196289
0.16872644424438477
0.1663219928741455
