0.30274319648742676
0.3561289310455322
0.18702936172485352
0.22533321380615234
0.16423535346984863
0.1699216365814209
0.16876912117004395
0.16743803024291992
0.16691064834594727
0.16434240341186523
0.18717265129089355
0.1655445098876953
0.1654515266418457
0.1680159568786621
0.17210793495178223
0.17031335830688477
0.16518235206604004
0.16366004943847656
0.16733098030090332
0.17023897171020508
0.16948413848876953
0.16432785987854004
0.19387316703796387
0.16567063331604004
0.1665802001953125
0.18220925331115723
0.17069697380065918
0.17237520217895508
0.16420817375183105
0.17403674125671387
0.1662454605102539
0.16474008560180664
0.16745400428771973
0.17416596412658691
0.16496682167053223
0.16538500785827637
0.17087912559509277
0.1692049503326416
0.16779541969299316
0.16530728340148926
0.1671895980834961
0.16548371315002441
0.16921591758728027
0.16785740852355957
0.19647431373596191
0.16607379913330078
0.21552729606628418
0.16765499114990234
0.16839075088500977
0.16939258575439453
