0.28478089603595436
0.18346015689894557
0.19669477106072009
0.17907340195961297
0.18017266411334276
1.0977526511996984
0.194635626161471
0.17746705515310168
0.17865537106990814
0.19813565909862518
0.18548161420039833
0.18205734505318105
0.1761141491588205
0.2248830059543252
0.17256925906985998
0.1885060309432447
0.18033487210050225
0.18030858505517244
0.17644216399639845
0.17856142297387123
0.24689814308658242
0.37938480102457106
0.1738254581578076
0.17856022296473384
0.17658140300773084
0.21118932496756315
0.17797906300984323
0.1901613539084792
0.17639807588420808
0.1718342760577798
0.18042680295184255
0.4860887958202511
0.1797132189385593
0.17662861593998969
0.18312877509742975
0.18046613386832178
0.18356697703711689
0.21260849689133465
0.17160392389632761
0.18799966806545854
0.1751413920428604
0.17337756580673158
0.1807410770561546
0.1725138241890818
0.1716178150381893
0.2240364160388708
0.1732408730313182
0.20467252004891634
0.1845322570297867
0.17286868812516332
