3.3286306858062744
3.218630075454712
1.51949143409729
2.282008171081543
2.825862169265747
3.313354969024658
2.9353764057159424
2.4061532020568848
2.3850481510162354
2.8897218704223633
2.7625317573547363
3.0155956745147705
3.4389383792877197
2.804596424102783
2.633889675140381
2.175861358642578
2.3268818855285645
3.527540683746338
3.131147623062134
2.491344451904297
1.958784818649292
2.9132959842681885
2.5478341579437256
2.8148274421691895
2.8345606327056885
2.914557695388794
2.804436683654785
3.399009943008423
1.7067503929138184
3.441807270050049
2.2725839614868164
2.8847742080688477
3.073765277862549
2.5651450157165527
2.6131725311279297
2.9809112548828125
2.714123487472534
2.866015672683716
2.9300787448883057
2.203075647354126
2.8801889419555664
2.926884174346924
3.2848639488220215
2.783364772796631
3.013824939727783
2.376768112182617
2.5087993144989014
1.9998323917388916
3.33644700050354
1.998506784439087
