0.17462635040283203
0.16249632835388184
0.16560721397399902
0.16607260704040527
0.16406846046447754
0.1675570011138916
0.16231894493103027
0.1649017333984375
0.16630029678344727
0.16159844398498535
0.16202020645141602
0.16200780868530273
0.16176962852478027
0.16236376762390137
0.16357064247131348
0.16562914848327637
0.16199994087219238
0.16245579719543457
0.16169238090515137
0.1617882251739502
0.16504859924316406
0.16179251670837402
0.16242170333862305
0.16270112991333008
0.16241216659545898
0.16374945640563965
0.16335344314575195
0.1638777256011963
0.16337347030639648
0.16501235961914062
0.16471171379089355
0.16472196578979492
0.1627969741821289
0.16283607482910156
0.1619875431060791
0.16347527503967285
0.16182541847229004
0.1632230281829834
0.16178369522094727
0.16338777542114258
0.16292119026184082
0.16270208358764648
0.16496968269348145
0.16136384010314941
0.1623830795288086
0.16393542289733887
0.1668074131011963
0.16291117668151855
0.16391420364379883
0.16256070137023926
