0.32250451296567917
0.18246493209153414
0.17847040388733149
0.173076624982059
0.17272365698590875
0.1824418269097805
0.17247097683139145
0.17250967700965703
0.17358406097628176
0.17630812991410494
0.1726495490875095
0.17810296593233943
0.17557386495172977
0.17445643991231918
0.17835330893285573
0.5693497958127409
0.18876831885427237
0.17778165498748422
0.18256294587627053
0.17723227385431528
0.1783320140093565
0.17478549689985812
0.17847882909700274
0.17796064796857536
0.18014203198254108
0.17614878294989467
0.18911134195514023
0.6155176078900695
0.1933659070637077
0.1737598250620067
0.17440298292785883
0.18061127909459174
0.17331169196404517
0.1983983980026096
0.17360839690081775
0.6427473381627351
0.21967197698540986
0.2017935300245881
0.17289308994077146
0.2143523960839957
0.17980930814519525
0.18286145897582173
0.17720109084621072
0.21706808707676828
0.18221125402487814
0.17900969018228352
0.1800197521224618
0.2125279309693724
0.1813069609925151
0.18330286303535104
