0.43916919897310436
0.17802330199629068
0.1786455730907619
0.6933085420168936
0.18126206891611218
0.1748995038215071
0.17423019115813076
0.17856839299201965
0.17161271604709327
0.17655348405241966
0.17844922584481537
0.1815835451707244
0.18089937302283943
0.17359666898846626
0.17575054103508592
0.17629745812155306
0.17979179695248604
0.17413518903777003
0.17327458411455154
0.17551100114360452
0.1733662139158696
0.18574178800918162
0.17543184710666537
0.1765741219278425
0.17896168399602175
0.17708523804321885
0.17411055299453437
0.1721408769953996
0.17254348006099463
0.17525563994422555
0.1731743689160794
0.17311278101988137
0.18181312596425414
0.1828719258774072
0.17781861685216427
0.17490404704585671
0.17335260682739317
0.17126670596189797
0.19312678510323167
0.17933008703403175
0.18590843910351396
0.17379462998360395
0.1741407501976937
0.27725596888922155
0.17290569911710918
0.1815074400510639
0.1860943699721247
0.1792465401813388
0.18071856605820358
0.1766823399811983
