0.5511279460042715
0.23472573794424534
0.26530455495230854
0.18726804899051785
0.29132597404532135
0.21113350498490036
0.2963429039809853
0.2834089561365545
0.17368107801303267
0.18439823715016246
0.22256112983450294
0.19798130611889064
0.3148804649244994
0.17473997198976576
0.21405484504066408
0.2406664239242673
0.18775228410959244
0.20849436498247087
0.17663569399155676
0.1792636278551072
0.19610163802281022
0.2118019729387015
0.1771863428875804
0.22635148605331779
0.19977077399380505
0.1796006520744413
0.17546124011278152
0.23581197578459978
0.25132681895047426
0.26917179906740785
0.23892263183370233
0.22612674999982119
0.24835017905570567
0.19118438381701708
0.28980488888919353
0.20783526892773807
0.2651349911466241
0.2673642309382558
0.2155054968316108
0.37044807709753513
0.1858519329689443
0.2117851199582219
0.1883920980617404
0.17564154299907386
0.27238079300150275
0.20594375696964562
0.24359118496067822
0.17685369914397597
0.20937198889441788
0.17775979405269027
