0.34840273205190897
0.1818304869811982
0.1776402920950204
0.1840604378376156
0.3009684619028121
0.17565666185691953
0.17717316909693182
0.1724744050297886
0.1929659671150148
0.17718825489282608
0.17536615394055843
0.17801675712689757
0.1774265798740089
0.18593314802274108
0.17710265796631575
0.17621177178807557
0.17778459494002163
0.17408612091094255
0.17161268601194024
0.1720181789714843
0.18265168997459114
0.18265141313895583
0.1806260901503265
0.17880112305283546
0.1783790069166571
0.18675234587863088
0.1725123981013894
0.18132594996131957
0.18162797787226737
0.1812948149163276
0.20712929405272007
0.18285627500154078
0.17348991194739938
0.18091340409591794
0.18276229687035084
0.17477733991108835
0.21262865886092186
0.18128555081784725
0.17661413410678506
0.1789073538966477
0.17334285588003695
0.1698529478162527
0.170404541073367
0.17634509992785752
0.1754605770111084
0.17913320497609675
0.1807755301706493
0.18986511090770364
0.17573242215439677
0.17069580289535224
