0.23331332206726074
0.5589704513549805
0.17333316802978516
0.20572924613952637
0.16510820388793945
0.17097902297973633
0.16502857208251953
0.16486477851867676
0.16605496406555176
0.16838574409484863
0.16756010055541992
0.16523218154907227
0.16621947288513184
0.1656959056854248
0.1662590503692627
0.17584562301635742
0.1689770221710205
0.16582894325256348
0.1664438247680664
0.16722965240478516
0.16721129417419434
0.16891169548034668
0.17020440101623535
0.6394262313842773
0.16612648963928223
0.1660463809967041
0.1668987274169922
0.165771484375
0.16595053672790527
0.16733479499816895
0.16503262519836426
0.16686582565307617
0.16518807411193848
0.17096543312072754
0.16597890853881836
0.16511201858520508
0.1696779727935791
0.1708061695098877
0.1648101806640625
0.1653120517730713
0.1657249927520752
0.1720569133758545
0.1644432544708252
0.17441010475158691
0.16763091087341309
0.16755342483520508
0.16850042343139648
0.16577959060668945
0.16905879974365234
0.1706538200378418
