0.18376421928405762
0.17480778694152832
0.16243910789489746
0.16400694847106934
0.1628260612487793
0.16235899925231934
0.16198372840881348
0.16501235961914062
0.17107105255126953
0.1682729721069336
0.16241788864135742
0.16539764404296875
0.162733793258667
0.1645510196685791
0.1619861125946045
0.1627206802368164
0.1617732048034668
0.16210103034973145
0.16306757926940918
0.16253900527954102
0.16299200057983398
0.16276073455810547
0.1615455150604248
0.16280913352966309
0.16648459434509277
0.16857028007507324
0.16657781600952148
0.1659853458404541
0.16654348373413086
0.16700959205627441
0.16169309616088867
0.1633162498474121
0.1629619598388672
0.16123247146606445
0.16512179374694824
0.1656041145324707
0.1672976016998291
0.16631817817687988
0.16384077072143555
0.1640918254852295
0.1621546745300293
0.16579532623291016
0.16409969329833984
0.16273117065429688
0.1624164581298828
0.16298818588256836
0.1621687412261963
0.1628873348236084
0.16360807418823242
0.16264772415161133
