0.21744728088378906
0.16565656661987305
0.7296037673950195
0.16505908966064453
0.16603350639343262
0.1772613525390625
0.1842799186706543
0.16548776626586914
0.1646883487701416
0.16878294944763184
0.1676008701324463
0.16550922393798828
0.16559052467346191
0.17559123039245605
0.4920222759246826
0.16707491874694824
1.5612027645111084
0.1661374568939209
0.16718459129333496
0.16570472717285156
0.16498732566833496
0.17385387420654297
0.17520356178283691
0.16515159606933594
0.1696312427520752
0.1695573329925537
0.16683268547058105
0.16743731498718262
0.16674256324768066
0.16601777076721191
0.1685347557067871
0.1655426025390625
0.1649491786956787
0.16633248329162598
0.16935014724731445
0.16664361953735352
0.16812729835510254
0.16568684577941895
0.1678147315979004
0.17161154747009277
0.16560721397399902
0.17037391662597656
0.16628575325012207
0.1711740493774414
0.16475939750671387
0.16896772384643555
0.16975927352905273
0.16500091552734375
0.16831064224243164
0.1678147315979004
