0.29030596604570746
0.17854631412774324
0.18145530601032078
0.1757203780580312
0.20033780205994844
0.17289337795227766
0.1960753609891981
0.23999901697970927
0.18143324297852814
0.17645137407816947
0.1827661490533501
0.17069759988225996
0.6331840199418366
0.20137385884299874
0.17628999007865787
0.18568136310204864
0.17648614989593625
0.1815120899118483
0.18264018488116562
0.19649034086614847
0.17584922397509217
0.17461867607198656
0.17411323194392025
0.17372455587610602
0.17817287682555616
0.1746731260791421
0.17280713422223926
0.1805570770520717
0.17518803989514709
0.18232431099750102
0.17880546092055738
0.181644091848284
0.1799989240244031
0.2000320521183312
0.762284548021853
0.18584951991215348
0.49199499911628664
0.22473715106025338
0.17743081995286047
0.18078715517185628
0.18238198198378086
0.1738953059539199
0.1819175558630377
0.20078615518286824
0.19119782815687358
0.17873694607988
0.17530715791508555
0.1726857798639685
0.17867589206434786
0.17635377286933362
