0.18559789657592773
0.18041300773620605
0.1719832420349121
0.17226815223693848
0.16608810424804688
0.16833281517028809
0.16896510124206543
0.16533303260803223
0.17161178588867188
0.16993212699890137
0.1657111644744873
0.17158985137939453
0.17061161994934082
0.1650862693786621
0.16778945922851562
0.16550779342651367
0.1713712215423584
0.16794490814208984
0.1656181812286377
0.1676621437072754
0.1708059310913086
0.1664423942565918
0.1654045581817627
0.1675095558166504
0.17055106163024902
0.16557931900024414
0.16643476486206055
0.7503585815429688
0.16631221771240234
0.1650550365447998
0.16704273223876953
0.1660785675048828
0.1657850742340088
0.17104053497314453
0.1653146743774414
0.16805529594421387
0.16628479957580566
0.16650676727294922
0.16579580307006836
0.17321276664733887
0.16564679145812988
0.172410249710083
0.17068219184875488
0.16787195205688477
0.16433238983154297
0.16829514503479004
0.16876435279846191
0.16636872291564941
0.16862797737121582
0.167618989944458
