0.18872904777526855
0.16987895965576172
0.1695544719696045
0.17319488525390625
0.17177844047546387
0.169419527053833
0.16659092903137207
0.16631317138671875
0.17088842391967773
0.1659395694732666
1.0119636058807373
0.16966772079467773
0.16760492324829102
0.16691279411315918
0.16597652435302734
0.1655597686767578
0.17690467834472656
0.16714239120483398
0.1660459041595459
1.5897767543792725
0.16594719886779785
0.1669788360595703
0.16939139366149902
0.17142176628112793
0.69354248046875
0.17475581169128418
0.16796374320983887
0.17296242713928223
0.16823887825012207
0.16508245468139648
0.16692614555358887
0.16671466827392578
0.1722404956817627
0.1687150001525879
0.16701960563659668
0.17179179191589355
0.16747593879699707
0.16484379768371582
0.1705763339996338
0.1671295166015625
0.3428659439086914
0.16884827613830566
0.16633129119873047
1.373842716217041
0.17060637474060059
0.17344188690185547
0.4681055545806885
0.17638635635375977
0.3715934753417969
0.16511988639831543
