5.834368705749512
0.3344297409057617
0.7765669822692871
0.34579968452453613
0.20275568962097168
0.5524730682373047
0.3426237106323242
0.25940370559692383
0.2292633056640625
0.30605053901672363
0.37899255752563477
0.2588224411010742
0.20035934448242188
0.353304386138916
0.4507615566253662
0.37979626655578613
0.4235036373138428
0.3383471965789795
0.253800630569458
0.47251129150390625
0.3808102607727051
0.29932570457458496
0.7213280200958252
0.4814882278442383
0.6143829822540283
0.4197533130645752
0.2999413013458252
0.22124290466308594
0.23445796966552734
0.28099584579467773
0.20147061347961426
0.37034177780151367
0.19728565216064453
0.3610696792602539
0.42704010009765625
0.2078230381011963
0.8068926334381104
0.5343983173370361
0.6356031894683838
0.2018122673034668
0.2406175136566162
0.1952521800994873
0.3577260971069336
0.21907949447631836
0.3200051784515381
0.24423456192016602
0.2760508060455322
0.39730215072631836
0.24587130546569824
0.5584344863891602
