1.6713953018188477
0.3366532325744629
1.1872987747192383
1.23689866065979
0.6977748870849609
1.196516990661621
0.6869626045227051
0.839461088180542
1.5228352546691895
0.5517120361328125
1.2109801769256592
1.0799989700317383
0.9748516082763672
0.9006876945495605
1.1582279205322266
1.1190814971923828
1.0427029132843018
0.7560515403747559
0.9629831314086914
1.3523695468902588
1.1493148803710938
1.2581877708435059
0.5226242542266846
0.9316446781158447
0.6241278648376465
1.0152955055236816
0.9530801773071289
1.416461706161499
1.0242836475372314
0.9583473205566406
1.0873100757598877
0.6579844951629639
0.7032809257507324
1.2665152549743652
1.0645837783813477
0.7003369331359863
0.9563348293304443
0.9146544933319092
0.5605275630950928
0.9622678756713867
1.1380443572998047
0.7616438865661621
1.2714574337005615
0.5496971607208252
1.0759963989257812
1.037585735321045
0.2214827537536621
1.1587083339691162
0.7775149345397949
0.7618184089660645
