0.4603243409655988
0.26514720101840794
0.23281754506751895
0.18788439803756773
0.26879955595359206
0.18348466092720628
0.17806464084424078
0.17908169701695442
0.17465532897040248
0.2051806680392474
0.17804125393740833
0.1787340969312936
0.1757462879177183
0.31779064680449665
0.21103280200622976
0.24878199608065188
0.5660048311110586
0.17250782414339483
0.18284054193645716
0.17262976593337953
0.29073242098093033
0.2523891010787338
0.9750082320533693
0.2619551478419453
0.2606777499895543
0.19289540802128613
0.17575024696998298
0.23191357706673443
0.19117873487994075
0.1761207280214876
0.248637709999457
0.1790658561512828
0.19016659096814692
0.24081809492781758
0.17846428393386304
0.19232104602269828
0.17984314518980682
0.17492716410197318
1.1404644190333784
0.5252797037828714
1.7795635780785233
1.4667464441154152
0.2926612989977002
0.29095908999443054
0.20844679209403694
0.2546265081036836
0.9009859450161457
0.17521753115579486
0.17569555807858706
0.1713002200704068
