0.5362611410673708
0.3364393380470574
0.19581120111979544
0.20850324421189725
0.2835755350533873
0.17351940204389393
0.18051649606786668
0.19741460005752742
0.18429147196002305
0.24334632186219096
0.25230253394693136
0.251044062897563
0.1777277090586722
0.23628910793922842
0.204044071957469
0.9875548309646547
0.25641097594052553
0.17570982407778502
0.2926681931130588
0.2527457941323519
0.1818514179904014
0.8818441058974713
0.1761339600197971
0.1771435618866235
0.19184405216947198
0.26914083608426154
0.21415134193375707
0.22732249298132956
0.22559109493158758
0.22127736592665315
0.2054899821523577
0.1734358170069754
0.2393385199829936
0.31595180183649063
0.30972257093526423
0.19957597716711462
0.17956833611242473
0.814602673985064
0.6887014990206808
1.7118078239727765
1.3944704630412161
0.17886358010582626
0.26600063196383417
0.1797499288804829
0.3333081959281117
1.117096594069153
0.19528154004365206
0.17421029298566282
0.1754386778920889
0.20253732008859515
