0.4847772300709039
0.2043861518613994
0.31946592894382775
0.21114831510931253
0.2370498941745609
0.25274043693207204
0.2392171600367874
0.18982709688134491
0.283769803121686
0.30795476702041924
0.2650902031455189
0.21068943501450121
0.25839142710901797
0.3728991348762065
0.22937508998438716
0.30480134091340005
0.22980621689930558
0.3782643300946802
0.17587484908290207
0.3353442898951471
0.22440188378095627
0.18692810484208167
0.24908782495185733
0.259235278936103
0.26464403909631073
0.1726058020722121
0.22822560812346637
0.3257133709266782
0.3041373121086508
0.41763446293771267
0.2607425791211426
0.18801078293472528
0.17939852480776608
0.31209663208574057
0.2664257020223886
0.22045209188945591
0.25384737411513925
0.2112293830141425
0.27900209790095687
0.3569645290262997
0.3237505480647087
0.2429979599546641
0.19409234216436744
0.273747495142743
0.22809372399933636
0.24618075811304152
0.2541592950001359
0.21619124710559845
0.22312244190834463
0.17248696205206215
