0.16432547569274902
0.16578149795532227
0.16260862350463867
0.16216278076171875
0.16599154472351074
0.16702866554260254
0.1621689796447754
0.16237306594848633
0.16434168815612793
0.16560912132263184
0.16766142845153809
0.16307306289672852
0.16229009628295898
0.16290640830993652
0.16434431076049805
0.1618337631225586
0.16260170936584473
0.16579699516296387
0.1634817123413086
0.1649632453918457
0.16581034660339355
0.1620495319366455
0.16509413719177246
0.16356468200683594
0.16373634338378906
0.1623392105102539
0.16344022750854492
0.16431760787963867
0.16191840171813965
0.16198277473449707
0.16304516792297363
0.16263318061828613
0.16393804550170898
0.16584134101867676
0.16241073608398438
0.16336846351623535
0.16493582725524902
0.16286063194274902
0.16301226615905762
0.16175413131713867
0.16645479202270508
0.16466951370239258
0.16373157501220703
0.16500449180603027
0.16928529739379883
0.1629171371459961
0.16570281982421875
0.16331148147583008
0.1619558334350586
0.16347575187683105
