0.6333881560713053
0.43386807409115136
0.2752629660535604
0.2625512080267072
0.1881221211515367
0.23311377712525427
0.2898619070183486
0.29206356313079596
0.3238145268987864
0.4354599779471755
0.319122581044212
0.32521186396479607
0.34192988905124366
0.2799606639891863
0.3818818188738078
0.33628813992254436
0.3375649410299957
0.3257655168417841
0.2977280269842595
0.4008659890387207
0.36130058811977506
0.2911232518963516
0.32246142183430493
0.25350638781674206
0.19378929305821657
0.5273960290942341
0.2404393411707133
0.39575475989840925
0.35527472593821585
0.36103940289467573
0.45013872999697924
0.33307217503897846
0.23548079514876008
0.28914454695768654
0.42944290419109166
0.2523452590685338
0.28038543788716197
0.24179594800807536
0.2555799169931561
0.248419180046767
0.39976747799664736
0.3496822020970285
0.3648023458663374
0.3599170818924904
0.2944284740369767
0.34554663905873895
0.39991657994687557
0.2310389180202037
0.28930867509916425
0.3026012920308858
