0.39150744187645614
0.17462983285076916
0.2787245649378747
0.18951046117581427
0.26943023107014596
0.17299510701559484
0.2626052349805832
0.20269121997989714
0.3343055360019207
0.20683012017980218
0.20546294399537146
0.211335880914703
0.3522263979539275
0.21404674090445042
0.18674878915771842
0.23616855591535568
0.22825438692234457
0.18073122389614582
0.2658734689466655
0.4427499808371067
0.20933638792485
0.1723665799945593
0.1745916879735887
0.19212255510501564
0.2619061078876257
0.24532648199237883
0.1851165359839797
0.2894860580563545
0.26717576291412115
0.35603206302039325
0.19595195818692446
0.2015332740265876
0.1984928019810468
0.18306322884745896
0.17544518318027258
0.22295516915619373
0.1831051930785179
0.3487989930436015
0.17753679305315018
0.5077828420326114
0.2653083400800824
0.3580483980476856
0.5869083621073514
0.24598431284539402
0.8317629310768098
0.22273575118742883
0.964952282840386
0.1824316990096122
0.775873496895656
0.1753717151004821
