0.2278156280517578
0.1719667911529541
0.16758489608764648
0.17012381553649902
0.18533587455749512
0.16946792602539062
0.17078447341918945
0.16546249389648438
0.18438720703125
0.1669754981994629
0.16952919960021973
0.16921496391296387
0.16544198989868164
0.16787457466125488
0.1646716594696045
0.16650080680847168
0.1701035499572754
0.29546546936035156
0.2122974395751953
0.16671419143676758
0.16634082794189453
0.16559219360351562
0.9636092185974121
0.16979193687438965
0.16959047317504883
0.16828155517578125
0.1743619441986084
0.1672229766845703
0.17035675048828125
0.16874051094055176
0.17462372779846191
0.16939210891723633
0.1666426658630371
0.16734933853149414
0.1674060821533203
0.16906332969665527
0.1654508113861084
0.16799402236938477
0.17349815368652344
0.17189931869506836
0.16620182991027832
0.1756727695465088
0.16805315017700195
0.1941826343536377
1.5744850635528564
0.16797208786010742
0.16815757751464844
0.16542911529541016
0.16576123237609863
0.1685638427734375
