4.143325567245483
1.008598804473877
2.7938201427459717
3.7388107776641846
3.8806819915771484
3.2531161308288574
3.270306348800659
3.240649938583374
3.8319714069366455
2.8290655612945557
3.363068103790283
3.5871806144714355
3.6403825283050537
3.652757167816162
3.373509645462036
4.364907741546631
3.0605580806732178
3.7043063640594482
3.4868216514587402
3.3887417316436768
3.6787497997283936
3.2977182865142822
3.957784414291382
2.5567376613616943
3.324524164199829
3.9115169048309326
3.3243603706359863
3.508488416671753
3.050123453140259
3.6263341903686523
3.0254502296447754
2.8376359939575195
4.0267157554626465
2.96579909324646
3.3910646438598633
3.914634943008423
4.014673948287964
4.069415330886841
3.458472967147827
4.176441431045532
3.1700093746185303
3.8636093139648438
3.772981643676758
3.034517526626587
3.2220685482025146
3.5149378776550293
3.1498165130615234
3.027240037918091
2.783048391342163
0.8651490211486816
