0.24004364013671875
0.26366662979125977
0.16852164268493652
0.17015647888183594
0.1678462028503418
0.17780113220214844
0.1719043254852295
0.16933536529541016
0.16861510276794434
0.16538596153259277
0.17955541610717773
0.16986680030822754
0.16540884971618652
0.16477084159851074
0.17185211181640625
0.16869139671325684
0.1643691062927246
0.16887283325195312
0.16682720184326172
0.16655588150024414
0.16854596138000488
0.16748619079589844
0.17040205001831055
0.2193458080291748
0.16703033447265625
0.16462206840515137
0.16488170623779297
0.1651153564453125
0.16612029075622559
0.1703195571899414
0.16879582405090332
0.16547179222106934
0.16559052467346191
0.16562604904174805
0.1658153533935547
0.16547560691833496
0.17180705070495605
0.16818976402282715
0.17209720611572266
0.1652545928955078
0.16504335403442383
0.16869568824768066
0.16553020477294922
0.16883468627929688
0.1754453182220459
0.16858792304992676
0.17105627059936523
0.1694939136505127
0.16898894309997559
0.1677391529083252
