2.7230064868927
2.504337787628174
2.046091318130493
2.3705461025238037
2.1608502864837646
1.513840675354004
2.1519768238067627
2.164707660675049
2.0518617630004883
1.1123666763305664
2.1298413276672363
1.490720272064209
2.0103588104248047
2.338554620742798
1.826704502105713
1.8790464401245117
2.4838497638702393
1.949535846710205
1.7159550189971924
2.44097638130188
1.857123613357544
1.537318229675293
2.326584577560425
1.7145016193389893
2.1336896419525146
2.267437696456909
1.554168939590454
1.8878977298736572
1.8992323875427246
1.8352665901184082
2.317366123199463
2.113562822341919
1.7766141891479492
2.061913251876831
1.964616060256958
1.9103548526763916
2.023933172225952
1.7901208400726318
1.6951913833618164
1.5203683376312256
2.0748801231384277
2.081650972366333
2.105170965194702
1.768808364868164
1.539935827255249
2.3697352409362793
1.8222639560699463
1.0699141025543213
0.9839460849761963
0.20868754386901855
