0.5903290389105678
0.17266670102253556
0.20661046518944204
0.17934385384432971
0.20599866495467722
0.2197693670168519
0.3293596049770713
0.17192372912541032
0.23918461496941745
0.18374596093781292
0.21230786689557135
0.22130149183794856
0.2111358130350709
0.22566300514154136
0.25697662797756493
0.1740640129428357
0.17641315096989274
0.231818453874439
0.2105945060029626
0.4791438339743763
0.19589729397557676
0.231285504065454
0.17557506798766553
0.225497537991032
0.31598212802782655
0.217197319958359
0.388991042971611
0.17545084981247783
0.17714155395515263
0.21107563213445246
0.229345444124192
0.22972874389961362
0.22050964506343007
0.18026044708676636
0.19786203792318702
0.23231826396659017
0.25001304200850427
0.2669482850469649
0.24997956189326942
0.1751694839913398
0.30427401908673346
0.17950059822760522
0.18486816808581352
0.21695757494308054
0.7714531479869038
1.8352661810349673
0.1777319919783622
0.779161887941882
0.1732194060459733
0.24717457010410726
