0.30339108989574015
0.17271479591727257
0.1857188381254673
0.17214005207642913
0.17582613695412874
0.1827051229774952
0.19404047401621938
0.17799195810221136
0.2956973190885037
0.1789679320063442
0.1746286409907043
0.1804132340475917
0.17137973196804523
0.17575202602893114
0.17843655892647803
0.43898382293991745
0.17811171803623438
0.18101997999474406
0.17391427513211966
0.17309552594088018
0.7029817928560078
0.18130065500736237
0.1892858559731394
0.17632924998179078
0.1895178679842502
0.17558375000953674
0.17317344597540796
0.17730025108903646
0.17565726093016565
0.17118375794962049
0.17336875898763537
0.1800615950487554
0.18225878197699785
0.17658366379328072
0.17367176804691553
0.17675500898621976
0.17908471799455583
0.17567094881087542
0.1726421220228076
0.17742712213657796
0.1776137889828533
0.17813513288274407
0.1748155967798084
0.18525919900275767
0.18487073108553886
0.17130473419092596
0.1845513239968568
0.18065350106917322
0.1725938010495156
0.17675464693456888
