0.6283417488448322
0.3197234079707414
0.2083810269832611
0.23012232990004122
0.2686591281089932
0.2059669077862054
0.31094599794596434
0.2926888419315219
0.299268817063421
0.6748522750567645
0.30152513389475644
0.30776178697124124
0.2817431699950248
0.2816624869592488
0.3132228290196508
0.29706269316375256
0.2296304889023304
0.20713411504402757
0.22105533513240516
0.23978341394104064
0.4166425990406424
0.26917008799500763
0.18370089889504015
0.2888887959998101
0.2734051360748708
0.5474937360268086
0.2702200619969517
0.27473112917505205
0.36308733094483614
0.8634435900021344
0.2099401610903442
0.3940072359982878
0.23416275391355157
0.74863479915075
2.0376338900532573
2.2475593120325357
0.8572218050248921
0.19118117494508624
3.31880202004686
0.27558834105730057
0.2422150201164186
0.23680433398112655
0.3068772901315242
0.20096327387727797
0.3437682590447366
0.928125309990719
0.1934153321199119
0.17378488997928798
0.1787856889422983
0.1767731981817633
