0.1657254695892334
0.16666054725646973
0.16463303565979004
0.1623690128326416
0.16414213180541992
0.16193652153015137
0.16121983528137207
0.16261911392211914
0.16486644744873047
0.16620326042175293
0.16483116149902344
0.161759614944458
0.16187357902526855
0.16193652153015137
0.1635293960571289
0.16427946090698242
0.16295385360717773
0.16323637962341309
0.16171932220458984
0.16374731063842773
0.1624922752380371
0.16478371620178223
0.1631786823272705
0.16481280326843262
0.16346359252929688
0.16244053840637207
0.1627030372619629
0.16208863258361816
0.1648552417755127
0.16167402267456055
0.16622614860534668
0.16421937942504883
0.1626133918762207
0.1623692512512207
0.1617722511291504
0.16233372688293457
0.1638786792755127
0.1619560718536377
0.16354966163635254
0.1631152629852295
0.16451644897460938
0.1629190444946289
0.16335773468017578
0.16296768188476562
0.16576218605041504
0.16251325607299805
0.16497397422790527
0.16201519966125488
0.1621232032775879
0.16345620155334473
