0.7564406818710268
0.21548875817097723
0.1861044899560511
0.17850552196614444
0.1706823140848428
0.19488887395709753
0.1942231571301818
0.25661141192540526
0.233817629981786
0.20452430308796465
0.17283504689112306
0.2941654580645263
0.17230069288052619
0.21167765511199832
0.1812970330938697
0.2234744809102267
0.18204431794583797
0.23077420704066753
0.19665318308398128
0.17395818303339183
0.17843069601804018
0.20871249097399414
0.24184939498081803
0.26340621593408287
0.17240216792561114
0.17837175400927663
1.1144136590883136
0.20117276720702648
0.19451531395316124
0.22732797102071345
0.20953395101241767
0.1748632420785725
0.1847291358280927
0.21881711389869452
0.18695758283138275
0.29882374219596386
0.17394230817444623
2.332979290978983
0.5126149239949882
0.17478250293061137
0.22064030286855996
0.17597838095389307
0.21238680486567318
0.17324611614458263
0.17562011699192226
0.22940608393400908
0.18117201421409845
0.20325166080147028
0.17567881615832448
0.2148189910221845
