0.6923845601268113
0.18829590012319386
0.17861072812229395
0.2481185388751328
0.20486610080115497
0.20248437486588955
0.17697876994498074
0.18140930403023958
0.2245376578066498
0.19558845297433436
0.18434564606286585
0.23653553100302815
0.17343140300363302
0.18246876494958997
0.16930901305750012
0.17374699306674302
0.1770735930185765
0.22753078187815845
0.18433320801705122
0.2233464161399752
0.1736365258693695
0.3955287910066545
0.18358720908872783
0.19137909193523228
0.24544917000457644
0.2400503649841994
0.18682207516394556
0.19326326018199325
0.267213290091604
0.2334004540462047
0.21992329903878272
0.18550866679288447
0.19503289693966508
0.19407160999253392
0.174089714884758
0.17218377301469445
0.1773297949694097
0.2184278869535774
0.25901854899711907
0.17133057094179094
0.17362629994750023
0.9244975748006254
0.18305961694568396
0.20481799286790192
0.17936445702798665
0.21223845100030303
0.18061774387024343
0.18794136098586023
0.18273785198107362
0.1775704761967063
