0.27100347401574254
1.1012490820139647
0.1779110690113157
0.17832346796058118
0.1745786510873586
0.18326021498069167
0.18287434405647218
0.17739866790361702
0.18330553895793855
0.17433162103407085
0.19187930086627603
0.1745791109278798
0.17793901404365897
0.17292646784335375
0.18662333604879677
0.17263055290095508
0.18095637601800263
0.176374692004174
0.17561890510842204
0.17616132088005543
0.17541338899172843
0.18499755603261292
0.2101879899855703
0.17313864501193166
0.17227912181988358
0.17677886690944433
0.18295649415813386
0.17124816006980836
0.17689436487853527
0.1739333849400282
0.18164551607333124
0.17981209489516914
0.1823564749211073
0.17585580493323505
0.1793224010616541
0.17790421494282782
0.18024559901095927
0.17351162107661366
0.1709084459580481
0.17667867615818977
0.18156662001274526
0.17549069598317146
0.17559905303642154
0.18421919201500714
0.1853222909849137
0.18179728905670345
0.17510025203227997
0.17800617590546608
0.17825137521140277
0.1771687138825655
