3.1260738372802734
1.9970643520355225
1.2513079643249512
2.339332342147827
1.7779531478881836
2.2841296195983887
2.1992368698120117
1.9880626201629639
2.012151002883911
2.637636661529541
2.128725290298462
2.3688719272613525
1.8201477527618408
1.953955888748169
2.8052663803100586
2.218432664871216
2.4402565956115723
1.6977219581604004
2.017185688018799
2.643202543258667
2.7685701847076416
2.0567920207977295
1.382021427154541
2.4002585411071777
2.582197904586792
3.1170406341552734
2.6402268409729004
1.566023349761963
1.8506019115447998
2.4395644664764404
2.4158241748809814
1.6324844360351562
2.183823823928833
2.334003210067749
3.001659631729126
1.9883813858032227
1.94215989112854
2.3117799758911133
2.2186594009399414
2.652179002761841
2.2339634895324707
2.239351987838745
1.9222161769866943
1.967106580734253
1.640995740890503
2.1943986415863037
2.3510193824768066
2.2062151432037354
2.1825428009033203
2.202744245529175
