0.1768631935119629
0.1694636344909668
0.161452054977417
0.16229677200317383
0.16740989685058594
0.16481757164001465
0.16263031959533691
0.17032074928283691
0.16712450981140137
0.1636660099029541
0.16829347610473633
0.16617679595947266
0.16633200645446777
0.1636183261871338
0.1621103286743164
0.16180849075317383
0.16411447525024414
0.16436100006103516
0.1667156219482422
0.16281533241271973
0.1632530689239502
0.1634054183959961
0.16263675689697266
0.1617114543914795
0.16365647315979004
0.16733074188232422
0.1634819507598877
0.17187237739562988
0.1628413200378418
0.1625053882598877
0.1644446849822998
0.162139892578125
0.1615452766418457
0.16199612617492676
0.16173481941223145
0.16327381134033203
0.16556000709533691
0.16184568405151367
0.16540789604187012
0.17050862312316895
0.16340279579162598
0.16400790214538574
0.16269302368164062
0.16254377365112305
0.16356897354125977
0.16517090797424316
0.1619729995727539
0.16258788108825684
0.1643519401550293
0.16636157035827637
