0.18442845344543457
0.1702892780303955
0.20068669319152832
0.16682696342468262
0.16829895973205566
0.17022705078125
0.16672563552856445
0.16991496086120605
0.17026352882385254
0.16531968116760254
0.16721248626708984
0.16641855239868164
0.16696596145629883
0.1656816005706787
0.16840720176696777
0.1679537296295166
0.17256402969360352
0.16805124282836914
0.1682119369506836
0.16771340370178223
0.1661224365234375
0.16941523551940918
0.1681380271911621
0.1655716896057129
0.16583561897277832
0.16546964645385742
0.1663346290588379
0.1714475154876709
0.16512441635131836
0.16679787635803223
0.1672053337097168
0.16509580612182617
0.16721773147583008
0.1713094711303711
0.1721358299255371
0.16530394554138184
0.16730308532714844
0.16610193252563477
0.16548776626586914
0.16496849060058594
0.1646568775177002
0.167999267578125
0.16608691215515137
0.16541171073913574
0.16540241241455078
0.17119145393371582
0.20900630950927734
0.1654679775238037
0.17003107070922852
0.18655085563659668
