0.5022731150966138
0.23993339110165834
0.217521240003407
0.28117939992807806
0.20794149604626
0.2554480219259858
0.25081027718260884
0.17809038702398539
0.17816530098207295
0.24110103491693735
0.1795462069567293
0.17639714595861733
0.23285498400218785
0.24121997295878828
0.23769509396515787
0.192416459787637
0.2216762520838529
0.20848409505560994
0.23818453890271485
0.1893481258302927
0.25937229208648205
0.18382421717979014
0.2096524960361421
0.1755674770101905
0.18186842207796872
0.23486324795521796
0.21652788878418505
0.2512755279894918
0.18964504799805582
0.2249371581710875
0.20533365081064403
0.22242577211000025
0.24926311802119017
0.3199556169565767
0.2284012008458376
0.17805679398588836
0.17551731714047492
0.21081452700309455
0.24763008207082748
0.18084368691779673
0.26092490181326866
0.2964374260045588
0.2583629658911377
0.18014113698154688
0.2795575389172882
0.19982959306798875
0.25903018517419696
0.249049129197374
0.24104995490051806
0.17152663809247315
