0.17769598960876465
0.16216421127319336
0.16193938255310059
0.16296696662902832
0.1619243621826172
0.16368913650512695
0.16431355476379395
0.1629467010498047
0.16297149658203125
0.16312599182128906
0.16240143775939941
0.1635112762451172
0.16270208358764648
0.1647498607635498
0.16372275352478027
0.16304993629455566
0.16414499282836914
0.16646790504455566
0.1620502471923828
0.16211509704589844
0.16558122634887695
0.16749024391174316
0.1622905731201172
0.1634960174560547
0.16327357292175293
0.16178631782531738
0.16259312629699707
0.16341829299926758
0.16236329078674316
0.16823601722717285
0.16536855697631836
0.1625964641571045
0.16304397583007812
0.1662766933441162
0.16199731826782227
0.16332340240478516
0.1630387306213379
0.16347551345825195
0.16179823875427246
0.1643667221069336
0.16222882270812988
0.16189789772033691
0.1643688678741455
0.16477537155151367
0.16653990745544434
0.16489410400390625
0.16274094581604004
0.16243696212768555
0.16393542289733887
0.16335368156433105
