2.863799571990967
3.0206143856048584
2.231154203414917
2.4025657176971436
2.7286877632141113
2.8971855640411377
3.220428705215454
2.2085399627685547
2.647998571395874
2.923356771469116
3.010577917098999
1.740041732788086
3.42767596244812
3.467195510864258
3.4377012252807617
2.939546823501587
2.972343683242798
2.7227652072906494
2.028705596923828
3.1112115383148193
1.8529052734375
2.8504979610443115
2.1335196495056152
2.5158512592315674
3.393049716949463
2.7417736053466797
3.0803122520446777
3.1290857791900635
3.4004342555999756
2.2382402420043945
2.8867034912109375
2.862226724624634
2.9180991649627686
2.467846393585205
2.689514398574829
3.6107468605041504
3.1682276725769043
3.0174195766448975
1.7248444557189941
3.288994312286377
3.2630999088287354
2.663217067718506
3.116312026977539
2.2331905364990234
3.3845314979553223
2.1249029636383057
2.4614901542663574
2.1200592517852783
3.2946088314056396
2.0102875232696533
