2.7816319465637207
2.3413279056549072
2.315932512283325
2.5825202465057373
2.798180341720581
2.686046600341797
2.486708402633667
2.3137905597686768
3.159463882446289
2.9800963401794434
2.839224100112915
2.6640758514404297
3.0730385780334473
2.978550434112549
3.051816463470459
2.399470329284668
2.4910573959350586
2.793647050857544
3.7232799530029297
3.4825847148895264
2.344640016555786
1.8182413578033447
2.310692310333252
2.9247584342956543
3.5381999015808105
3.43656587600708
1.797286033630371
2.698904275894165
3.2339537143707275
2.3574087619781494
2.4916181564331055
3.3026533126831055
2.1527256965637207
2.7553470134735107
2.780740976333618
2.2057201862335205
2.6534342765808105
3.2342922687530518
2.252145767211914
2.719689130783081
2.847597360610962
3.4858319759368896
3.5337564945220947
2.9789254665374756
2.671438217163086
2.412731885910034
2.4230711460113525
2.9220921993255615
2.1954288482666016
0.5615854263305664
