1.465717833954841
0.2976753159891814
0.45917998207733035
0.2465458530932665
0.46456034085713327
1.0782665910664946
0.2643689760006964
0.18732883618213236
0.2230285929981619
0.5493235599715263
0.26948463497683406
0.23906488111242652
0.17540437798015773
0.31061060004867613
0.32234646496362984
0.2283153380267322
0.31393651897087693
0.26388870482333004
0.264503913000226
0.17659770394675434
0.2171835529152304
0.8686145329847932
0.17861053091473877
0.25981303909793496
0.2618479151278734
0.28545614099130034
0.3924268900882453
0.25423704204149544
0.32281764899380505
0.292629819130525
0.1730021859984845
0.24110986688174307
0.3152279579080641
0.345940524013713
1.2025475320406258
0.23252013698220253
0.2359563868958503
0.5996921749319881
0.26567492983303964
0.31071299500763416
0.25846336199902
0.1806020620279014
0.28609473700635135
0.31449787016026676
0.5526826709974557
0.25131576508283615
0.1744341659359634
0.17600874905474484
0.17937551299110055
0.18352531408891082
