0.23867846420034766
0.18863847409375012
0.1961188989225775
0.17395576485432684
0.17713188915513456
0.1772540390957147
0.1823787079192698
0.17845006380230188
0.17995622381567955
0.18206789391115308
0.17694887006655335
0.17716309800744057
0.17224031616933644
0.1782999220304191
0.17757425992749631
0.17921629501506686
0.17944139102473855
0.17794831283390522
0.17261332203634083
0.1768014191184193
0.18256165785714984
0.17290760297328234
0.18137623206712306
0.1767538960557431
0.1728342049755156
0.17218189500272274
0.17339187301695347
0.17699337401427329
0.17948143603280187
0.1861895949114114
0.17532000388018787
0.17554531898349524
0.5911483608651906
0.1848613079637289
0.17689836397767067
0.18062596605159342
0.2052253419533372
0.1739539848640561
0.17732334695756435
0.1778265959583223
0.17757229995913804
0.17442898103035986
0.1734652069862932
0.1727262339554727
0.17370456410571933
0.1774094479624182
0.17165054008364677
0.18059275182895362
0.1804389921016991
0.18442566692829132
