0.2040233612060547
0.16724753379821777
0.16263628005981445
0.16171646118164062
0.16287946701049805
0.1629958152770996
0.16413021087646484
0.16411590576171875
0.16313886642456055
0.1641089916229248
0.16222858428955078
0.163848876953125
0.16166925430297852
0.1620783805847168
0.16224169731140137
0.1623365879058838
0.16233134269714355
0.16186285018920898
0.1705622673034668
0.1628563404083252
0.16249656677246094
0.16377568244934082
0.16384029388427734
0.16269445419311523
0.16412878036499023
0.16174888610839844
0.16191411018371582
0.16302919387817383
0.16609764099121094
0.16415834426879883
0.16429662704467773
0.16480612754821777
0.1627500057220459
0.16414785385131836
0.17648983001708984
0.16207361221313477
0.16321229934692383
0.16318559646606445
0.1632065773010254
0.16329026222229004
0.16239666938781738
0.1618328094482422
0.16608762741088867
0.16294026374816895
0.16322803497314453
0.16230201721191406
0.16704654693603516
0.1625654697418213
0.166642427444458
0.16270804405212402
