0.8340468239039183
0.17647206503897905
0.20776671799831092
0.17933768196962774
0.3418613630346954
0.2450702500063926
0.22230449202470481
0.19324241788126528
0.25915783387608826
0.17274675401858985
0.20878077810630202
0.1743045849725604
0.19996704999357462
0.1746260658837855
0.19135186402127147
0.18205535993911326
0.18723994493484497
0.24629614991135895
0.182892156066373
0.22836673096753657
0.21329863602295518
0.17896281089633703
0.1847125270869583
0.22090891003608704
0.17974703921936452
0.21590399905107915
0.1825594650581479
0.18533397396095097
0.26251240400597453
0.1749911040533334
0.24994529993273318
0.20508530596271157
0.20749834179878235
0.1924598019104451
0.23679227801039815
0.2254766949918121
0.17358529404737055
0.2942427641246468
0.18016450898721814
0.17838177597150207
0.45489449286833405
0.17720460798591375
0.18132546311244369
0.22205751785077155
0.25456867297179997
0.2501262070145458
0.23834090400487185
0.17902488401159644
0.1783813030924648
0.17921607103198767
