1.521517038345337
0.42913031578063965
2.4800984859466553
1.2808787822723389
1.3557934761047363
1.7696094512939453
2.0002191066741943
1.5212733745574951
2.0110180377960205
2.5173869132995605
2.2062113285064697
1.9743170738220215
1.2030913829803467
2.030668258666992
2.5519027709960938
1.432706356048584
1.712587833404541
1.7855806350708008
1.5622060298919678
1.951204776763916
1.5230638980865479
2.3542535305023193
1.7944886684417725
1.6001296043395996
2.256225109100342
2.149667739868164
2.0051486492156982
2.0296456813812256
1.6596167087554932
1.9057769775390625
2.3344357013702393
1.4686110019683838
1.86826491355896
2.0889244079589844
2.3637382984161377
1.626464605331421
1.7965092658996582
1.7153334617614746
1.9347450733184814
1.8892481327056885
1.9149501323699951
1.7323908805847168
1.8582980632781982
2.284937858581543
2.119358777999878
2.472656011581421
1.967318058013916
2.0776138305664062
1.8024177551269531
1.7698554992675781
