3.979649782180786
3.6711766719818115
2.1277658939361572
3.69913911819458
3.3626978397369385
3.612522602081299
3.6769869327545166
3.0281147956848145
3.2100820541381836
3.4486045837402344
3.146092653274536
3.3392114639282227
3.1260263919830322
3.7131543159484863
3.1913931369781494
3.222050189971924
3.7099201679229736
3.867729425430298
4.165116786956787
3.427319049835205
3.302201509475708
2.607253074645996
3.2352395057678223
2.9934868812561035
2.879513740539551
3.027531623840332
3.927943229675293
3.013461112976074
3.618104934692383
2.6938021183013916
4.219649791717529
3.187420606613159
3.074188232421875
3.4569036960601807
2.9363534450531006
2.99111270904541
3.111851692199707
3.488389730453491
3.0792338848114014
3.3309285640716553
3.0196633338928223
3.8901634216308594
4.375045299530029
2.8671183586120605
3.890421152114868
4.0723795890808105
4.177740812301636
3.4183669090270996
3.0243823528289795
2.9525511264801025
