0.3744629949796945
0.17366519290953875
0.18953030090779066
0.17738093505613506
0.17627095407806337
0.7124773720279336
0.17956558195874095
0.17570135882124305
0.22318516205996275
0.21834027208387852
0.1749126990325749
0.2127489650156349
0.17603267799131572
0.1759047608356923
0.17316990601830184
0.17525724484585226
0.17723524803295732
0.45361036993563175
0.2014136230573058
0.17934689112007618
0.17884073103778064
0.17643215809948742
0.5595183400437236
0.1747809809166938
0.31620428105816245
0.17689667595550418
0.17504932498559356
0.1735125849954784
0.17501181503757834
0.17525541502982378
0.1781017950270325
0.1731135929003358
0.18341346899978817
0.18381068296730518
0.1746461868751794
0.18546454794704914
0.17568125599063933
0.18236842891201377
0.17108030314557254
0.23173822206445038
0.1737472601234913
0.18046068213880062
0.2400987921282649
0.21460431208834052
0.1744140130467713
0.17100797803141177
0.1741115008480847
0.17531882412731647
0.18087136605754495
0.178017487982288
