0.2259383201599121
0.17065072059631348
0.1654047966003418
0.16685986518859863
0.1667156219482422
0.1667778491973877
0.1675560474395752
0.16475272178649902
0.1694018840789795
0.1654655933380127
0.16937828063964844
0.16524648666381836
0.16702818870544434
0.16511797904968262
0.16660428047180176
0.16670012474060059
0.16652846336364746
0.16861438751220703
0.17528653144836426
0.16437172889709473
0.1673276424407959
0.16537976264953613
0.17154479026794434
0.4264647960662842
0.16576266288757324
0.16811800003051758
0.16547632217407227
0.17308735847473145
0.16698622703552246
0.4978353977203369
0.16556954383850098
0.16652274131774902
0.1794147491455078
0.17140412330627441
0.1722733974456787
0.16649818420410156
0.16556096076965332
0.1648845672607422
0.17018508911132812
0.17486190795898438
0.16844439506530762
0.16476011276245117
0.17170000076293945
0.1664285659790039
0.16609954833984375
0.16709089279174805
0.16547465324401855
0.171921968460083
0.1683669090270996
0.16469812393188477
