1.8484747409820557
0.7686848640441895
0.876410722732544
1.0581188201904297
1.3006150722503662
1.5611028671264648
1.1667098999023438
0.9539098739624023
0.73233962059021
1.080547571182251
1.587357759475708
1.9773683547973633
1.4966623783111572
1.377305030822754
1.0412471294403076
1.1879377365112305
1.0220868587493896
1.2045109272003174
1.5736415386199951
1.940596580505371
1.6471521854400635
0.8537671566009521
1.3530302047729492
0.852766752243042
1.5197882652282715
1.4192068576812744
1.5205955505371094
0.40862441062927246
1.7970926761627197
1.1591753959655762
2.389950752258301
1.5488803386688232
0.801220178604126
1.3126039505004883
1.5376689434051514
1.32865309715271
1.4544661045074463
0.888357400894165
1.2982847690582275
1.4048395156860352
1.0217947959899902
1.7950470447540283
1.6655495166778564
2.701470136642456
1.4653053283691406
0.8771748542785645
1.5003113746643066
1.1282413005828857
0.7978456020355225
1.5257775783538818
