4.018781900405884
3.99078369140625
3.427492141723633
2.4007174968719482
2.671731472015381
3.5942609310150146
2.905890464782715
3.0643091201782227
2.9673585891723633
3.2681379318237305
3.8740580081939697
3.3151907920837402
3.9083809852600098
3.0238308906555176
2.9285495281219482
3.7124898433685303
3.137239456176758
3.5478532314300537
3.308454751968384
3.806257724761963
3.5902981758117676
3.757294178009033
2.970580816268921
2.9228477478027344
4.081875562667847
3.3936822414398193
3.45251727104187
3.4527461528778076
3.0651791095733643
3.525329351425171
3.3074119091033936
3.31182599067688
3.341552257537842
2.9537734985351562
3.1506242752075195
3.2351415157318115
3.85656476020813
3.798746347427368
3.879241704940796
3.0891780853271484
3.1743099689483643
4.785033941268921
3.2356820106506348
2.5967519283294678
3.5093469619750977
3.7576446533203125
3.6193759441375732
3.7881433963775635
2.769472599029541
1.9665656089782715
