3.362311363220215
2.493405342102051
2.2155072689056396
2.236600160598755
2.7657065391540527
2.6069321632385254
2.1136746406555176
2.1600584983825684
1.9975557327270508
2.067962884902954
2.2860352993011475
2.097438335418701
2.1478075981140137
1.9773643016815186
2.240834951400757
1.9366586208343506
2.6236722469329834
2.468590497970581
2.1386008262634277
1.8138439655303955
1.8020224571228027
2.3344602584838867
2.1298861503601074
2.056302785873413
1.819594144821167
2.69307279586792
1.9619626998901367
2.4510321617126465
2.4288249015808105
2.425915241241455
2.532689332962036
1.7491955757141113
2.6924402713775635
2.358255624771118
2.653649091720581
2.2091212272644043
2.867748260498047
2.5899734497070312
2.254102945327759
1.7160239219665527
2.495274543762207
2.4599862098693848
2.5409414768218994
2.5186102390289307
2.5936014652252197
1.361567497253418
2.280416250228882
1.5821049213409424
0.4858994483947754
0.20543932914733887
