3.456167221069336
2.079468011856079
2.419874429702759
2.343404531478882
2.1118907928466797
1.9399833679199219
2.0470211505889893
2.395002841949463
1.9674417972564697
2.501228094100952
1.7299270629882812
2.2314720153808594
2.018781900405884
1.9047279357910156
2.049431800842285
2.414634943008423
1.613602876663208
2.3738279342651367
2.453158378601074
2.0319790840148926
2.7581281661987305
2.5116519927978516
2.2365081310272217
1.5896060466766357
2.2479488849639893
2.5884742736816406
1.8176217079162598
1.6019067764282227
2.7384653091430664
1.8721847534179688
2.0313003063201904
2.003988265991211
2.665174961090088
1.8596737384796143
2.2556607723236084
2.086331367492676
1.6490168571472168
2.5046589374542236
2.209474802017212
2.208122730255127
2.52004075050354
2.528489589691162
2.0593714714050293
1.845674753189087
2.0270628929138184
1.894144058227539
2.084923505783081
2.7160210609436035
2.190561056137085
1.9294686317443848
