1.0004649120382965
0.2263325050007552
0.3103755731135607
0.49095624685287476
0.2727426919154823
0.7612404010724276
0.18060134490951896
0.8831814958248287
0.256610858021304
0.2924451441504061
0.2491495560389012
0.1832711009774357
0.41908393800258636
0.3175633358769119
0.42902765795588493
0.29825721494853497
0.25948518398217857
0.2864269621204585
0.30365146696567535
0.17482954310253263
0.1787212179042399
0.2631072229705751
0.30430444004014134
0.26824371609836817
0.34020628104917705
0.19336605491116643
0.2836495761293918
0.18122270703315735
0.299313407856971
0.1875526551157236
0.29931527585722506
0.17202289984561503
0.28011418506503105
0.27056546811945736
0.34652929310686886
0.18262585811316967
0.2666107581462711
0.19927728991024196
0.7770048449747264
0.18186482600867748
0.1780090390238911
0.5714938889723271
0.2522915799636394
0.18298981408588588
0.28234665002673864
0.18222995195537806
0.2715374929830432
0.3091376048978418
0.2856950119603425
0.3061247989535332
