0.34617973607964814
0.0966339900624007
0.07034570001997054
0.21115052816458046
0.20653563807718456
0.06656436808407307
0.08683321601711214
0.055742898024618626
0.08677731500938535
0.1358189219608903
0.0693898368626833
0.13613458815962076
0.10942052700556815
0.05853937193751335
0.08766870107501745
0.07415989995934069
0.06211414793506265
0.08917932794429362
0.059593454003334045
0.2204265759792179
0.058763627894222736
0.11984426807612181
0.0594269260764122
0.10992316505871713
2.173695825971663
0.1097994688898325
0.05892048613168299
0.19062733394093812
0.05786480102688074
0.12896229000762105
0.05442690593190491
0.17694003810174763
0.0572382970713079
0.059802741976454854
0.11012434517033398
0.059170431923121214
0.09986567497253418
0.12627632217481732
0.12672329600900412
0.05302743799984455
0.05533147417008877
0.10598155693151057
0.10595131479203701
0.05437747808173299
0.05375891807489097
0.07604263699613512
0.06012867297977209
0.0585101000033319
0.11344666499644518
0.07898274785839021
