2.0986452102661133
0.8298351764678955
2.8430910110473633
2.800880193710327
2.0941061973571777
2.0879175662994385
2.275388240814209
2.1096510887145996
1.9215965270996094
2.871798276901245
2.3160128593444824
2.457667827606201
2.053914785385132
2.2266852855682373
3.131781816482544
2.3257839679718018
2.629812717437744
2.75066876411438
2.552663564682007
2.2435214519500732
2.304197311401367
2.4944205284118652
2.6128413677215576
3.008639335632324
1.8827111721038818
1.929837703704834
2.532849073410034
2.4982850551605225
2.7038979530334473
2.4795024394989014
2.3670716285705566
2.3260185718536377
2.3472654819488525
2.6766998767852783
2.9156620502471924
2.5274131298065186
2.5363738536834717
2.2192165851593018
2.609510660171509
2.285212993621826
2.193682909011841
2.9345712661743164
2.780033588409424
3.0131430625915527
2.3457140922546387
2.1177852153778076
2.016883611679077
1.9082369804382324
1.5690088272094727
0.32285118103027344
