0.06052255630493164
0.041974782943725586
0.0418858528137207
0.0421137809753418
0.04196500778198242
0.0419163703918457
0.04307866096496582
0.04450631141662598
0.04263615608215332
0.04198336601257324
0.043061256408691406
0.04252314567565918
0.04422760009765625
0.050836801528930664
0.047919511795043945
0.044046640396118164
0.04199099540710449
0.04543447494506836
0.04186820983886719
0.04304242134094238
0.04278397560119629
0.044663190841674805
0.04387497901916504
0.0434422492980957
0.04216170310974121
0.04220271110534668
0.04216265678405762
0.04288506507873535
0.041669607162475586
0.04279589653015137
0.0428774356842041
0.0471951961517334
0.04412579536437988
0.04284334182739258
0.04323387145996094
0.0418238639831543
0.05219435691833496
0.04349255561828613
0.04431653022766113
0.04317307472229004
0.042908430099487305
0.050443410873413086
0.04247021675109863
0.0504298210144043
0.043509721755981445
0.042233943939208984
0.04381084442138672
0.04477643966674805
0.04375457763671875
0.07846856117248535
