4.572860240936279
3.6131157875061035
2.9140777587890625
2.3327691555023193
2.6901652812957764
3.5518081188201904
3.7707910537719727
3.8176021575927734
4.29362940788269
4.4809064865112305
3.6171092987060547
4.166802406311035
3.1815919876098633
3.3166158199310303
3.382521152496338
3.0842583179473877
3.3000452518463135
4.376801252365112
3.878741979598999
2.684953451156616
3.372612714767456
3.3073649406433105
2.7997701168060303
3.2854907512664795
3.6348776817321777
4.557533025741577
3.961932420730591
4.458407878875732
3.8896400928497314
3.784116744995117
3.114841938018799
3.277343273162842
3.6667842864990234
3.156846761703491
3.8341848850250244
4.3647143840789795
4.096553087234497
4.215116262435913
3.200721263885498
3.7880516052246094
2.719597578048706
3.646125078201294
3.833552122116089
3.328930139541626
3.9911370277404785
4.009785413742065
3.784367561340332
3.3580162525177
3.055182456970215
2.3759915828704834
