1.1512088775634766
0.450528621673584
0.07811760902404785
0.49196529388427734
0.20160484313964844
0.07868814468383789
0.07506108283996582
0.3564784526824951
0.32227277755737305
0.12857341766357422
0.20326471328735352
0.3378572463989258
0.36721110343933105
0.14238524436950684
0.2049398422241211
0.7095320224761963
0.1078188419342041
0.1927814483642578
0.21849989891052246
0.40845370292663574
0.13332390785217285
0.247819185256958
0.47397685050964355
0.2576286792755127
0.27384161949157715
0.09383296966552734
0.5369589328765869
0.46722841262817383
0.4510457515716553
0.5457968711853027
0.2994370460510254
0.30892372131347656
0.080596923828125
0.1808927059173584
0.10968661308288574
0.31738877296447754
0.1427628993988037
0.38057518005371094
0.1453711986541748
0.22619938850402832
0.1680614948272705
0.2505760192871094
0.08146166801452637
0.18358540534973145
0.48275089263916016
0.4297294616699219
0.1207427978515625
0.22606301307678223
0.07830119132995605
0.07975172996520996
