0.6472754410933703
0.2788650901056826
0.3497061759699136
0.46953178592957556
0.34737347182817757
0.4937867328990251
0.31277377996593714
0.34038865799084306
0.4644526320043951
0.2755608737934381
0.3495197119191289
0.3616971911396831
0.3067962459754199
0.47343775699846447
0.5239455399569124
0.3369507968891412
0.2518262080848217
0.36038065096363425
0.3233635581564158
0.4148430561181158
0.3328897648025304
0.31839976692572236
1.6227672030217946
0.3887548728380352
0.4367477719206363
0.3554366319440305
0.975391800981015
0.1993958200328052
0.25221570883877575
0.4394699970725924
0.24992259382270277
0.4209650980774313
0.46709868405014277
0.2900094441138208
0.5668936790898442
0.29840431292541325
0.39705715887248516
0.4789884928613901
0.27669174084439874
0.4330083809327334
0.5198621368035674
0.180425618076697
0.3756475180853158
0.16103208484128118
0.21162281301803887
0.05785276787355542
0.09037039219401777
0.06856472417712212
0.058794962940737605
0.060921611031517386
