0.05062103271484375
0.052652597427368164
0.04768991470336914
0.04724001884460449
0.04664278030395508
0.04883265495300293
0.04658651351928711
0.051137447357177734
0.06100296974182129
0.04534626007080078
0.04939699172973633
0.05107259750366211
0.04950380325317383
0.04717063903808594
0.04814267158508301
0.04887509346008301
0.047712087631225586
0.046141862869262695
0.05466723442077637
0.04646873474121094
0.04636406898498535
0.04625368118286133
0.047215938568115234
0.04638361930847168
0.04629111289978027
0.04686689376831055
0.05095219612121582
0.04626917839050293
0.045501708984375
0.04799485206604004
0.045686960220336914
0.053313255310058594
0.04351043701171875
0.050539493560791016
0.04678916931152344
0.04578375816345215
0.05632805824279785
0.049217939376831055
0.0473322868347168
0.04613065719604492
0.05890822410583496
0.05028843879699707
0.047202348709106445
0.054524898529052734
0.04542708396911621
0.04717659950256348
0.05152440071105957
0.04964160919189453
0.04633331298828125
0.05060696601867676
