0.962366702966392
0.06065795407630503
0.05613081599585712
0.1315839709714055
0.05794764100573957
0.05304307909682393
0.05501372297294438
0.05444265599362552
0.06145676411688328
0.05365302599966526
0.0530530649702996
0.7551535600796342
0.077363793971017
0.05181764904409647
0.05407947604544461
0.06164533505216241
0.059135966934263706
0.08372063096612692
0.06014857394620776
0.058459643041715026
0.06410170998424292
0.05126390582881868
0.06494343001395464
0.053794403094798326
0.07240309892222285
0.056467120070010424
0.06597290514037013
0.055072251008823514
0.05964392493478954
0.051753124222159386
0.054458515951409936
0.056374869076535106
0.05861514015123248
0.058177231112495065
0.057302779983729124
0.05428103217855096
0.06439712294377387
0.05411245580762625
0.05500828381627798
0.062200584914535284
0.05856351484544575
0.059607073897495866
0.05682912701740861
0.0580889459233731
0.059461307944729924
0.056685598101466894
0.10121032199822366
0.05508790700696409
0.051199751906096935
0.05905867298133671
