0.07259345054626465
0.515284538269043
0.05054736137390137
0.046675920486450195
0.0642852783203125
0.047797441482543945
0.04593157768249512
0.04975485801696777
0.04726290702819824
0.15944147109985352
0.04562497138977051
0.0467226505279541
1.6002352237701416
0.043688297271728516
0.05308890342712402
0.05164790153503418
0.0634148120880127
0.05211210250854492
0.04653215408325195
0.04413294792175293
0.050012826919555664
0.0660240650177002
0.0497434139251709
0.0820465087890625
0.044088125228881836
0.04739236831665039
0.0494232177734375
0.04523420333862305
0.08607959747314453
0.04551339149475098
0.044615745544433594
0.046532630920410156
0.04549717903137207
0.04506063461303711
0.04847455024719238
0.07838821411132812
0.10291481018066406
0.04813647270202637
0.047247886657714844
0.06597137451171875
0.049115896224975586
0.04719114303588867
0.04955863952636719
0.04760599136352539
0.9255716800689697
2.3890178203582764
0.04677414894104004
0.04699444770812988
0.05020856857299805
0.05012345314025879
