0.08623552322387695
0.7434041500091553
0.04555201530456543
0.05689692497253418
0.044698238372802734
0.04859495162963867
0.04985547065734863
0.0461888313293457
0.04523110389709473
0.4896674156188965
0.046263694763183594
0.050787925720214844
0.11532139778137207
0.04519963264465332
0.044516563415527344
0.04834246635437012
0.04977726936340332
0.047829389572143555
0.04861950874328613
0.06981348991394043
0.04650425910949707
0.0897672176361084
0.045061349868774414
0.04891800880432129
0.0770108699798584
0.04489588737487793
0.04496955871582031
0.049278974533081055
0.050331830978393555
0.8020048141479492
0.04946541786193848
0.04651761054992676
0.044404029846191406
0.047379255294799805
0.04646801948547363
0.047293663024902344
0.04420757293701172
0.04476332664489746
0.05152153968811035
0.045890092849731445
0.04749655723571777
0.08864259719848633
0.11317157745361328
0.0522608757019043
0.04555535316467285
0.04904627799987793
0.06591391563415527
0.8974118232727051
2.2790045738220215
0.04570960998535156
