2.4678401947021484
2.112576961517334
2.1274380683898926
1.8259847164154053
1.8661205768585205
1.489250659942627
2.0371055603027344
1.5253264904022217
2.4769575595855713
1.6557364463806152
2.3473596572875977
1.9293460845947266
1.7503795623779297
2.0567450523376465
1.242436170578003
1.773404836654663
1.9778447151184082
1.8219020366668701
1.5776984691619873
1.505115032196045
1.9081878662109375
2.2977848052978516
1.9827814102172852
2.272874593734741
1.6723949909210205
1.8151414394378662
2.198850631713867
1.5414903163909912
1.9418282508850098
2.4230878353118896
1.4650931358337402
1.3540699481964111
2.0347063541412354
1.709212303161621
1.767066240310669
1.6786596775054932
1.681959629058838
1.5677878856658936
1.8066580295562744
1.984631061553955
1.8735742568969727
1.2775263786315918
1.7593052387237549
1.647291898727417
2.1606593132019043
1.7795672416687012
1.5216495990753174
1.631105661392212
0.4586927890777588
0.08451056480407715
