0.46616599010303617
0.18413125700317323
0.07574611506424844
0.06190299894660711
0.2146932641044259
0.08942442201077938
0.18538882094435394
0.21555497916415334
0.13246893603354692
0.06735272100195289
0.1531529719941318
0.09097659611143172
0.1261536139063537
0.17520097317174077
0.20310614700429142
0.10355881205759943
0.1786939778830856
0.10585701395757496
0.21897419402375817
0.15051231207326055
0.09898495604284108
0.16410291101783514
0.2119419970549643
0.2077854978851974
0.06625311099924147
0.1457722180057317
0.09394102683290839
0.15899748005904257
0.09774161805398762
0.08627298288047314
0.20460814516991377
0.18309422489255667
0.1050277971662581
0.13843953399918973
0.23016281705349684
0.2198607767932117
0.20974800502881408
0.22258851188234985
0.09484332497231662
0.07235925388522446
0.2138115579728037
0.13632410508580506
0.11214605788700283
0.14182065892964602
0.14485223102383316
0.08319016196765006
0.06519736396148801
0.05651624593883753
0.05497532896697521
0.057162187062203884
