0.045238494873046875
0.0434718132019043
0.04656529426574707
0.0417637825012207
0.04219651222229004
0.043538808822631836
0.042240142822265625
0.04212832450866699
0.04468584060668945
0.043029069900512695
0.042766571044921875
0.0445857048034668
0.04284834861755371
0.04241681098937988
0.04441189765930176
0.06421780586242676
0.04342293739318848
0.045291900634765625
0.043355464935302734
0.042798519134521484
0.04301047325134277
0.04566621780395508
0.0439605712890625
0.04185771942138672
0.042131662368774414
0.044225215911865234
0.04256916046142578
0.0424647331237793
0.04266715049743652
0.045157432556152344
0.04245591163635254
0.04523062705993652
0.04271554946899414
0.04181313514709473
0.04363846778869629
0.043605804443359375
0.043134450912475586
0.04268693923950195
0.04484391212463379
0.042780399322509766
0.0428309440612793
0.04203963279724121
0.04237055778503418
0.048880577087402344
0.04353642463684082
0.04324769973754883
0.04516768455505371
0.04519510269165039
0.04337763786315918
0.04762148857116699
