0.11442503007128835
0.1672915650997311
0.11229007015936077
0.2276945800986141
0.18344747019000351
0.14571978989988565
0.20414172089658678
0.1461358768865466
0.06481383088976145
0.12441363418474793
0.1498372289352119
0.2065687458962202
0.07285283389501274
0.12160420906729996
0.11672801407985389
0.05522795603610575
0.13283517211675644
0.15489097707904875
0.1715508820489049
0.08833813201636076
0.1946828938089311
0.17090009502135217
0.14036600477993488
0.13610018393956125
0.07876580581068993
0.14249887317419052
0.15098756994120777
0.08440300403162837
0.05507895792834461
0.1520434790290892
0.11335066007450223
0.13401312287896872
0.15714198001660407
0.06109082093462348
0.11131378798745573
0.17267617699690163
0.1246015748474747
0.21399311092682183
0.1154284249059856
0.13888710481114686
0.2000414188951254
0.07605867879465222
0.12752260779961944
0.1489425420295447
0.1570539898239076
0.15225985506549478
0.12648821179755032
0.05489012598991394
0.056018991163000464
0.06674098712392151
