0.2708828109316528
0.058635730063542724
0.05347755900584161
0.05798326293006539
0.05659446492791176
0.06052951700985432
0.05575168505311012
0.059786644065752625
0.09609584114514291
0.05271036084741354
0.05521493009291589
0.05929872393608093
0.05652638012543321
0.06036363309249282
0.07799189002253115
0.05469936807639897
0.05553302098996937
0.06633154000155628
0.06112665683031082
0.06392791797406971
0.06937996298074722
0.07832921599037945
0.08171977405436337
0.056675192900002
0.05520659894682467
0.05361697683110833
0.05877191503532231
0.05931027210317552
0.06379769719205797
0.10433937096968293
1.1477779620327055
0.055954966926947236
0.05244874907657504
0.05567459389567375
0.053075750824064016
0.06571584101766348
0.08253782894462347
0.05560969584621489
0.05467903520911932
0.07728283293545246
0.05344334291294217
0.06686614104546607
0.11430213996209204
0.058391411090269685
0.057166262064129114
0.05620735022239387
0.09209159901365638
0.05103303701616824
0.057073148200288415
0.0868058658670634
