0.8997946009039879
0.274777997052297
0.30243213404901326
0.07427821890451014
0.3295603240840137
0.288167079212144
0.300064065027982
0.27400701213628054
0.10677909012883902
0.42499347613193095
0.13018451305106282
0.12073448486626148
0.2385754978749901
0.3045833338983357
0.2766877650283277
0.18878026795573533
0.33485999586991966
0.25567238591611385
0.28989399084821343
0.3127612799871713
0.39060756494291127
0.206710462924093
0.3227778300642967
0.41537571605294943
0.3442750049289316
0.2142547001130879
0.23985404195263982
0.28609075280837715
0.19533614814281464
0.27892387309111655
0.12061483599245548
0.2519345229957253
0.28903464903123677
0.30741576896980405
0.30661245505325496
0.3088328579906374
0.13936712802387774
0.26841825898736715
0.4047142860945314
0.3152911430224776
0.28423742786981165
0.24893003585748374
0.2684223970863968
0.19556412799283862
0.27201089705340564
0.16065848292782903
0.2735817439388484
0.22459339001215994
0.3650713700335473
0.18062059208750725
