0.14473772048950195
0.044904470443725586
0.04611563682556152
0.08578014373779297
0.045905113220214844
0.05872988700866699
0.046354055404663086
0.047013282775878906
0.04785466194152832
0.08130145072937012
0.04601931571960449
0.09517216682434082
0.05320310592651367
0.04640841484069824
0.04638338088989258
0.048151493072509766
0.0449371337890625
0.045949697494506836
0.08355545997619629
0.058646440505981445
0.05156445503234863
0.04648900032043457
0.04539752006530762
0.04682421684265137
0.04454827308654785
0.04727935791015625
0.04615950584411621
0.05058145523071289
0.054169416427612305
0.04490327835083008
0.04593992233276367
0.045354604721069336
0.29085803031921387
0.29891085624694824
0.0459749698638916
0.04954361915588379
0.04529738426208496
0.04852914810180664
0.046988487243652344
0.04520726203918457
0.05048632621765137
0.04826688766479492
0.049141883850097656
0.04535198211669922
0.04799818992614746
0.045519351959228516
0.04569506645202637
0.04596066474914551
0.05715322494506836
0.05502128601074219
