0.8169539941009134
0.08521567704156041
0.4747469141148031
0.21536689600907266
0.13789552100934088
0.20926202810369432
0.27901523699983954
0.2328831588383764
0.19007744803093374
0.14329900406301022
0.30726640205830336
0.19889386999420822
0.24851570813916624
0.2976456149481237
0.20158011512830853
0.24060677085071802
0.1134463029447943
0.13724912307225168
0.20962663204409182
0.24073422304354608
0.22436897899024189
0.16372082801535726
0.25138376490212977
0.17441750806756318
0.13215448893606663
0.17079962603747845
0.1734452780801803
0.24972962494939566
0.1579146001022309
0.276097270892933
0.22723725903779268
0.15331235900521278
0.17333880090154707
0.41614222596399486
0.20056471298448741
0.12632811395451427
0.2863183659501374
0.11030654702335596
0.18757037189789116
0.19535693107172847
0.11761570093221962
0.21935956296510994
0.21555991703644395
0.15705848182551563
0.2201514421030879
0.3275174719747156
0.14496823213994503
0.2192703210748732
0.254454602021724
0.2644098079763353
