3.1654560565948486
2.1125600337982178
1.633406162261963
2.322810411453247
2.126873254776001
2.011204242706299
2.317208766937256
2.1324262619018555
2.082841634750366
2.727264165878296
2.2462711334228516
2.5076663494110107
2.235043525695801
2.3992412090301514
3.04986834526062
2.681040048599243
2.2464654445648193
2.2770307064056396
2.6876113414764404
2.6739232540130615
1.6513588428497314
2.865255832672119
2.2076027393341064
2.5970242023468018
2.048905611038208
1.6935081481933594
2.754030227661133
2.8211939334869385
1.967484951019287
2.6135525703430176
2.487971782684326
2.601135730743408
2.8434598445892334
2.258897542953491
2.4505982398986816
2.650834560394287
2.8662188053131104
2.717158555984497
2.469464063644409
2.433070421218872
2.19184947013855
2.0053484439849854
2.276085376739502
2.34182071685791
2.7936079502105713
2.297595500946045
2.380404472351074
2.3739681243896484
2.372788906097412
0.6526434421539307
