4.632578134536743
3.232351779937744
3.504535436630249
4.480859041213989
4.109618425369263
3.665745258331299
3.213611364364624
3.9005463123321533
3.854583501815796
3.677938461303711
3.8344993591308594
2.9621455669403076
3.7201268672943115
3.5589311122894287
4.270357608795166
3.787137269973755
3.170271396636963
3.5106730461120605
3.320793628692627
3.2746589183807373
4.270002126693726
2.8632142543792725
3.3951897621154785
3.13151478767395
3.4873428344726562
3.7428462505340576
3.6278927326202393
3.5855071544647217
3.38496994972229
3.8211593627929688
3.7820138931274414
3.924511671066284
3.228184700012207
2.9911394119262695
3.106872320175171
3.2684175968170166
3.4828402996063232
4.035657167434692
3.9216737747192383
4.483963489532471
3.2053935527801514
3.631624937057495
3.8562722206115723
3.9667646884918213
3.7728612422943115
2.6382453441619873
3.430752754211426
3.298917055130005
4.120361566543579
2.9149484634399414
