2.1200268268585205
2.1429078578948975
1.9023151397705078
0.7542798519134521
1.5550158023834229
1.4112985134124756
1.5377991199493408
1.1101481914520264
1.404404640197754
1.7781224250793457
1.1212570667266846
1.0090961456298828
1.1665606498718262
0.9856278896331787
1.2606885433197021
1.548614263534546
1.4730474948883057
1.5399916172027588
1.1222426891326904
1.4098830223083496
0.7981302738189697
2.124699354171753
1.7022559642791748
1.3295421600341797
1.334653615951538
1.4803287982940674
1.0898008346557617
1.465625524520874
1.2970521450042725
1.4997270107269287
1.410419225692749
1.2862281799316406
1.170351505279541
1.2885723114013672
1.4856059551239014
1.2285120487213135
1.425102710723877
1.4237735271453857
1.8333420753479004
1.380819320678711
1.7678253650665283
1.2090280055999756
1.379542589187622
1.3548073768615723
1.5419604778289795
1.3101506233215332
1.844513177871704
1.042281150817871
0.9634501934051514
1.1676661968231201
