0.05657601356506348
0.0418095588684082
0.050077199935913086
0.04323840141296387
0.04242229461669922
0.04296064376831055
0.04512214660644531
0.043863534927368164
0.04309582710266113
0.045246124267578125
0.042398929595947266
0.04212784767150879
0.04348158836364746
0.04637765884399414
0.04422783851623535
0.04735159873962402
0.05777931213378906
0.045196533203125
0.043288230895996094
0.04182243347167969
0.04341602325439453
0.04243779182434082
0.04897713661193848
0.0462641716003418
0.056919097900390625
0.0424962043762207
0.04549837112426758
0.04394793510437012
0.04243016242980957
0.04265260696411133
0.05400705337524414
0.04302406311035156
0.04275798797607422
0.04294109344482422
0.04194521903991699
0.042279720306396484
0.043912649154663086
0.04368782043457031
0.04321098327636719
0.04253673553466797
0.04369020462036133
0.0425105094909668
0.04214930534362793
0.04245185852050781
0.04227638244628906
0.04327392578125
0.04847288131713867
0.04273843765258789
0.05040740966796875
0.04507899284362793
