0.7119014689233154
0.26022228808142245
0.18272231798619032
0.23851215397007763
0.2432773660402745
0.21595977200195193
0.35136618302203715
0.062440748093649745
0.23373780399560928
0.1514848000369966
0.30708514992147684
0.680622803978622
0.20358794601634145
0.08057788596488535
0.19450962194241583
0.15579024888575077
0.21319673187099397
0.14885360607877374
0.23411338101141155
0.2773386989720166
0.48620509705506265
0.0784059560392052
0.2388574779033661
0.2169844249729067
0.28861484094522893
0.32235307013615966
0.23157778405584395
0.11187651194632053
0.18981114798225462
0.16084933117963374
0.33508839295245707
0.3322412488050759
0.18048493308015168
0.1249951480422169
0.1708403800148517
0.23955245409160852
0.16978224203921854
0.14242274407297373
0.3440144029445946
0.19303924310952425
0.11854805517941713
0.2898904848843813
0.2732318160124123
0.21082930197007954
0.2863180791027844
0.23092478490434587
0.13589791185222566
0.10380705399438739
0.09625510801561177
0.05153480591252446
