0.9318280948791653
0.20587137783877552
0.14408532995730639
0.22877252101898193
0.20587269309908152
0.1887380238622427
0.2634080371353775
0.18235376314260066
0.4025969421491027
0.2012562861200422
0.2415397570002824
0.5899536728393286
0.18034295202232897
0.20174615900032222
0.11858722707256675
0.29312884411774576
0.30691358307376504
0.19106746301986277
0.22744585410691798
0.14576110197231174
0.20562670403160155
0.17874989099800587
0.31783246994018555
0.21091898903250694
0.18365007103420794
0.31317821610718966
0.06361162103712559
0.21069003804586828
0.3078449768945575
0.18983703409321606
0.23350047203712165
0.1509947741869837
0.20308874803595245
0.13236353499814868
0.31502116308547556
0.18063235911540687
0.14518130011856556
0.3058372491504997
0.11580309201963246
0.32117749308235943
0.2338554970920086
0.19734945986419916
0.16415094793774188
0.2086784210987389
0.09529941785149276
0.1348514158744365
0.10223311209119856
0.09083815896883607
0.05185408401302993
0.06775264418683946
