0.5404586161021143
0.25383305503055453
0.30355349695309997
0.41815777216106653
0.1698103998787701
0.22946385317482054
0.1681636779103428
0.18552072695456445
0.18580477288924158
0.13920989097096026
0.057722547091543674
0.19654850894585252
0.07976821810007095
0.06395112699829042
0.21163625502958894
0.23209523083642125
0.1825433678459376
0.15751804900355637
0.10395086905919015
0.07562065799720585
0.1921097079757601
0.12684017489664257
0.18431546608917415
0.17949034203775227
0.12110022292472422
0.17711732001043856
0.10621485603041947
0.16782371094450355
0.21205928293056786
0.11473215115256608
0.12746730097569525
0.11152859008871019
0.17146184109151363
0.2126128098461777
0.13695162581279874
0.30833008396439254
0.1260704800952226
0.23269446101039648
0.2057041279040277
0.133957845158875
0.1523593980818987
0.06587660103105009
0.20663806702941656
0.09731072816066444
0.18886843509972095
0.17936325701884925
0.09137293417006731
0.06753116496838629
0.1382252771873027
0.10909283789806068
