0.07167530059814453
0.5744578838348389
0.05260038375854492
0.04440021514892578
0.04429435729980469
0.04688096046447754
0.04553580284118652
0.046176910400390625
0.045505523681640625
0.04795670509338379
0.04693007469177246
1.5159261226654053
0.04561638832092285
0.04963946342468262
0.04911613464355469
0.044644832611083984
0.046614646911621094
0.05119442939758301
0.04775238037109375
0.0448298454284668
0.047882795333862305
0.04405808448791504
0.04474663734436035
0.048397064208984375
0.04681801795959473
0.05444908142089844
0.04711103439331055
0.5926892757415771
0.044875383377075195
0.04503750801086426
0.05954623222351074
0.04757976531982422
0.04690384864807129
0.043772220611572266
0.04529762268066406
0.09167098999023438
0.06081891059875488
0.04859042167663574
0.04695844650268555
0.04802513122558594
0.047095298767089844
0.046797752380371094
0.046881675720214844
0.5181965827941895
0.04865145683288574
1.1524178981781006
0.04704546928405762
0.05065631866455078
0.047354698181152344
0.050316810607910156
