0.3881570319645107
0.15022795391269028
0.22813697694800794
0.3074745680205524
0.24844061001203954
0.2662415890954435
0.19131111120805144
0.13543393509462476
0.2671057360712439
0.18053784198127687
0.23836559313349426
0.24785296386107802
0.9863176629878581
0.16648024413734674
0.19363542506471276
0.2649900959804654
0.15160251199267805
0.20402563200332224
0.11713744606822729
0.11556760198436677
0.21919509605504572
0.2030508448369801
0.22451075911521912
0.06871737889014184
0.15139081608504057
0.17037093406543136
0.1451832160819322
0.24788638204336166
0.06534661608748138
0.13733505201525986
0.35819652513600886
0.05944406986236572
0.2227662589866668
0.25698806205764413
0.2069834158755839
0.14223067602142692
0.2777656230609864
0.22621070896275342
0.13664707192219794
0.15511303883977234
0.1466723990160972
0.20782724395394325
0.14605264808051288
0.12284351605921984
0.21768316184170544
0.2553511068690568
0.1977069319691509
0.12360873213037848
0.09785433392971754
0.0750566131900996
