0.057103633880615234
0.04204845428466797
0.041473388671875
0.04209446907043457
0.0440363883972168
0.04257845878601074
0.04151177406311035
0.042159080505371094
0.04489016532897949
0.042192697525024414
0.04511523246765137
0.043868064880371094
0.042398691177368164
0.04764866828918457
0.041785240173339844
0.04383277893066406
0.04621410369873047
0.04443049430847168
0.04637742042541504
0.04353737831115723
0.044425249099731445
0.041590213775634766
0.04921746253967285
0.043680429458618164
0.04361772537231445
0.0429987907409668
0.04222393035888672
0.04439115524291992
0.047354698181152344
0.0418550968170166
0.042438507080078125
0.041567087173461914
0.042780160903930664
0.0418546199798584
0.044692039489746094
0.04311561584472656
0.04188108444213867
0.042572736740112305
0.04893946647644043
0.04192233085632324
0.042584896087646484
0.04232478141784668
0.04470944404602051
0.04496622085571289
0.04170036315917969
0.0458827018737793
0.043121337890625
0.04501461982727051
0.044180870056152344
0.043439388275146484
