0.49252073816023767
0.20122754201292992
0.21004909905605018
0.27057430404238403
0.21925601409748197
0.27554642385803163
0.1057728510349989
0.08864935487508774
0.2659042209852487
0.700933446874842
0.1242640889249742
0.0880509139969945
0.16315149795264006
0.15027946000918746
0.1805654871277511
0.17804050398990512
0.11539955297484994
0.18395275506190956
0.0789715750142932
0.1313865389674902
0.08571974886581302
0.11650904291309416
0.13257799204438925
0.164758563041687
0.20482766488566995
0.06671239412389696
0.14762591407634318
0.06809216714464128
0.05544965993613005
0.14177118614315987
0.228053956059739
0.0901332760695368
0.7268409060779959
0.12391442805528641
0.11863153288140893
0.06230003712698817
0.22713514720089734
0.14257976110093296
0.08659871784038842
0.08059119409881532
0.11872830893844366
0.2897238249424845
0.06059422018006444
1.3784119950141758
1.0735484939068556
0.059507522033527493
0.22160859312862158
0.2091456309426576
0.061454299138858914
0.06101056397892535
