0.1905578209552914
0.09526689792983234
0.2974302431102842
0.056737837148830295
0.15871020196937025
0.1392090569715947
0.21605497202835977
0.22006654320284724
0.1097833791282028
0.14841816714033484
0.16543084592558444
0.9826022249180824
1.1070519459899515
0.059353852178901434
0.15381098096258938
0.15324894385412335
0.29657174297608435
0.186989339068532
0.06915401108562946
0.14757102099247277
0.21230045217089355
0.13899375591427088
0.16970276995562017
0.30020163184963167
0.14012436196208
0.26647575898095965
0.2060020980425179
0.0974210319109261
0.24136954406276345
0.1418955058325082
0.1534592949319631
0.17725829081609845
0.09024921315722167
0.15498212398961186
0.8493191790767014
0.6380761710461229
0.07405826891772449
0.22337687201797962
0.13263360620476305
0.29132322990335524
0.14313457207754254
0.06025958084501326
0.1788159180432558
0.1174052651040256
1.39090376207605
1.0507940819952637
0.055576135870069265
0.1175597570836544
0.05478762392885983
0.1483840278815478
