0.8755579539574683
0.3450743288267404
0.19310829392634332
1.291580740828067
0.316348060965538
0.14342737919650972
0.25687492708675563
0.2966256430372596
0.2396297741215676
0.3919409920927137
0.3399863950908184
0.3800225758459419
0.46052489103749394
0.0606312220916152
0.23517735488712788
0.18062839400954545
0.33815159602090716
0.24848404503427446
0.23654917487874627
0.27406931202858686
0.2812535490375012
0.24397493479773402
0.41531486390158534
0.2577510420233011
0.20135009684599936
0.28786172810941935
0.17908256105147302
0.4366484840866178
0.3922715100925416
0.33121889689937234
0.24769746186211705
0.6327176711056381
0.33269140403717756
0.17909044190309942
0.5200169431045651
0.16247705509886146
0.34057856909930706
0.6064859151374549
0.22188339103013277
0.5312466931063682
0.38742059492506087
1.0623929249122739
0.2976418340113014
0.255082325078547
0.33245850214734674
0.27801524894312024
0.2588454650249332
0.29029797413386405
0.1561210781801492
0.29661633004434407
