0.34346766909584403
0.12557404697872698
0.08382844692096114
0.06086400500498712
0.11681795422919095
0.1342228320427239
0.11425121617503464
0.12733546597883105
0.054341415874660015
0.18439438613131642
0.07695533987134695
0.058769061928614974
0.1030691338237375
0.10895532416179776
0.05644588591530919
0.07026729197241366
0.11232574214227498
0.05593712395057082
0.07085391297005117
0.05176428589038551
0.05697342590428889
0.05944526195526123
0.10767270298674703
0.1375644279178232
0.05466297408565879
0.08560568280518055
0.06296618096530437
0.06389042316004634
0.16403964278288186
0.08671432198025286
0.06605636980384588
0.09347703703679144
0.09250236512161791
0.054892187006771564
0.12353707803413272
0.12128055095672607
0.09302502800710499
0.06311234785243869
0.059464139863848686
0.054922651033848524
0.07046962599270046
0.2121328490320593
0.05871433997526765
0.05881357006728649
0.07240651408210397
0.11474869586527348
0.07649509492330253
0.05553607898764312
0.057038649916648865
0.09998427098616958
