0.6678322330117226
0.35857580113224685
0.20400009886361659
0.5191174950450659
0.23435380216687918
0.40611441992223263
0.2762377141043544
0.4838577548507601
0.23292004689574242
0.35388072300702333
0.29356373893097043
0.42917838995344937
0.42048544390127063
0.42762372200377285
0.3150400130543858
0.3336719779763371
0.3515125419944525
0.31485861097462475
0.27515710215084255
0.4875742520671338
0.27807052806019783
0.1459203080739826
0.39982216083444655
0.40252463379874825
0.3888506321236491
0.27632522699423134
0.4194749630987644
0.3820774538908154
0.41313906689174473
0.5093619481194764
0.1872046331409365
0.31004371703602374
0.8476152149960399
0.19789734506048262
0.397185416193679
0.2773537340108305
0.37552464404143393
0.23260157811455429
0.3729443158954382
0.24247558903880417
0.49030644609592855
0.18606024398468435
0.39387382101267576
0.3293757869396359
0.21505951508879662
0.2904004380106926
0.37091465503908694
0.3063995710108429
0.14014384080655873
0.532804210903123
