0.38432291499339044
0.15366296307183802
0.17032095906324685
0.09877070505172014
0.06159273092634976
0.05393392313271761
0.055332060903310776
0.053344876039773226
0.09701999486424029
0.11721190600655973
0.05478406697511673
0.05378005909733474
0.05902947997674346
0.0651221398729831
0.09310192009434104
0.05481877597048879
0.0607575390022248
0.10922583797946572
0.05436195409856737
0.19619972305372357
0.059486754005774856
0.06002820609137416
0.10633543599396944
0.0577610288746655
0.09872400783933699
0.07842871197499335
0.104508007876575
0.057243214920163155
0.07407040311954916
0.06088188593275845
0.12455222406424582
0.07215429213829339
0.09838412306271493
0.21001508901827037
0.06657714606262743
0.055510398000478745
0.05811439803801477
0.11534288083203137
0.20138689083978534
0.10193950310349464
0.08729987195692956
0.08876965520903468
0.058598374016582966
0.06800415203906596
0.05694277421571314
0.09838112606666982
0.054946718038991094
0.060731334844604135
0.06087706098333001
0.05558436317369342
