4.3798534870147705
3.6421029567718506
3.534104108810425
4.674908399581909
3.926879405975342
4.01669716835022
3.3062329292297363
3.8764634132385254
4.1604156494140625
4.258953094482422
3.871558427810669
3.0864596366882324
3.371455669403076
3.587878942489624
3.733196973800659
3.3345091342926025
3.6406235694885254
3.1789438724517822
4.105328559875488
3.422180652618408
4.173426628112793
3.292330741882324
3.1462018489837646
3.9566233158111572
3.6377692222595215
3.3991823196411133
3.4087560176849365
3.9341881275177
3.9119482040405273
3.775294542312622
3.6398448944091797
3.3104114532470703
3.4375572204589844
4.068115949630737
2.899399518966675
3.5348546504974365
3.62056565284729
3.1772217750549316
3.4403951168060303
3.844435453414917
4.1789000034332275
3.7150206565856934
4.000738620758057
4.131655693054199
5.406898021697998
3.5672850608825684
3.675506591796875
3.9935107231140137
2.8884787559509277
1.8099398612976074
