0.6812836620956659
0.26342752389609814
0.4127987800166011
0.48975998209789395
0.36558627313934267
0.22215657797642052
0.2557135878596455
0.3501727550756186
0.3428477239795029
0.49637388600967824
0.5109140218701214
0.3997142710722983
0.24360969895496964
0.5041715002153069
0.24566487199626863
0.27097114687785506
0.36251137405633926
0.28114696010015905
0.3098535549361259
0.36398107116110623
0.26720691309310496
0.37095651193521917
1.5420871800743043
0.375786260003224
0.36323816515505314
0.288484268123284
0.19917612010613084
0.31617622496560216
0.7566403679084033
0.4188496188726276
0.41957337711937726
0.42216545599512756
0.4223705290351063
0.25820513209328055
0.24402340897358954
0.47973483917303383
0.4051581940148026
0.23884513997472823
0.3437063079327345
0.5150020529981703
0.32172258105129004
0.2765183940064162
0.3289011081214994
0.1861410338897258
0.15376675315201283
0.23061990994028747
0.20306381699629128
0.05230692098848522
0.05186685407534242
0.05672662705183029
