0.7895833719521761
0.3587979949079454
0.16590981394983828
0.22333277692086995
0.1704514988232404
0.21897567389532924
0.3797428368125111
0.2617355880793184
0.20765508199110627
0.24021678394638002
0.20025552320294082
0.4238644069992006
0.28261861111968756
0.21719403378665447
0.21156469103880227
0.407639296958223
0.31344199692830443
0.1802867129445076
0.20588015904650092
0.23130045202560723
0.23414729884825647
0.29430675390176475
0.28830215288326144
0.14687339402735233
0.1462945770472288
0.2035903329961002
0.23320253612473607
0.05466558085754514
0.49062965507619083
0.3380533871240914
0.16249156603589654
0.21359365712851286
0.27537845401093364
0.3190960919018835
0.20693120104260743
0.280669913161546
0.2605618571396917
0.1890898949932307
0.2512798300012946
0.19919174280948937
0.3077073530294001
0.23796847905032337
0.2984878171700984
0.2310470580123365
0.20932232681661844
0.21897124708630145
0.9517215720843524
0.49491339386440814
0.22792763798497617
0.2058268398977816
