0.04636430740356445
0.044565439224243164
0.04666566848754883
0.04505491256713867
0.04282999038696289
0.04326772689819336
0.045136213302612305
0.04448890686035156
0.04536867141723633
0.04187965393066406
0.0454254150390625
0.04336214065551758
0.04492378234863281
0.04343128204345703
0.04394221305847168
0.04254341125488281
0.04487204551696777
0.04245448112487793
0.04282093048095703
0.04791975021362305
0.04205322265625
0.04395103454589844
0.04661679267883301
0.0458221435546875
0.04229569435119629
0.04225492477416992
0.04327249526977539
0.04352164268493652
0.042357444763183594
0.04299426078796387
0.041938066482543945
0.04162883758544922
0.04195070266723633
0.04508328437805176
0.04335379600524902
0.04289388656616211
0.04186224937438965
0.04243302345275879
0.04200005531311035
0.04553389549255371
0.04983830451965332
0.04459857940673828
0.04206275939941406
0.04230856895446777
0.04221200942993164
0.0426487922668457
0.045684814453125
0.04427909851074219
0.04344820976257324
0.04893946647644043
