3.847092866897583
3.3759031295776367
1.7217400074005127
3.136585235595703
3.2015573978424072
3.0932655334472656
3.4335708618164062
3.437626838684082
3.3648428916931152
3.356912136077881
3.009192705154419
3.2215771675109863
3.3836171627044678
1.6826386451721191
3.849860191345215
2.991812229156494
2.720341205596924
2.4959449768066406
2.3473317623138428
2.7680492401123047
2.6396892070770264
3.1843464374542236
3.0098869800567627
3.411579132080078
2.741671323776245
2.975742816925049
3.3152856826782227
3.0595338344573975
3.2677536010742188
3.2631781101226807
2.454282522201538
3.1249494552612305
3.778031826019287
3.0680296421051025
3.2061221599578857
3.4535391330718994
2.330310106277466
2.1049249172210693
3.0300073623657227
3.431781053543091
3.2979440689086914
2.9845190048217773
3.130476236343384
2.3900043964385986
3.1259915828704834
3.3240087032318115
3.1337077617645264
2.729304790496826
2.03766131401062
0.27843737602233887
