0.09638714790344238
0.04564619064331055
0.04536747932434082
0.04761862754821777
0.07438397407531738
0.07483410835266113
0.05321526527404785
0.04643750190734863
0.04492902755737305
0.04574227333068848
0.04895663261413574
0.04732227325439453
0.7980198860168457
0.0439150333404541
0.052469491958618164
0.045751094818115234
0.04862022399902344
0.04984331130981445
0.046286821365356445
0.04639410972595215
0.04903602600097656
0.050463199615478516
0.052367210388183594
0.048135995864868164
0.04642176628112793
0.04789924621582031
0.04789304733276367
0.04504656791687012
0.04775667190551758
0.05049562454223633
0.05072283744812012
0.04573225975036621
0.04974818229675293
0.04821324348449707
0.04552602767944336
0.05063295364379883
0.045311927795410156
0.09485888481140137
0.0680696964263916
0.05742192268371582
0.09235620498657227
0.04861855506896973
0.055348873138427734
0.04427957534790039
0.04909944534301758
0.0507197380065918
0.7302441596984863
1.8501224517822266
0.04702019691467285
0.051955223083496094
