0.04500079154968262
0.04274320602416992
0.04282188415527344
0.042584896087646484
0.04407048225402832
0.045919179916381836
0.0424191951751709
0.04218006134033203
0.042960166931152344
0.04334402084350586
0.05975341796875
0.04299020767211914
0.04282402992248535
0.0425410270690918
0.04231095314025879
0.042684316635131836
0.042769670486450195
0.04528403282165527
0.044370412826538086
0.042170047760009766
0.0445709228515625
0.04286909103393555
0.04298663139343262
0.04259133338928223
0.04180097579956055
0.04206657409667969
0.04831814765930176
0.042697906494140625
0.042803287506103516
0.04266500473022461
0.04362154006958008
0.04207563400268555
0.043940067291259766
0.04357028007507324
0.04297161102294922
0.04204583168029785
0.04304933547973633
0.042394399642944336
0.042530059814453125
0.041516780853271484
0.043187618255615234
0.042249441146850586
0.0424807071685791
0.04285788536071777
0.04230380058288574
0.041814565658569336
0.04383254051208496
0.04209399223327637
0.04309868812561035
0.04763174057006836
