0.6471762352157384
0.16515032993629575
0.14134564204141498
0.16969672311097383
0.2579554689582437
0.15984777105040848
0.15840217401273549
0.30024092202074826
0.17259962391108274
0.17361029889434576
0.4034695529844612
0.8731346558779478
0.09771193214692175
0.24694279208779335
0.23310946486890316
0.15783217805437744
0.3098563209641725
0.14181584096513689
0.18284465093165636
0.17629749095067382
0.1794780760537833
0.25007703294977546
0.16737448400817811
0.16362189990468323
0.2176697209943086
0.29770843707956374
0.21586043201386929
0.14986328221857548
0.21837986400350928
0.2543164221569896
0.18416977697052062
0.1817952818237245
0.20933756791055202
0.24333901004865766
0.17603640793822706
0.23258921597152948
0.09848917997442186
0.10236686887219548
0.14458673703484237
0.18392966105602682
0.06611975212581456
0.15933902002871037
0.0806080368347466
0.21978237107396126
0.27272436395287514
0.15831596497446299
0.3316373759880662
0.08251071907579899
0.1230613759253174
0.10681227711029351
