0.3693639999255538
0.19713926897384226
0.29659702186472714
0.16550774010829628
0.17961282399483025
0.12583794607780874
0.12781686219386756
0.17442352906800807
0.16974088898859918
0.17019844707101583
0.14484200393781066
0.10469546006061137
0.14900593389756978
0.07547924993559718
0.21630259999074042
0.23500028508715332
0.17210874101147056
0.055531303863972425
0.1997214190196246
0.1891028070822358
0.15809444710612297
0.0997709408402443
0.1458986948709935
0.14140292815864086
0.22038029110990465
0.20360285695642233
0.17886110302060843
0.23542564106173813
0.19133002893067896
0.1960865668952465
0.12275083386339247
0.053242393070831895
0.12077549216337502
0.17034619906917214
0.2040427930187434
0.08380631287582219
0.17602978902868927
0.22089494206011295
0.27426315494813025
0.2830503908917308
0.05396252986975014
0.10815247800201178
0.16181453596800566
0.21051835804246366
0.20761036616750062
0.2370690570678562
0.057355321012437344
0.06885916204191744
0.06864412291906774
0.07943637319840491
