0.8481759040150791
0.30535799684002995
0.1713329697959125
0.20677934703417122
0.16839627386070788
0.2719753731507808
0.26539463899098337
0.325933052925393
0.3385835799854249
0.1849991420749575
0.18070423090830445
0.18586692702956498
0.2772721180226654
0.23361859400756657
0.44106901506893337
0.282299468992278
0.4113944140262902
0.324859089916572
0.39481843914836645
0.22317264787852764
0.3364123599603772
0.3184043071232736
0.3346291750203818
0.22819996695034206
0.2385577701497823
0.23416538699530065
0.17711121984757483
0.5202871528454125
0.23255342710763216
0.17785799503326416
0.404879713896662
0.27095986204221845
0.40056437090970576
0.23716065986081958
0.24254913185723126
0.28566377703100443
0.22609388502314687
0.10569016705267131
0.31391835818067193
0.1577938760165125
0.17196091916412115
0.2879135550465435
0.3022853350266814
0.20385963399894536
0.24320455896668136
0.2554501311387867
0.11839046818204224
0.34600076102651656
0.05756369698792696
0.18906901706941426
