4.04192590713501
3.310297966003418
3.8053348064422607
4.450643539428711
3.9884378910064697
4.47609806060791
3.55802059173584
3.283905506134033
3.885103464126587
4.033186435699463
4.106060981750488
3.5760140419006348
2.7731029987335205
2.7137527465820312
4.167660236358643
3.5375165939331055
3.2732431888580322
3.764507532119751
3.7729361057281494
3.1019086837768555
3.501199245452881
3.745227098464966
3.663320302963257
2.8904004096984863
3.5292248725891113
3.4858713150024414
3.893308639526367
4.574382781982422
3.8758435249328613
3.9002766609191895
4.2327656745910645
4.651901483535767
3.3575026988983154
4.729825258255005
4.335079669952393
3.5436313152313232
3.9730441570281982
2.8576884269714355
4.017429351806641
3.2690751552581787
4.097544431686401
3.608755350112915
2.1231985092163086
3.5695900917053223
4.078253746032715
3.8139772415161133
3.9380152225494385
2.952742099761963
1.7252957820892334
0.11098694801330566
