2.979041576385498
1.2395234107971191
3.5259528160095215
3.6893808841705322
4.467323541641235
2.7973945140838623
3.5533502101898193
3.2401204109191895
3.5573673248291016
4.123195648193359
4.289341688156128
3.801754951477051
2.7894928455352783
3.024108409881592
3.3947205543518066
2.9948348999023438
3.4468564987182617
4.031357526779175
4.3186726570129395
3.3814353942871094
3.1877167224884033
3.019963026046753
4.169541597366333
3.6401331424713135
4.054348945617676
2.9582629203796387
4.266022443771362
3.8045029640197754
4.17185640335083
3.0408661365509033
3.4844930171966553
2.8755438327789307
3.574597120285034
3.848942995071411
3.1183321475982666
3.46724796295166
4.68290376663208
3.457197427749634
3.4489526748657227
4.522648811340332
3.2918500900268555
3.443697214126587
3.538280487060547
3.78261399269104
4.342266082763672
3.049165725708008
3.7007529735565186
3.2421278953552246
3.765941619873047
3.64516019821167
