0.394070859067142
0.22068082890473306
0.23151486204005778
0.2279045539908111
0.12944149086251855
0.1830118631478399
0.20168451918289065
0.2162497448734939
0.40193967102095485
0.8942135190591216
0.719047746155411
0.17644374095834792
0.15468953200615942
0.0805463579017669
0.1786776219960302
0.14340023114345968
0.3338902499526739
0.2228564228862524
0.15517453802749515
0.2589494390413165
0.17967049800790846
0.32079639891162515
0.22870445996522903
0.27134356694296
0.31442198110744357
0.18306523002684116
0.4074314530007541
0.29636166407726705
0.2068181571085006
0.2834782041609287
0.1650594410020858
0.2972643000539392
0.3471736731007695
0.20408551301807165
0.2744245301000774
0.2146021060179919
0.25109222694300115
0.18935089278966188
0.29180377000011504
0.26641823910176754
0.173320930916816
0.2272583139128983
0.15598511695861816
0.14902003901079297
0.1723840341437608
0.16546342498622835
0.20430370513349771
0.15283790603280067
0.28906324901618063
0.06511470698751509
