0.3517399129923433
0.05610193498432636
0.0680820548441261
0.05763755505904555
0.05571949202567339
0.06078730500303209
0.057641115970909595
0.06228814390487969
0.06231113709509373
0.05168169899843633
0.05659096105955541
0.056728496914729476
0.09374324278905988
0.053985374979674816
0.05579721601679921
0.06333079398609698
0.060219707898795605
0.054095132974907756
0.11434884299524128
0.055586325004696846
0.059575343038886786
0.0594949449878186
0.058317317860201
0.056404477916657925
0.18985425494611263
0.05329332617111504
0.06836536107584834
0.0628254059702158
0.052430154057219625
0.05817464902065694
0.05341140506789088
0.05238511599600315
0.05530789610929787
0.05815459694713354
0.05651109013706446
0.05272951000370085
1.8956711099017411
0.051896193996071815
0.07901157415471971
0.05499867699109018
0.06428954796865582
0.2135754229966551
0.05927444412373006
0.05844918405637145
0.05607795203104615
0.06484487885609269
0.05596415093168616
0.0543610081076622
0.05406865198165178
0.0539805619046092
