0.12973969103768468
0.1256835600361228
0.16904591908678412
0.19941478688269854
0.1901675360277295
0.24101645685732365
0.0899080210365355
0.18662988301366568
0.22413293295539916
0.16412432701326907
0.8778425259515643
0.1696159359999001
0.5914552500471473
0.3036062109749764
0.19369590398855507
0.6491947600152344
0.08958768402226269
0.25703988084569573
0.23636619304306805
0.28265495388768613
0.09529457380995154
0.1913595178630203
0.20213168882764876
0.33287118887528777
0.2316611590795219
0.630844937171787
0.20246829302050173
0.1552214501425624
0.17920592101290822
0.5000502620823681
0.1578504559583962
0.2599636521190405
0.3409203088376671
0.22791352099739015
0.2818424270953983
0.3054053969681263
0.32377038919366896
0.14869790291413665
0.2776745669543743
0.33078479883261025
0.15492591704241931
0.32931679021567106
0.18618859397247434
0.2669725378509611
0.08089713891968131
0.07016238407231867
0.13293502107262611
0.2830146769993007
0.09677601186558604
0.15797430695965886
