0.04870319366455078
0.043123722076416016
0.04640007019042969
0.042627573013305664
0.044564008712768555
0.04521489143371582
0.045549869537353516
0.04409289360046387
0.0438840389251709
0.041533470153808594
0.04477429389953613
0.04229378700256348
0.04707789421081543
0.04324650764465332
0.04233384132385254
0.04235243797302246
0.042842864990234375
0.042971134185791016
0.04426312446594238
0.042707204818725586
0.045677900314331055
0.04608869552612305
0.042283058166503906
0.042844295501708984
0.043401479721069336
0.043033599853515625
0.04700756072998047
0.04411578178405762
0.04459571838378906
0.04853415489196777
0.04227638244628906
0.04561114311218262
0.04309988021850586
0.04341697692871094
0.04298281669616699
0.04196619987487793
0.04577493667602539
0.046122074127197266
0.04563641548156738
0.04653620719909668
0.04172372817993164
0.045658111572265625
0.04685187339782715
0.041959285736083984
0.04990863800048828
0.04315519332885742
0.04219937324523926
0.044347524642944336
0.04143261909484863
0.041800737380981445
