0.10239934921264648
0.05001020431518555
0.04597830772399902
0.05054736137390137
0.0460810661315918
0.42454004287719727
0.10351419448852539
0.04643964767456055
0.09457063674926758
0.550961971282959
0.08764886856079102
0.11997818946838379
0.09099411964416504
0.047510385513305664
0.05025625228881836
0.048490047454833984
0.04807782173156738
0.04584503173828125
0.05855536460876465
0.04560685157775879
0.05112504959106445
0.051087379455566406
0.05258059501647949
0.04531264305114746
0.04513692855834961
0.047510385513305664
0.04583549499511719
0.05189061164855957
0.04405546188354492
0.0477292537689209
0.050827980041503906
0.04511308670043945
0.04538393020629883
0.04856753349304199
0.05051422119140625
0.04859733581542969
0.04677128791809082
0.04613542556762695
0.044736385345458984
0.050225019454956055
0.04740118980407715
0.04597902297973633
0.048650264739990234
0.04675126075744629
0.0633392333984375
0.04969525337219238
0.04566025733947754
0.04900169372558594
0.04636073112487793
0.046231985092163086
