0.3128024048637599
0.07855222607031465
0.062481571920216084
0.0915204978082329
0.05359476595185697
0.11412450484931469
0.05640749097801745
0.11873920005746186
0.06320145190693438
0.081869165180251
0.05605604010634124
0.06226757192052901
0.053751281928271055
0.10074107488617301
0.054538029013201594
0.07006218400783837
0.051386455073952675
0.05907439184375107
0.05976935010403395
0.07205641991458833
0.0560089941136539
0.059178395895287395
0.05432988493703306
0.06593590206466615
0.05954922712408006
0.06414381391368806
1.2467764778994024
0.056111027020961046
0.05074536707252264
0.052835808135569096
0.05304640298709273
0.07699147891253233
0.1770456249359995
0.06052523083053529
0.05669602891430259
0.05445079295895994
0.05977418785914779
0.05971760512329638
0.05637103505432606
0.07649277593009174
0.061021065106615424
0.08711087796837091
0.056910821003839374
0.05119345407001674
0.053871216950938106
0.05632149404846132
0.05466899601742625
0.06267984001897275
0.05347810895182192
0.058353910921141505
