0.6649249449837953
0.2996560188475996
0.27177728805691004
0.29183664498850703
0.49356485600583255
0.2544605201110244
0.2608761622104794
0.2942186410073191
0.30729170399717987
0.2780584010761231
0.32119772699661553
0.4833322570193559
0.30022242898121476
0.2628492289222777
0.49687280994839966
0.6301056379452348
0.3403048850595951
0.26571903214789927
0.4813070900272578
0.4153711558319628
0.14591974206268787
0.37621336802840233
0.5863438891246915
0.5055855908431113
0.3711231630295515
0.4208689769729972
0.43136325711384416
0.2974024589639157
0.3002087869681418
0.46610024594701827
0.3175213241484016
0.3467778949998319
0.3284062040038407
0.38107159407809377
0.32316580112092197
0.1836931169964373
0.499398625921458
0.4721285330597311
0.2535395659506321
0.6397404251620173
0.10662494599819183
0.41761271888390183
0.422740412177518
0.18080038507468998
0.5040162850636989
0.46513486513867974
0.28671480203047395
0.20189776294864714
0.15354926115833223
0.06403334089554846
