0.09725774195976555
0.08940653409808874
0.08634684002026916
0.09418601216748357
0.07846178906038404
0.07944170106202364
0.17684999504126608
0.08953471388667822
0.08058263105340302
0.0893636648543179
0.07962827594019473
0.099095816956833
0.08589371014386415
0.08355562505312264
0.0891247361432761
0.09770834702067077
0.07978836493566632
0.07784755993634462
0.07890821993350983
0.08458058792166412
0.07957302499562502
0.08221355988644063
0.07720772409811616
0.08618649700656533
0.17441858793608844
0.08634765516035259
0.09011414693668485
0.12455595494247973
0.15068834205158055
0.16754234093241394
0.14406360290013254
0.09077291493304074
0.08183889999054372
0.08963597798720002
0.0830820940900594
0.0877088000997901
0.09286871692165732
0.07968385796993971
0.09164548199623823
0.08349623484537005
0.08754503796808422
0.09137710207141936
0.07841532700695097
0.08794730715453625
0.08726924192160368
0.07664750912226737
0.08948367508128285
0.0850788438692689
0.08840510295704007
0.10641768388450146
