0.1921091489493847
0.17710026702843606
0.17566324397921562
0.18446731590665877
0.17704325704835355
0.17582861497066915
0.17303857509978116
0.1836154090706259
0.17610840895213187
0.1736629770603031
0.17497154790908098
0.18379070982336998
0.17909888201393187
0.18286597216501832
0.9502554661594331
0.1722513809800148
0.17460419097915292
0.17788148601539433
0.17302833101712167
0.17142733884975314
0.17517807590775192
0.20138062699697912
0.17977096093818545
0.18098449194803834
0.1741589680314064
0.17720753489993513
0.1732480579521507
0.2571797629352659
0.17899307096377015
0.17915304796770215
0.17257879301905632
0.1798087409697473
0.17718831193633378
0.1792313300538808
0.18097093096002936
0.1802012650296092
0.17784838494844735
0.17346922704018652
0.1712506008334458
0.18181797699071467
0.18227104819379747
0.17705804202705622
0.18087377585470676
0.17524984013289213
0.1797038889490068
0.17747937398962677
0.1738824408967048
0.17222888488322496
0.17166484310291708
0.18886594218201935
