0.2633094759657979
0.2594552088994533
0.2571941609494388
0.25315425219014287
0.25258305482566357
0.2567952589597553
0.25460918084718287
0.25880863005295396
0.27052157814614475
0.2591953210067004
0.2597523839212954
0.25629344186745584
0.2589437151327729
0.25664867693558335
0.25975532713346183
0.25364388385787606
0.28859792184084654
0.2560323649086058
0.25844952487386763
0.2550243828445673
0.26148145692422986
0.25443680700846016
0.2534200740046799
0.2608269399497658
0.2610252760350704
0.2583435238339007
0.2565788889769465
0.2592952100094408
0.2535090160090476
0.2516746330074966
0.2640345029067248
0.2634351321030408
0.25199713790789247
0.2591418030206114
0.2598306080326438
0.2545826288405806
0.26462485804222524
0.28019598103128374
0.266414457000792
0.2575817070901394
0.2545913078356534
0.2554995489772409
0.26960621401667595
0.25764233409427106
0.2601059030275792
0.26342107402160764
0.26386387390084565
0.29749509203247726
0.30445465887896717
0.2602765189949423
