0.18017507484182715
0.12281313794665039
0.11896297102794051
0.11681815702468157
0.12128933984786272
0.12313935998827219
0.12105525098741055
0.1183823011815548
0.120752336923033
0.11870136600919068
0.12319130916148424
0.11844734102487564
0.11731671495363116
0.11396113806404173
0.12182869901880622
0.11217533214949071
0.11623609205707908
0.12518309708684683
0.12705186614766717
0.12571810488589108
0.11530497996136546
0.9079787868540734
0.21444139699451625
0.12430175999179482
0.1149100218899548
0.11885125702247024
0.11959072016179562
0.12991586606949568
0.11872706795111299
0.11616281094029546
0.1271588730160147
0.31278121494688094
0.12285596202127635
0.1136471030768007
0.12049491587094963
0.12025887798517942
0.1276024568360299
0.11905057402327657
0.11799051985144615
0.11949845403432846
0.11225308408029377
0.11772991297766566
0.11502303997986019
0.11689927196130157
0.12218167912214994
0.12956780707463622
0.11528376303613186
0.12254311703145504
0.12204232905060053
0.12023264006711543
