0.3020465199369937
0.17365373903885484
0.18177239410579205
0.17529189004562795
0.17379454290494323
0.17512827808968723
0.18009707005694509
0.17869462189264596
0.1861451540607959
0.1752419259864837
0.1824990869499743
0.22299365908838809
0.17969726701267064
0.17643021512776613
0.1755306599661708
0.18000277993269265
0.17975823814049363
0.18936272989958525
0.18118058890104294
0.18372447206638753
0.18157992791384459
0.17387632909230888
0.18136133812367916
0.18998979590833187
0.17758957296609879
0.17528135306201875
0.1840727508533746
0.17410937906242907
0.1806183150038123
0.18400049395859241
0.18681614589877427
1.1654927518684417
0.1817209329456091
0.17691195802763104
0.1778206881135702
0.8689668870065361
0.18069587694481015
0.17819877504371107
0.17747671203687787
0.17711379216052592
0.18541743489913642
0.19029759312979877
0.17901180312037468
0.17849342804402113
0.19120642193593085
0.17802686989307404
0.18401032616384327
0.17590027395635843
0.17408494395203888
0.18567356886342168
