0.6075645398814231
0.16504306090064347
0.3829883518628776
0.2481737770140171
0.22746801399625838
0.29414008487947285
0.4096241199877113
0.3659180481918156
0.23430163692682981
0.317916139960289
0.3335525430738926
0.2635796279646456
0.38075007894076407
0.18924375786446035
0.2657913488801569
0.30767961894162
0.26246261107735336
0.2992215361446142
0.15622177999466658
0.2445224050898105
0.3315609348937869
0.16598162986338139
0.2995970919728279
0.31312330486252904
0.3631567261181772
0.30252419714815915
0.29345487290993333
0.3165050349198282
0.29137809318490326
0.4190893159247935
0.1520551461726427
0.3808584720827639
0.28670793492347
0.7697344978805631
0.2523750588297844
0.8487212408799678
0.1709646680392325
0.27775229793041945
0.3302130640950054
0.2653364730067551
0.14229998202063143
0.747328263008967
0.11457072803750634
0.4050053439568728
0.3012857330031693
0.15443102200515568
0.3095778520219028
0.2860675558913499
0.17197525408118963
0.2305460360366851
