0.7494280019309372
0.7333020900841802
0.25653976504690945
0.2537253419868648
0.20977008109912276
0.2515086350031197
0.3658714971970767
0.25233815400861204
0.37005194602534175
0.35236709006130695
0.19770755083300173
0.3748989989981055
0.3976133621763438
0.2797420669812709
0.31165129016153514
0.41532411286607385
0.33190397801809013
0.25929678906686604
0.25906971911899745
0.27184163802303374
0.29802183085121214
0.42287068418227136
0.3120208790060133
0.4024997791275382
0.3316223619040102
0.24595600203610957
0.2830635719001293
0.39334356295876205
0.4110707310028374
0.3247099779546261
0.3391632961574942
0.20365420007146895
0.26800799393095076
0.24583899485878646
0.2619484020397067
0.3018919159658253
0.37910692812874913
0.2893978569190949
0.3143426710739732
0.3702120459638536
0.23156201094388962
0.2957323929294944
0.20488020707853138
0.2902662609703839
0.40205359901301563
0.25696485699154437
0.32467507594265044
0.39915441698394716
0.22050182917155325
0.18279265705496073
