0.13188767433166504
0.10811352729797363
0.10638165473937988
0.10652375221252441
0.11180710792541504
0.11358761787414551
0.6640138626098633
0.10904598236083984
0.10532522201538086
0.10556173324584961
0.10561442375183105
0.10973072052001953
0.10868239402770996
0.11303186416625977
0.11297821998596191
0.10676431655883789
0.10925483703613281
0.1088876724243164
0.10908150672912598
0.10870695114135742
0.10744071006774902
0.1133730411529541
0.10860085487365723
0.10733366012573242
0.10637664794921875
0.10921835899353027
0.10831212997436523
0.11800503730773926
0.10729122161865234
0.10867500305175781
0.10597419738769531
0.10474371910095215
0.1330275535583496
0.11053872108459473
0.11123061180114746
0.11466526985168457
0.10879826545715332
0.10788559913635254
0.10508465766906738
0.6838517189025879
0.11173129081726074
0.11013054847717285
0.10528922080993652
0.11390542984008789
0.4738345146179199
2.0213489532470703
0.1062784194946289
0.1403212547302246
0.10529947280883789
0.10808491706848145
