0.13596391677856445
0.10718679428100586
0.10612297058105469
0.10746550559997559
0.10940718650817871
0.10657215118408203
0.10681605339050293
0.10620379447937012
0.10831618309020996
0.10723090171813965
0.11069965362548828
0.10962343215942383
0.11335468292236328
0.11153721809387207
0.1103212833404541
0.10565996170043945
0.10815834999084473
0.10680675506591797
0.1057271957397461
0.10851550102233887
0.1107492446899414
0.10665440559387207
0.11006021499633789
0.1070854663848877
0.10760116577148438
0.10837125778198242
0.11154699325561523
0.10636138916015625
0.1061868667602539
0.10815668106079102
0.10704398155212402
0.11467552185058594
0.12346434593200684
0.10563039779663086
0.11060452461242676
0.10814595222473145
0.10890936851501465
0.1087348461151123
0.10577750205993652
0.10784220695495605
0.1085209846496582
0.1059112548828125
0.10704994201660156
0.11302733421325684
0.10677671432495117
0.1064603328704834
0.10859155654907227
0.10749936103820801
0.10780024528503418
0.11196517944335938
