0.5481965029612184
0.33146127592772245
0.8092599168885499
0.23285450390540063
0.3253259980119765
0.2875122018158436
0.3251662489492446
0.30740271392278373
0.27215733798220754
0.20701020490378141
0.26766713079996407
0.2790176388807595
0.31978626595810056
0.3091309769079089
0.2548359960783273
0.35211200290359557
0.27373839309439063
0.2590866519603878
0.30357386195100844
0.2594446172006428
0.3574932930059731
0.22385019506327808
0.3594010069500655
0.2853838889859617
0.31792030995711684
0.3038999040145427
0.4158495629671961
0.2381514860317111
0.32359268399886787
0.3500018259510398
0.28308696392923594
0.3493007409851998
0.3040001338813454
0.24323931708931923
0.34343476803041995
0.31505738687701523
0.22541691805236042
0.44145200308412313
0.370396827114746
0.29891985305584967
0.20647740992717445
0.28037962689995766
0.3342407459858805
0.4154385100118816
0.30439620604738593
0.406569175189361
0.22585727903060615
0.17493011592887342
0.1736106970347464
0.1779047439340502
