0.045023441314697266
0.04224586486816406
0.04476642608642578
0.04558753967285156
0.04362678527832031
0.04384136199951172
0.048909902572631836
0.04815196990966797
0.04311537742614746
0.0460970401763916
0.04473114013671875
0.04764366149902344
0.04393196105957031
0.04160046577453613
0.04386281967163086
0.04500889778137207
0.04446673393249512
0.04549741744995117
0.04674196243286133
0.04327750205993652
0.04169583320617676
0.04421234130859375
0.042639970779418945
0.042940616607666016
0.04450178146362305
0.04634284973144531
0.04376101493835449
0.05083632469177246
0.04613065719604492
0.041635751724243164
0.04220151901245117
0.042066335678100586
0.0427706241607666
0.041811466217041016
0.04472923278808594
0.04230999946594238
0.04388427734375
0.04537343978881836
0.04475259780883789
0.044379234313964844
0.04232478141784668
0.04155611991882324
0.044403791427612305
0.042583465576171875
0.04385566711425781
0.044922828674316406
0.04526972770690918
0.0416417121887207
0.04560351371765137
0.04224228858947754
