0.05040717124938965
0.041971445083618164
0.042043209075927734
0.04434323310852051
0.04226326942443848
0.04297161102294922
0.04231619834899902
0.0474247932434082
0.04323124885559082
0.04463481903076172
0.04267001152038574
0.04167819023132324
0.04162144660949707
0.04648733139038086
0.045018911361694336
0.04422163963317871
0.04225301742553711
0.04291892051696777
0.04168987274169922
0.04264545440673828
0.04196333885192871
0.04368019104003906
0.04618263244628906
0.04531598091125488
0.04403853416442871
0.04292893409729004
0.042232513427734375
0.04410743713378906
0.04469609260559082
0.0434873104095459
0.04419517517089844
0.04232358932495117
0.04306221008300781
0.04316973686218262
0.04634666442871094
0.04252815246582031
0.04362654685974121
0.04173016548156738
0.04259896278381348
0.04391121864318848
0.041878461837768555
0.04605746269226074
0.04265475273132324
0.042327880859375
0.04448890686035156
0.04479217529296875
0.045477867126464844
0.04599905014038086
0.04295754432678223
0.042598724365234375
