0.05571603775024414
0.04684567451477051
0.042989253997802734
0.041895151138305664
0.04202604293823242
0.042096853256225586
0.04264116287231445
0.04216265678405762
0.04294180870056152
0.045461177825927734
0.044435739517211914
0.043387413024902344
0.043441057205200195
0.0446474552154541
0.042814016342163086
0.04233694076538086
0.04198455810546875
0.04174351692199707
0.042170047760009766
0.04257035255432129
0.04207491874694824
0.04519987106323242
0.04328346252441406
0.04218006134033203
0.04321908950805664
0.042043447494506836
0.04297995567321777
0.04225420951843262
0.043216705322265625
0.045705318450927734
0.041727542877197266
0.04347705841064453
0.04361748695373535
0.04272055625915527
0.04744315147399902
0.0437006950378418
0.043604373931884766
0.04268527030944824
0.04231548309326172
0.04623770713806152
0.04237508773803711
0.04392361640930176
0.0416569709777832
0.04244041442871094
0.042378902435302734
0.043640851974487305
0.04299473762512207
0.04906916618347168
0.045035362243652344
0.04278373718261719
