4.0963287353515625
2.100884199142456
2.620565176010132
3.0349814891815186
3.7194268703460693
2.996284008026123
3.1655335426330566
3.5927627086639404
3.6048009395599365
3.413665294647217
3.6434783935546875
3.4324426651000977
3.5700533390045166
3.9317257404327393
3.6245365142822266
3.6872875690460205
3.87760591506958
2.973572015762329
3.0344934463500977
3.2707879543304443
3.474222421646118
3.169240951538086
2.7988476753234863
3.8427562713623047
3.7645010948181152
3.9424307346343994
3.7697227001190186
3.7936928272247314
4.158655881881714
3.432755470275879
3.3373191356658936
2.887141704559326
3.982510566711426
3.1728708744049072
3.612574815750122
3.528905153274536
3.300654411315918
3.3893189430236816
3.046427011489868
3.1952781677246094
3.3802530765533447
3.0059804916381836
3.0383660793304443
3.7897417545318604
3.8232455253601074
4.1210620403289795
2.9800078868865967
2.7371985912323
1.4439780712127686
0.21883082389831543
