0.7981113682035357
0.29786921688355505
0.24187984899617732
0.24937692703679204
0.2921503570396453
0.2677337168715894
0.20396868092939258
0.24909034301526845
0.32893030089326203
0.32874671602621675
1.4002089030109346
0.2658551197964698
0.14503018115647137
0.2294208479579538
0.2550103690009564
0.3186733708716929
0.23092525312677026
0.28473051404580474
0.2699066230561584
1.2391757308505476
0.34037987305782735
0.27023119293153286
0.32035615015774965
0.2001823140308261
0.18825997319072485
0.24558328301645815
0.1770619449671358
0.18196169007569551
0.25285409204661846
0.16809571906924248
0.3581198640167713
0.276763997040689
0.24031260889023542
0.2159442249685526
0.2851665010675788
0.27834662795066833
0.3230319849681109
0.3381986159365624
0.1678919680416584
0.18056010804139078
0.22732176003046334
0.2893441778142005
0.17190202395431697
0.2755630509927869
0.24162921402603388
0.21571505721658468
0.3128079518210143
0.1869745149742812
0.1673499820753932
0.2363374528940767
