0.044653892517089844
0.046813011169433594
0.04572629928588867
0.04306817054748535
0.048967838287353516
0.04500579833984375
0.041704654693603516
0.04325556755065918
0.042102813720703125
0.04707956314086914
0.04187321662902832
0.04206132888793945
0.04437756538391113
0.044057369232177734
0.042641401290893555
0.042428016662597656
0.044107913970947266
0.046976327896118164
0.047495365142822266
0.042131900787353516
0.042330265045166016
0.04381418228149414
0.04326295852661133
0.0441896915435791
0.04571175575256348
0.04442882537841797
0.04267573356628418
0.043829917907714844
0.048178911209106445
0.04397726058959961
0.04176044464111328
0.04411792755126953
0.043145179748535156
0.04295182228088379
0.04301762580871582
0.04585742950439453
0.04380440711975098
0.044686079025268555
0.04297804832458496
0.046370506286621094
0.048004865646362305
0.0457148551940918
0.04297828674316406
0.043227195739746094
0.04189562797546387
0.04485273361206055
0.043534278869628906
0.047833919525146484
0.045279502868652344
0.04210019111633301
