0.4373292240779847
0.28413029108196497
0.18056384893134236
0.20839963410981
0.2132218978367746
0.21735394792631269
0.24107466405257583
0.249729725997895
0.27472437685355544
0.34820419596508145
0.24577842210419476
0.25082330498844385
0.20881102001294494
0.26428299280814826
0.22869234113022685
0.22591833909973502
0.22824824694544077
0.24712443095631897
0.18135259789414704
0.2714872909709811
0.2182354568503797
0.29244544217363
0.2301857490092516
0.2508106050081551
0.1968655961100012
0.2385335019789636
0.24043312994763255
0.24482808797620237
0.17552964901551604
0.20079996902495623
0.18498835898935795
0.23709628102369606
0.1943042390048504
0.2681726301088929
0.23591692792251706
0.24647022690624
0.2775277749169618
0.2683400318492204
0.20361284702084959
0.2372434528078884
0.31115942588075995
0.2320282869040966
0.31643640296533704
0.2234258851967752
0.23463968303985894
0.2983602511230856
0.17921498510986567
0.18297325214371085
0.1795280820224434
0.18549272394739091
