0.1661851406097412
0.1433699131011963
0.1107645034790039
0.1708216667175293
0.10836505889892578
0.11002922058105469
0.10773777961730957
0.11486601829528809
0.10635161399841309
0.10627436637878418
0.10828113555908203
0.10843777656555176
0.10562396049499512
0.10664939880371094
0.7664363384246826
0.11091113090515137
0.10610103607177734
0.1117246150970459
0.10504460334777832
0.14884066581726074
0.11294841766357422
0.12397027015686035
0.13984322547912598
0.10453414916992188
0.1103830337524414
0.10732865333557129
0.10642504692077637
0.1092531681060791
0.11181020736694336
0.10962867736816406
0.10562610626220703
0.10638570785522461
0.10954070091247559
0.10992264747619629
0.10702371597290039
0.10605120658874512
0.1061091423034668
0.10693120956420898
0.10593581199645996
0.1089935302734375
0.11308836936950684
0.1123802661895752
0.10559773445129395
0.11122322082519531
0.10820651054382324
0.10600805282592773
0.10775518417358398
0.10958433151245117
0.11331009864807129
0.1082770824432373
