0.17372870445251465
0.17996573448181152
0.10988378524780273
0.15294337272644043
0.10793638229370117
0.11016416549682617
0.11330413818359375
0.11196112632751465
0.10599732398986816
0.1047372817993164
0.10842752456665039
0.10751867294311523
0.10653471946716309
0.11120057106018066
0.12386918067932129
0.10932207107543945
0.10928106307983398
0.5063261985778809
0.44322800636291504
0.1389467716217041
0.10762286186218262
0.11220359802246094
0.10701227188110352
0.10796713829040527
0.11097598075866699
0.10891270637512207
0.10859465599060059
0.10866618156433105
0.1107320785522461
0.10916590690612793
0.1210927963256836
0.10859942436218262
0.10939645767211914
0.14034128189086914
0.11419272422790527
0.10817718505859375
0.10986185073852539
0.11131572723388672
0.10664534568786621
0.10799455642700195
0.24951863288879395
0.10840296745300293
0.1090848445892334
0.1043391227722168
0.11012601852416992
0.1049807071685791
0.10942506790161133
0.10797715187072754
0.10640668869018555
0.10762405395507812
