0.053565263748168945
0.04186201095581055
0.04741358757019043
0.04554152488708496
0.042646169662475586
0.043071746826171875
0.04421734809875488
0.04215550422668457
0.043068647384643555
0.04392051696777344
0.041701555252075195
0.04273056983947754
0.04386425018310547
0.043422698974609375
0.04650306701660156
0.04246950149536133
0.04464387893676758
0.0536801815032959
0.04461073875427246
0.04280900955200195
0.04708433151245117
0.04310202598571777
0.041579246520996094
0.04432034492492676
0.04650616645812988
0.04281330108642578
0.04525160789489746
0.041887521743774414
0.044239044189453125
0.04411673545837402
0.042955636978149414
0.04484367370605469
0.04602527618408203
0.042554616928100586
0.04243278503417969
0.041686058044433594
0.043280839920043945
0.04462170600891113
0.04496431350708008
0.0421452522277832
0.04311347007751465
0.04690146446228027
0.044304609298706055
0.0437009334564209
0.042757511138916016
0.04611682891845703
0.04226493835449219
0.04938507080078125
0.04238581657409668
0.04201364517211914
