0.9267108289059252
0.39413582580164075
0.21568944095633924
0.5440358349587768
0.27231978019699454
0.42115052696317434
0.3815520820207894
0.6449978528544307
0.5246961198281497
0.23442647396586835
0.2692479800898582
0.3725285269320011
0.3513660551980138
0.2971111279912293
0.3521395199932158
0.6259063400793821
0.49009561096318066
0.40114398510195315
0.26533514098264277
0.42517636506818235
0.34108845493756235
0.3886936139315367
0.5708835520781577
0.2812759787775576
0.2935286758001894
0.3827788110356778
0.21864196402020752
0.38886254793033004
0.3930665859952569
0.36988442996516824
0.40636650286614895
0.4136266829445958
0.387087486917153
0.27809215895831585
0.4881387099158019
0.4233012900222093
0.4811348970979452
0.3249824468512088
0.5020160800777376
0.5333677059970796
0.2297926798928529
0.24845218705013394
0.48141589388251305
0.2542019500397146
0.29576472006738186
0.4673665219452232
0.4051299800630659
0.16731440415605903
0.2212987239472568
0.16866836114786565
