0.9174379510805011
0.8559978730045259
0.31307085882872343
0.4947253039572388
0.4492019049357623
0.3184230250772089
0.38579727499745786
0.31088888901285827
0.1747513529844582
0.40009639505296946
0.29000982106663287
0.41301189200021327
0.46342533896677196
0.38632677192799747
0.3808967908844352
0.5568395350128412
0.40485270298086107
0.2524674490559846
0.3610710580833256
0.20997835090383887
0.35979418200440705
0.2983534769155085
0.2829518439248204
0.5610475500579923
0.3914553578943014
0.25594764295965433
0.2615832609590143
0.3459052911493927
0.24486691411584616
0.3896236401051283
0.31953599909320474
0.38040665606968105
0.2843369331676513
0.26308673107996583
0.2867913788650185
0.3706693628337234
0.2994412020780146
0.3235799940302968
0.31902119400911033
0.26766619994305074
0.35416372190229595
0.39360400615260005
0.24326166603714228
0.36347656394355
0.30845414288342
0.2312409069854766
0.40830696700140834
0.331269791116938
0.31630581500940025
0.21518201101571321
