0.4791784279514104
0.2480561260599643
0.32763367099687457
0.4095346739050001
0.16457541496492922
0.22134675015695393
0.43363452493213117
0.1443386389873922
0.33893737895414233
0.32620910299010575
0.2405822209548205
0.35950035508722067
0.2736457851715386
1.1366297658532858
0.4636852899566293
0.258620009990409
0.2809844098519534
0.3403192809782922
0.3166696638800204
0.1488104669842869
0.3625812609679997
0.31510423496365547
0.4262053610291332
0.3292727549560368
0.33846377208828926
0.5257116740103811
0.752110413974151
0.36491845711134374
0.283806273015216
0.34958326490595937
0.33188948105089366
0.4052470058668405
0.36318976688198745
0.3804858250077814
0.38380016991868615
0.262179734185338
0.33398577314801514
0.4189504529349506
0.39053575601428747
0.7541617639362812
0.251230888068676
0.3805758520029485
0.4229372451081872
0.2591308339033276
0.31456957408227026
0.3141010911203921
0.4823795980773866
0.38725136895664036
0.16328459000214934
0.15230973390862346
