4.374395370483398
4.2494378089904785
4.006230115890503
2.985705852508545
3.2338390350341797
3.3803861141204834
2.4998552799224854
3.5130465030670166
3.206540107727051
3.4344213008880615
3.296407461166382
3.288857936859131
3.6927480697631836
3.0162220001220703
3.3035218715667725
3.754211664199829
3.1822657585144043
3.18733811378479
3.2408454418182373
3.5393917560577393
4.094829797744751
2.9174110889434814
3.694535970687866
3.942750930786133
3.618439197540283
3.525381565093994
3.1531169414520264
3.037966012954712
3.596033811569214
3.5929038524627686
3.3714842796325684
4.059664011001587
3.037426710128784
3.5439438819885254
3.4657907485961914
3.258023500442505
3.255242109298706
2.854418992996216
4.575405120849609
3.7946228981018066
3.273306131362915
2.098956823348999
3.0752694606781006
3.827571392059326
2.805455446243286
4.233504295349121
3.308007001876831
4.589481592178345
3.440739631652832
2.534743547439575
