0.4341419260017574
0.8226605819072574
0.3170469310134649
0.22875654604285955
0.24662721599452198
0.18412357801571488
0.18826453085057437
0.316345774801448
0.24776207003742456
0.11932996800169349
0.3369323399383575
0.571167608955875
0.17791451909579337
0.25851153512485325
0.22566817793995142
0.3312852729577571
0.20977153396233916
0.34055796498432755
0.217205794993788
0.257715828018263
0.21747166011482477
0.5143570848740637
0.2563694668933749
0.29851611400954425
0.32069071219302714
0.2749609719030559
0.20542271388694644
0.31701366207562387
0.13366607297211885
0.29357626498676836
0.19203742989338934
0.22169643989764154
0.32763834414072335
0.3392460320610553
0.18721389980055392
0.17896337318234146
0.31416577100753784
0.2988877559546381
0.39669615402817726
0.11253253696486354
0.2612145768944174
0.19602751196362078
0.26840675179846585
0.21655362495221198
0.22775278287008405
0.15077828196808696
0.3333012070506811
0.15476997196674347
0.15561485709622502
0.21859540999867022
