0.4064514432102442
0.15462324698455632
0.151238288031891
0.19323641620576382
0.3083655599039048
0.11327494587749243
0.3366651898249984
0.11819922388531268
0.15504561318084598
0.245597017230466
0.18726333207450807
0.28873557900078595
0.19890459603630006
0.1605160660110414
0.11923141102306545
0.12922451691702008
0.3188261699397117
0.20491312304511666
0.2987136181909591
0.2059014670085162
0.2706020539626479
0.1668353220447898
0.19388004206120968
0.12025119503960013
0.22417304408736527
0.1633155921008438
0.1581350809428841
0.11556193395517766
0.24271190608851612
0.14419967797584832
0.29085562308318913
0.2675059549510479
0.18768153409473598
0.19422187190502882
0.1621794479433447
0.1925629018805921
0.13022613897919655
0.1257704528979957
0.29215896083042026
0.24278588104061782
0.22474352596327662
0.158051768084988
0.1915699711535126
0.23445147508755326
1.799392277840525
0.17266214080154896
0.12406960083171725
0.12362258392386138
0.1527786657679826
0.127551764016971
