0.1717681884765625
0.1078181266784668
0.12497496604919434
0.1056523323059082
0.10691666603088379
0.1090242862701416
0.1112070083618164
0.1076653003692627
0.10728573799133301
0.10798382759094238
0.1106255054473877
0.1113748550415039
0.1087791919708252
0.1136322021484375
0.11021232604980469
0.11022710800170898
0.10802555084228516
0.1149754524230957
0.4597899913787842
0.10839128494262695
0.10895872116088867
0.11231541633605957
0.10873651504516602
0.40737223625183105
0.10569643974304199
0.10660028457641602
0.10891342163085938
0.7814064025878906
0.10959959030151367
0.10649895668029785
0.269803524017334
0.1075754165649414
0.10718607902526855
0.11028075218200684
0.10712003707885742
0.1061699390411377
0.1093602180480957
0.10730814933776855
0.10651898384094238
0.10625648498535156
0.10900306701660156
0.1115727424621582
0.10583233833312988
0.11443901062011719
0.10952544212341309
0.10560464859008789
0.10453677177429199
0.2659437656402588
0.10824871063232422
0.1057283878326416
