0.49868484400212765
0.18446945794858038
0.18761193403042853
0.1343439829070121
0.16567569598555565
0.1363787141162902
0.12426432291977108
0.11808264092542231
0.12967344978824258
0.1828894370701164
0.12056853692047298
0.18489813501946628
0.12237119302153587
0.1162170919124037
0.2108416820410639
0.11516040679998696
0.14319298695772886
0.12881658202968538
0.17436949303373694
0.13353969692252576
0.11854938906617463
0.11799927591346204
0.12147016706876457
0.2382853040471673
0.12013748800382018
0.12848739488981664
0.15827120398171246
0.11387937283143401
0.23159278696402907
0.23330527707003057
0.1274865351151675
0.17259458685293794
0.20237506297416985
0.18210823205299675
0.12481332197785378
0.18490560515783727
0.6129228582140058
0.5317614281084388
0.11987893399782479
0.12399777700193226
0.35224270401522517
0.15273277810774744
0.16192860598675907
0.1635544269811362
0.11412796098738909
0.13350597280077636
0.1593593880534172
0.13830354809761047
0.2147161760367453
0.17207812704145908
