0.8975855470634997
0.24466143804602325
0.23899351502768695
0.31341976183466613
0.394843083107844
0.2948724830057472
0.33526157191954553
0.216285381000489
0.3095261971466243
0.26502897683531046
0.19593562302179635
0.2128860498778522
0.885534652043134
0.7146520370151848
0.4353568491060287
0.34223868302069604
0.29467509291134775
0.18632613285444677
0.2579154490958899
0.23182385507971048
0.23733895900659263
0.25050999387167394
0.9778820839710534
0.17538268701173365
0.27948225499130785
0.34950623917393386
0.21511319698765874
0.2016837929841131
0.31331278290599585
0.25773169891908765
0.2756921350955963
0.22632105299271643
0.2675693449564278
0.22506663808599114
0.1850535781122744
0.18228137912228703
0.2731445571407676
0.23960184189490974
0.24674513610079885
0.2699976998846978
0.2071571450214833
0.27272790600545704
0.28163265786133707
0.3339319690130651
0.2707081709522754
0.18528625299222767
0.2680711119901389
0.2428816321771592
0.24219444999471307
0.846592805115506
