0.14536428451538086
0.13219928741455078
0.1370093822479248
0.10683894157409668
0.11031270027160645
0.10904288291931152
0.11523294448852539
0.11006951332092285
0.11479377746582031
0.10566496849060059
0.10560131072998047
0.10777711868286133
0.1107938289642334
1.0841643810272217
0.10633063316345215
0.10801935195922852
0.10684037208557129
0.10663342475891113
0.1101677417755127
0.11259579658508301
0.10735201835632324
0.12091064453125
0.11475801467895508
0.10730457305908203
0.10824465751647949
0.10641646385192871
0.11274862289428711
0.10696959495544434
0.10522270202636719
0.10472607612609863
0.10823512077331543
0.12074065208435059
0.10586071014404297
0.10944366455078125
0.10507559776306152
0.11855840682983398
0.48148274421691895
0.10939788818359375
0.10535240173339844
0.10595250129699707
0.11213302612304688
0.10678291320800781
0.1054086685180664
0.11189627647399902
0.11070513725280762
0.10787367820739746
0.11042070388793945
0.4199333190917969
0.11143970489501953
0.10778236389160156
