0.4682905478402972
0.1275424340274185
0.3817062680609524
0.9729408889543265
0.3656751778908074
0.3944896061439067
0.19054633798077703
0.2977975339163095
0.46291429083794355
0.46781658497639
0.9063123199157417
0.41697319387458265
0.14888082584366202
0.2763863131403923
0.27757535385899246
0.2677578830625862
0.5287387538701296
0.24828948685899377
0.15132918185554445
0.27869672584347427
0.3181145179551095
0.17292687110602856
0.18377563101239502
0.18137024785391986
0.28200943884439766
0.26444123103283346
0.39770882693119347
0.3399114729836583
0.24853670201264322
0.5565747730433941
0.2296187849715352
0.5421370919793844
0.3136630898807198
0.39515802217647433
0.43248215899802744
0.2094645109027624
0.2015434519853443
0.16011064290069044
0.24848628719337285
0.21954441000707448
0.2715991467703134
0.41367480205371976
0.9491963600739837
0.17302717291750014
0.167768029961735
0.219645616132766
0.20264706504531205
0.12492305901832879
0.11905898316763341
0.11843702895566821
