0.7556879159528762
0.43387610698118806
0.46337941684760153
0.34826896991580725
0.24431949411518872
0.42655320186167955
0.40494148689322174
0.5230096629820764
0.41297801095061004
0.37336863297969103
0.3386750540230423
0.3404765820596367
0.3790812490042299
0.3265028370078653
0.3998010428622365
0.33255596994422376
0.2677696521859616
0.48847404308617115
0.34066816908307374
0.20937573304399848
0.28964732005260885
0.36097469786182046
0.38061728212051094
0.4954497499857098
0.18979949317872524
0.3775387241039425
0.25630738283507526
0.3777242039795965
0.25657239905558527
0.4849221399053931
0.34412426594644785
0.4246875229291618
0.4151968189980835
0.3992116879671812
0.2766165907960385
0.2947042139712721
0.18844878603704274
0.18498828797601163
0.31675390410237014
0.48032770585268736
0.295524061890319
0.4484976448584348
0.17757500312291086
0.2546629880089313
0.3325266588944942
0.41795023693703115
0.6953998159151524
0.2868724388536066
0.12009631399996579
0.28412568708881736
