2.0620431900024414
1.5874617099761963
1.0522608757019043
1.2871150970458984
1.05574369430542
2.6447842121124268
1.6341495513916016
2.4862425327301025
1.2678782939910889
1.2866992950439453
1.7689838409423828
1.2515733242034912
1.5085663795471191
1.437570333480835
2.1362991333007812
1.3646347522735596
1.520446538925171
2.0204508304595947
1.5471646785736084
1.1630964279174805
1.1273887157440186
1.5988194942474365
1.8573524951934814
1.4925024509429932
1.5750045776367188
1.3552019596099854
1.812119960784912
1.2510631084442139
1.4806938171386719
1.6685914993286133
1.6270778179168701
1.4896574020385742
1.476252555847168
1.6687099933624268
0.9391493797302246
1.9913878440856934
1.4283816814422607
1.6931946277618408
1.801163911819458
1.3205997943878174
1.7317252159118652
1.1675355434417725
1.5841243267059326
1.2129335403442383
1.576185941696167
1.4728145599365234
1.704756736755371
1.2378861904144287
1.5195231437683105
1.287700891494751
