0.7665089040528983
0.37501068296842277
0.5644951730500907
0.49323091097176075
0.22969555715098977
0.3462022510357201
0.5760017819702625
0.19197144987992942
0.4825906150508672
0.2155678931158036
0.27770909504033625
0.5232300909701735
0.3542096489109099
0.2781530551146716
0.4288209618534893
0.4114559709560126
0.5658076819963753
0.4107106230221689
0.3339036318939179
0.50304498616606
0.4152169581502676
0.3692647342104465
0.41731829289346933
0.5388873158954084
0.4237938430160284
0.3419029868673533
0.31118449312634766
0.41896672802977264
0.41979376901872456
0.7030733309220523
0.47207220387645066
0.21119699091650546
0.4628156488761306
0.5114603459369391
0.34856091206893325
0.31358549813739955
0.22768247895874083
0.3635479798540473
0.2355503449216485
0.3042440649587661
0.172474998049438
0.3058413660619408
0.3521323229651898
0.18475402891635895
0.6896973429247737
0.3206743239425123
0.39892986393533647
0.31554633216001093
0.3937723741400987
0.27130899694748223
