1.1739542484283447
0.6517372131347656
0.11100411415100098
0.10918068885803223
0.10570502281188965
0.11717748641967773
0.1072242259979248
0.10793590545654297
0.11045622825622559
0.10900163650512695
0.11263465881347656
0.11050033569335938
0.1065666675567627
0.10771417617797852
0.1070699691772461
0.10707354545593262
0.11065983772277832
0.1107645034790039
0.10694336891174316
0.1048731803894043
0.2655363082885742
1.906043529510498
0.10766458511352539
0.10822033882141113
0.10822272300720215
0.10635137557983398
0.10744857788085938
0.10555720329284668
0.10633635520935059
0.10668754577636719
0.10735464096069336
0.11113595962524414
0.10562682151794434
0.10786724090576172
0.10657262802124023
0.11339020729064941
0.10952138900756836
0.10836982727050781
0.10705113410949707
0.10905790328979492
0.11754703521728516
0.2491474151611328
0.11088967323303223
0.1114649772644043
0.11014437675476074
0.10679125785827637
0.1109161376953125
0.1106877326965332
0.10500025749206543
0.10607647895812988
