0.45335874194279313
0.11651485599577427
0.17450843704864383
0.15831340104341507
0.11399997491389513
0.2646459371317178
0.24191973614506423
0.12024644785560668
0.11780565395019948
0.19192378991283476
0.14343341602943838
0.12227012100629508
0.11682510795071721
0.1776616049464792
0.1612362009473145
0.2072424180805683
0.1162320519797504
0.13587329094298184
0.11768864095211029
0.1507200349587947
0.15234601101838052
0.18649571808055043
0.16589105315506458
0.1991112909745425
0.11765235383063555
0.3127894450444728
0.11616042605601251
0.15412604808807373
0.11533328890800476
0.12312709190882742
0.1277193590067327
0.24859151197597384
0.1270403100643307
0.11842858698219061
0.1544835928361863
0.11625847686082125
0.11860444094054401
0.13953267387114465
0.12080082600004971
0.1157194129191339
0.15487900795415044
0.16649903310462832
0.15687271603383124
0.11616116599179804
0.23227220796979964
0.12328840093687177
0.2437018328346312
0.11704350006766617
0.16585804801434278
0.12314172694459558
