3.4143078327178955
2.896846294403076
1.5738134384155273
2.3102378845214844
3.658128261566162
3.5622353553771973
2.229194164276123
2.3352110385894775
2.977454423904419
3.277271270751953
3.4391276836395264
2.8274879455566406
2.8815159797668457
2.0908255577087402
2.548001289367676
2.884768009185791
2.889674425125122
2.701303482055664
2.326585292816162
3.085798501968384
1.8466236591339111
2.2788896560668945
2.4903995990753174
2.4695537090301514
2.214151382446289
2.0661394596099854
3.4755022525787354
2.797346353530884
2.8464267253875732
2.529829263687134
2.1472346782684326
2.624753952026367
2.0427379608154297
2.870875835418701
2.513563632965088
3.7610549926757812
2.6444411277770996
2.941849946975708
3.4574549198150635
2.120131015777588
3.445162534713745
2.715174674987793
2.6180686950683594
2.6214356422424316
2.4974112510681152
2.4726922512054443
2.774033546447754
2.773090124130249
2.6798534393310547
3.0307106971740723
