0.8960177360568196
0.39422026090323925
0.3730453720781952
0.38562609907239676
0.14589390996843576
0.3286860450170934
0.2744574770331383
0.3118487522006035
0.4115643589757383
0.12605455005541444
0.4882631809450686
0.4632736740168184
0.5081418680492789
0.13897118298336864
0.44877881091088057
0.48719800799153745
0.2321018809452653
0.3120638211257756
0.3628262700513005
0.29501969390548766
0.36741861514747143
0.34832519199699163
0.2676075741183013
0.5308465131092817
0.2935508210211992
0.5679654609411955
0.210068711778149
0.36918036499992013
0.20153084211051464
0.45684857200831175
0.23924323311075568
0.30547920102253556
0.28130644490011036
0.35082589788362384
0.3794708598870784
0.4393590569961816
0.4160555829294026
0.258786688093096
0.23584682308137417
0.24780418304726481
0.41048172302544117
0.4715422138106078
0.24820917192846537
0.4925245698541403
0.2409501939546317
0.4162177271209657
0.49452887498773634
0.18857702612876892
0.7578310088720173
0.14553018403239548
