0.6136435510125011
0.22262470913119614
0.19529301417060196
0.43697234080173075
0.24778987281024456
0.26103327609598637
0.1998577390331775
0.2219642549753189
0.29251187294721603
0.2409590349998325
0.23808739287778735
0.21027792198583484
0.2553566319402307
0.2276662839576602
0.26493164896965027
0.18816598295234144
0.2055265619419515
0.23214526008814573
0.2819914079736918
0.20849967608228326
0.23354860907420516
0.22128754085861146
0.19647482899017632
0.21446586190722883
0.21580203995108604
0.2585955539252609
0.2901797918602824
0.24693745304830372
0.2002144968137145
0.23535978188738227
0.20957019506022334
0.22259767702780664
0.21648794901557267
0.22859979094937444
0.2597282989881933
0.2553638711106032
0.29224344389513135
0.2834974729921669
0.34493058593943715
0.219154539052397
0.3445355750154704
0.18340869713574648
0.2353591660503298
0.20639586285687983
0.24113480118103325
0.27267691888846457
0.2583298538811505
0.25301960203796625
0.2769178990274668
0.17764725792221725
