0.6590829419437796
0.11720196600072086
0.5048618519213051
0.23396982112899423
0.31534033897332847
0.15064078196883202
0.17942839791066945
0.14858938194811344
0.38624324300326407
0.21281136595644057
0.16503585199825466
0.17063083592802286
0.18864672584459186
0.23693005787208676
0.22217538696713746
0.2831432819366455
0.1676421770825982
0.12849710904993117
0.19167165085673332
0.7954960260540247
0.12061782390810549
0.1341857649385929
0.2673243551980704
0.21836721408180892
0.3084138138219714
0.22818117612041533
0.285418565152213
0.21532569103874266
0.2881928379647434
0.21373474085703492
0.2854035880882293
0.16403302503749728
0.1166069710161537
0.15752460388466716
0.6140659828670323
0.3032860769890249
0.5509970139246434
0.1764736210461706
0.3019078499637544
0.5978673461358994
0.29961966001428664
0.190338364103809
0.2306582499295473
0.2270255060866475
0.11930133705027401
0.24415234592743218
0.1754505019634962
0.13439537701196969
0.2008173691574484
0.12122844392433763
