0.919829353922978
0.9862912108656019
0.4001518418081105
0.2207097930368036
0.35284526995383203
0.35028431192040443
0.40137124503962696
0.3465648889541626
0.30977168190293014
0.3781217660289258
0.21558310510590672
0.34808366489596665
0.3148619378916919
0.30445655807852745
0.4823996489867568
0.35739296791143715
0.40972783602774143
0.3100208919495344
0.20964893186464906
0.3384800630155951
0.5258647031150758
0.40484219905920327
0.36476162006147206
0.27899966505356133
0.31958497897721827
0.2688362149056047
0.36223641503602266
0.33194400393404067
0.3213807442225516
0.33358299592509866
0.23784747999161482
0.25478164106607437
0.3828263320028782
0.3166572928894311
0.3267062339000404
0.4614037680439651
0.3551870360970497
0.20704099396243691
0.40151288406923413
0.2545181110035628
0.22213551006279886
0.317341665038839
0.2856110029388219
0.26600237586535513
0.35881660995073617
0.3420701629947871
0.29348914278671145
0.17334036389365792
0.17462895903736353
0.4750148260500282
