1.896146535873413
1.5117275714874268
1.2264933586120605
1.1329381465911865
0.8766484260559082
1.0382318496704102
1.0834357738494873
1.1051201820373535
1.490785837173462
1.225322961807251
0.8276653289794922
1.4581637382507324
1.1679472923278809
0.8815133571624756
1.3971576690673828
1.3641650676727295
0.9581623077392578
1.3389179706573486
0.9887309074401855
1.3107917308807373
1.062366247177124
1.1620287895202637
1.4561865329742432
1.4826388359069824
1.2357263565063477
0.6616182327270508
1.2800359725952148
1.5074107646942139
1.00288987159729
1.2625412940979004
1.5842697620391846
1.5769147872924805
0.917884111404419
0.6546895503997803
1.5553364753723145
1.4152517318725586
1.0134599208831787
0.9446656703948975
1.048750877380371
1.3761780261993408
0.7876372337341309
1.2659828662872314
1.138035774230957
1.2843074798583984
0.7585892677307129
1.3850419521331787
1.4656610488891602
1.6335861682891846
1.5512378215789795
1.1644718647003174
