4.556156635284424
4.425229072570801
3.018686294555664
3.312674045562744
2.9851186275482178
3.090062379837036
3.6386759281158447
2.782475471496582
3.9846155643463135
3.4421567916870117
3.543242931365967
3.853848934173584
3.532947301864624
3.213681221008301
4.116909503936768
3.0221352577209473
3.1321799755096436
3.2047598361968994
3.5967535972595215
2.81573486328125
4.2826831340789795
3.708202600479126
3.7895724773406982
3.0272510051727295
3.1263444423675537
3.6610376834869385
3.6681618690490723
3.478823661804199
2.8194963932037354
2.741086959838867
3.0050501823425293
3.462272882461548
2.7627766132354736
3.9909307956695557
3.3722939491271973
3.354013204574585
3.4488511085510254
3.1447386741638184
3.2551980018615723
3.3392980098724365
3.4366543292999268
3.059237480163574
2.7810282707214355
2.6600747108459473
3.594621181488037
3.7216405868530273
3.7428081035614014
2.035571813583374
1.8134772777557373
0.21915197372436523
