0.05266094207763672
0.04472208023071289
0.0418858528137207
0.05096697807312012
0.04529571533203125
0.05032992362976074
0.04414510726928711
0.042087554931640625
0.04223442077636719
0.04390764236450195
0.04200601577758789
0.04289412498474121
0.04298734664916992
0.042845726013183594
0.04300951957702637
0.04417109489440918
0.047216176986694336
0.04237627983093262
0.04208207130432129
0.046732425689697266
0.0439753532409668
0.044394493103027344
0.042948007583618164
0.04420638084411621
0.04788851737976074
0.04752969741821289
0.04272127151489258
0.04855799674987793
0.04414486885070801
0.04276299476623535
0.04360795021057129
0.04394865036010742
0.04256439208984375
0.043996334075927734
0.04288792610168457
0.046140193939208984
0.04626154899597168
0.042641401290893555
0.04919314384460449
0.04622936248779297
0.044510602951049805
0.04562807083129883
0.04350686073303223
0.043929100036621094
0.04327821731567383
0.04242730140686035
0.04225468635559082
0.04688715934753418
0.042800188064575195
0.04527854919433594
