1.010303562041372
0.32988095888867974
0.690920173889026
0.35659116599708796
0.32377691799774766
0.2803978689480573
0.344737809849903
0.5265585600864142
0.23801119392737746
0.4010236549656838
0.1607339489273727
0.4012184308376163
0.2872660600114614
0.7713865679688752
0.33994054491631687
0.3263263078406453
0.4263882718514651
0.4264196699950844
0.23818810912780464
0.5977531420066953
0.3838117690756917
0.1743001628201455
0.4019229528494179
0.26604336500167847
0.2806686609983444
0.36960442503914237
0.33453942905180156
0.4950874240603298
0.3659806458745152
0.4961863290518522
0.1789962339680642
0.25349768600426614
0.147442587884143
0.4216068801470101
0.134741703979671
0.412092202110216
0.3291324928868562
0.5192815340124071
0.295402925927192
0.4620106618385762
0.13647007988765836
0.17219429486431181
0.3127176030538976
0.24930224800482392
0.4499519788660109
0.4478501060511917
0.1676920331083238
0.3993443090002984
0.3360647449735552
0.30654808413237333
