0.5461992551572621
0.1280090829823166
0.30409207893535495
0.26771252090111375
0.19752353709191084
0.16901596798561513
0.15967089007608593
0.3626314748544246
0.2462915030773729
0.33549484610557556
0.31791364401578903
0.24929821398109198
0.4045180259272456
0.2573603701312095
0.4183898470364511
0.32215187093243003
0.27477020607329905
0.49351893179118633
0.2465309640392661
0.3125149130355567
0.2675512991845608
0.2623260971158743
0.15350094996392727
0.23273765784688294
0.4858564690221101
0.3081886409781873
0.3764536129310727
0.33755478891544044
0.2582962131127715
0.2650166559033096
0.2464074930176139
0.3099817750044167
0.4222920050378889
0.292712246067822
0.2418027319945395
0.37870082608424127
0.8983023299369961
0.6642552639823407
0.2396909419912845
0.32204720890149474
0.16102346195839345
0.1700372090563178
0.15665785409510136
0.3515130009036511
0.39440074702724814
0.7502211120445281
0.19856826309114695
0.3553880068939179
0.28229107498191297
0.17347748903557658
