0.18194818496704102
0.11192989349365234
0.1255321502685547
0.13290810585021973
0.10529422760009766
0.10883569717407227
0.11307048797607422
0.10585951805114746
0.10838627815246582
0.11969208717346191
0.10448503494262695
0.10777521133422852
0.10670590400695801
0.10664176940917969
0.11274027824401855
0.9434561729431152
0.10724973678588867
0.10750555992126465
0.10736489295959473
0.11344456672668457
0.10885310173034668
0.12380695343017578
0.10650420188903809
0.14898347854614258
0.11170148849487305
0.10487580299377441
0.11114692687988281
0.11717557907104492
0.10920143127441406
0.10541892051696777
0.11057019233703613
0.1048274040222168
0.10596823692321777
0.10683393478393555
0.10727882385253906
0.10487055778503418
0.1075587272644043
0.1056983470916748
0.13995051383972168
0.14725160598754883
0.10887265205383301
0.10762357711791992
0.1058950424194336
0.10929417610168457
0.11124205589294434
0.10755491256713867
0.1109468936920166
0.1085505485534668
0.10892415046691895
0.1142425537109375
