1.8920071125030518
1.5987393856048584
1.5699591636657715
1.273996353149414
0.9844565391540527
1.266646146774292
1.2812376022338867
0.7331786155700684
1.5526528358459473
1.5732321739196777
1.6105525493621826
1.1251676082611084
1.1249041557312012
0.73258376121521
1.3740665912628174
1.2978551387786865
0.987776517868042
1.325923204421997
1.3723325729370117
0.9429881572723389
1.1521461009979248
1.0861592292785645
1.0397374629974365
1.2011582851409912
0.8770434856414795
1.3013265132904053
1.611799955368042
1.0808062553405762
1.1978585720062256
0.982903003692627
1.226806879043579
1.0503394603729248
0.9982974529266357
1.3992116451263428
1.7209031581878662
1.3287255764007568
0.990107536315918
1.066603183746338
1.0364704132080078
1.036970615386963
1.3199355602264404
1.0917267799377441
1.3636350631713867
1.3248717784881592
1.0202343463897705
1.0665547847747803
1.8238825798034668
1.4152634143829346
1.4531962871551514
1.12255859375
