0.2414411730132997
0.17938235797919333
0.18430029298178852
0.18034390592947602
0.18422353500500321
0.17539502517320216
0.17202887288294733
0.17972698481753469
0.18172627803869545
0.17373724607750773
0.17549016792327166
0.1770168379880488
0.18050399981439114
0.17456459696404636
0.17693644692189991
0.18204761995002627
0.1727988759521395
0.2022961841430515
0.17648815200664103
0.1882990589365363
0.17773666605353355
0.17367022205144167
0.17864668206311762
0.17908558109775186
0.18260729778558016
0.18886531004682183
0.17741035297513008
0.1782084710430354
0.19562582205981016
1.5051430310122669
0.17460250994190574
0.17912464286200702
0.17610231693834066
0.1804295650217682
0.179084992967546
0.17563277785666287
0.18797332514077425
0.18536207592114806
0.18053941917605698
0.18091999692842364
0.17552690696902573
0.17455520993098617
0.17504995502531528
0.18575763097032905
0.17561556492000818
0.18186637805774808
0.17544808611273766
0.17956544598564506
0.37106046197004616
0.18748336797580123
