0.19671988487243652
0.2728288173675537
0.1078195571899414
0.11479544639587402
0.11308526992797852
0.17803096771240234
0.12990784645080566
0.10998678207397461
0.10999894142150879
0.10721850395202637
0.1069343090057373
0.11015439033508301
0.10785627365112305
0.11079573631286621
0.11224746704101562
0.10713338851928711
0.10546708106994629
0.11350512504577637
0.10990595817565918
0.11006832122802734
0.1097264289855957
0.10613369941711426
0.10950350761413574
0.107452392578125
0.11079192161560059
0.1053764820098877
0.11388850212097168
0.10755085945129395
0.10498571395874023
0.11082243919372559
0.11561799049377441
0.10840129852294922
0.10629606246948242
0.10768628120422363
0.10557961463928223
0.1143484115600586
0.10618758201599121
0.10810399055480957
0.7393269538879395
0.10931634902954102
0.10932517051696777
0.10716962814331055
0.11369585990905762
0.10753345489501953
0.10994577407836914
0.2563154697418213
0.10931396484375
0.8150579929351807
0.11206459999084473
0.11225128173828125
