0.44138500397093594
0.2195014669559896
0.20523565798066556
0.1989829100202769
0.18451877497136593
0.17745003709569573
0.18246205104514956
0.2311035159509629
0.17308309604413807
0.6160032339394093
0.1769408187828958
0.24538526707328856
0.1830339168664068
0.18160417792387307
0.17310946714133024
0.19031192502006888
0.21418396197259426
0.17313453881070018
0.2607256700284779
0.17304656910710037
0.18506956612691283
1.4070637610275298
0.43442648090422153
0.19390069204382598
0.1787057789042592
0.1817472418770194
0.18166243098676205
0.17459658510051668
0.18354570493102074
0.19400002690963447
0.17951450101099908
0.17593077896162868
0.181139170890674
0.19851936493068933
0.1771576520986855
0.6258636920247227
0.4128893450833857
0.18080036900937557
0.2439874759875238
0.18333414616063237
0.18075873400084674
0.17487736605107784
0.1841036130208522
0.1766023221425712
0.20030055986717343
0.19608593499287963
0.17334543401375413
0.18011763994581997
0.17863710899837315
0.1724754839669913
