1.0282619670033455
0.5724085681140423
0.35327319893985987
0.3201538589783013
0.3715275030117482
0.3173829650040716
0.21577100199647248
0.2626095360610634
0.28700759913772345
0.3926590159535408
0.26465842011384666
0.24417768511921167
0.3672034440096468
0.3539244239218533
0.2588390479795635
0.5709269400686026
0.3354915620293468
0.27197504695504904
0.339741175994277
0.35802218317985535
0.22939108917489648
0.40448067197576165
0.3714542090892792
0.30365580902434886
0.37473804992623627
0.2508400469087064
0.36626911419443786
0.19891715608537197
0.4011903991922736
0.30870187981054187
0.26744392211548984
0.24113081698305905
0.45987232797779143
0.2576783399563283
0.38941629114560783
0.3254819910507649
0.4567339080385864
0.49685291992500424
0.20426410506479442
0.35393321397714317
0.3728226199746132
0.3781972399447113
0.3579305880703032
0.3099465190898627
0.26871735509485006
0.38511238317005336
0.36289852298796177
0.3605827228166163
0.18969327001832426
0.2022284879349172
