0.12400952586904168
0.11920228903181851
0.1194158389698714
0.11893669003620744
0.11696793185546994
0.12350404518656433
0.12454938679002225
0.12339336308650672
0.11596920690499246
0.12732685613445938
0.12110896199010313
0.12633943208493292
0.11888645892031491
0.11634094803594053
0.12021760595962405
0.583343249047175
0.11686230613850057
0.1258020307868719
0.1314766900613904
0.11364980996586382
0.11861378606408834
0.11694418988190591
0.12144491099752486
0.1201014940161258
0.11507131019607186
0.12068563397042453
0.12799716205336154
0.1244987000245601
0.11892904387786984
0.11565584596246481
0.11476790113374591
0.1174200598616153
0.125422049080953
0.1182301661465317
0.12351830303668976
0.11564750084653497
0.11975344480015337
0.12295174691826105
0.12250681314617395
0.1216858730185777
0.1277277439367026
0.11882930900901556
0.11347074201330543
0.12265478004701436
0.11701470403932035
0.1254708820488304
0.11630400596186519
0.1222427471075207
0.12554505304433405
0.1273448457941413
