0.07222604751586914
0.041947126388549805
0.04171037673950195
0.04219555854797363
0.043242692947387695
0.04536914825439453
0.046079158782958984
0.044824838638305664
0.041517019271850586
0.04171442985534668
0.04242372512817383
0.044062137603759766
0.04385733604431152
0.04297137260437012
0.04438471794128418
0.04463958740234375
0.04548954963684082
0.04205179214477539
0.04216790199279785
0.04424428939819336
0.04386138916015625
0.04449272155761719
0.04378557205200195
0.04433274269104004
0.04303097724914551
0.04463768005371094
0.041504621505737305
0.043131351470947266
0.04290342330932617
0.04433131217956543
0.043152570724487305
0.04309582710266113
0.04214143753051758
0.04691910743713379
0.04674577713012695
0.04483532905578613
0.04499411582946777
0.04239964485168457
0.04227495193481445
0.046831369400024414
0.04319047927856445
0.045885324478149414
0.04408383369445801
0.043540239334106445
0.043859004974365234
0.04424118995666504
0.0423274040222168
0.04227900505065918
0.043149471282958984
0.04427766799926758
