4.326954364776611
3.923384428024292
3.3272457122802734
2.4198670387268066
2.879936456680298
3.171074628829956
3.1159591674804688
3.762016534805298
2.7923998832702637
3.604614496231079
2.311096429824829
2.836491823196411
3.4125680923461914
3.2369637489318848
3.036499261856079
2.8018457889556885
3.0171329975128174
3.756775140762329
3.8792338371276855
3.645129442214966
3.523141860961914
2.97995662689209
3.227113962173462
4.051018238067627
2.7604751586914062
3.7761380672454834
3.352741003036499
4.442476034164429
3.3109922409057617
3.4233968257904053
2.4747555255889893
3.0586860179901123
3.1847078800201416
2.8948917388916016
3.6337485313415527
3.5179548263549805
3.218292236328125
2.8883376121520996
4.668226718902588
3.940065860748291
2.6541333198547363
2.4998061656951904
3.5054104328155518
4.640135049819946
3.0092239379882812
3.7927703857421875
3.2592885494232178
3.4611427783966064
3.1526341438293457
2.932433843612671
