0.27786388201639056
0.1502263678703457
0.11963312909938395
0.15419505583122373
0.11377371288836002
0.12653534999117255
0.13758004107512534
0.11710412590764463
0.12230782606638968
0.13637089915573597
0.1253373078070581
0.12320606294088066
0.1193536720238626
0.12402130709961057
0.1781270308420062
0.15321325697004795
0.17311818804591894
0.12257631798274815
0.12388585694134235
0.1261484040878713
0.12570587312802672
0.12061168812215328
0.8924150529783219
0.1193240461871028
0.1268089059740305
0.15414591995067894
0.1276402419898659
0.1174692870117724
0.11841235193423927
0.12344904104247689
0.1243475389201194
0.12450606795027852
0.11740412889048457
0.11445262283086777
0.12360368715599179
0.12260598596185446
0.11789530096575618
0.1324944410007447
0.11947974213398993
0.12472364399582148
0.11471362900920212
0.1153009720146656
0.5779542971868068
0.15594195411540568
0.1245323671028018
0.11969187995418906
0.12044297717511654
0.12408840097486973
0.1154846060089767
0.1231370191089809
