0.13604211807250977
0.16041207313537598
0.17399334907531738
0.1078639030456543
0.1101369857788086
0.11192846298217773
0.10730457305908203
0.10930418968200684
0.10561561584472656
0.1152353286743164
0.10644149780273438
0.10653543472290039
0.1064143180847168
0.11091041564941406
0.1064307689666748
0.10537099838256836
0.11234164237976074
0.1083064079284668
0.10479187965393066
0.11206221580505371
0.10746145248413086
0.11068105697631836
0.10766792297363281
0.11174225807189941
0.11704468727111816
0.10635972023010254
0.10756373405456543
0.11119890213012695
0.10597705841064453
0.10974812507629395
0.11095833778381348
0.10956788063049316
0.10989737510681152
0.10623383522033691
0.1066443920135498
0.1072998046875
0.11576604843139648
0.11021018028259277
0.10600447654724121
0.1151421070098877
0.10576438903808594
0.1069185733795166
0.11146903038024902
0.10483241081237793
0.1078336238861084
0.10844779014587402
0.10643148422241211
0.10626506805419922
0.10571002960205078
0.11383867263793945
