0.14875054359436035
0.12705230712890625
0.10784578323364258
0.10898280143737793
0.10628366470336914
0.11776113510131836
0.10903143882751465
0.12542152404785156
0.10717296600341797
0.10808682441711426
1.1593389511108398
0.1061239242553711
0.11196660995483398
0.10747838020324707
0.11060428619384766
0.10574865341186523
0.10918116569519043
0.10958242416381836
0.10803556442260742
0.10643291473388672
0.10644364356994629
0.10697650909423828
0.10930466651916504
0.10613012313842773
0.821707010269165
0.10902643203735352
0.10632205009460449
0.1054227352142334
0.10768461227416992
0.10591006278991699
0.10714101791381836
0.1103203296661377
0.10926198959350586
0.10772824287414551
0.1112222671508789
0.10854363441467285
0.11221480369567871
0.10693812370300293
0.10756301879882812
0.11024141311645508
0.10868239402770996
0.10914111137390137
0.11124825477600098
0.897132158279419
0.11436033248901367
0.10776329040527344
0.11040401458740234
0.10495758056640625
0.11576247215270996
0.10565304756164551
