0.7264249690342695
0.32193565811030567
0.3107256859075278
0.2656420369166881
0.24923893180675805
0.22748291492462158
0.27141063194721937
0.2398294280283153
0.2592518050223589
0.3242349699139595
0.6475317981094122
0.1500799381174147
0.26190373790450394
0.1480931220576167
0.3321033250540495
0.24094900605268776
0.3068623701110482
0.1569115009624511
0.24465789692476392
0.9084959069732577
0.2881624549627304
0.23327419999986887
0.3175868899561465
0.15982057084329426
0.26906998292542994
0.13439840101636946
0.24044324201531708
0.30246870988048613
0.23153481306508183
0.3348768709693104
0.22711840993724763
0.19820438488386571
0.18799336813390255
0.22676052688620985
0.2229426079429686
0.4055291470140219
0.23410448501817882
0.251350489910692
0.21832301397807896
0.3797192529309541
0.301695714937523
0.1372325299307704
0.17382623394951224
0.25906590302474797
0.2828566809184849
0.20229797391220927
0.23853375017642975
0.31278273998759687
0.26930558611638844
0.1308177208993584
