0.25029381876811385
0.09408274479210377
0.10139266913756728
0.21098635718226433
0.09814007487148046
0.12182165635749698
0.09812153456732631
0.09797361679375172
0.09054442681372166
0.09653604915365577
0.336367049254477
0.1260288618505001
0.10548053774982691
0.09712587017565966
0.1149398572742939
0.09997776383534074
0.09531352901831269
0.09328095195814967
0.09480000706389546
0.12033575307577848
0.0992699577473104
0.10124990809708834
0.09143488202244043
0.09323104005306959
0.1059370432049036
0.09487217990681529
0.09512856090441346
0.18332462199032307
0.12358119804412127
0.09158246498554945
0.0989372069016099
1.2400034489110112
0.09481891989707947
0.10050162533298135
0.09692007303237915
0.09844706067815423
0.4227144103497267
0.09569437708705664
0.09884171281009912
0.09657414583489299
0.09663353860378265
0.09858724102377892
0.0982655300758779
0.09992956183850765
0.34227602602913976
0.11758091812953353
0.8598528802394867
0.10068171005696058
0.09898722125217319
0.09886553324759007
