0.27423237822949886
0.09326779330149293
0.09277343563735485
0.09449658589437604
0.09581231465563178
0.09671935206279159
0.2763999281451106
0.0948409978300333
0.09395736176520586
0.09381644800305367
0.09701838297769427
0.0992860640399158
0.10710678109899163
0.09272960480302572
0.09118710923939943
0.09806500095874071
0.09330534376204014
0.09874808136373758
0.09570808801800013
0.09800936281681061
0.13552460493519902
0.09451681608334184
0.09482680913060904
0.0922706020064652
0.10934684285894036
0.09357951581478119
0.09420495619997382
0.09850534377619624
1.9342441158369184
0.9232981503009796
0.0932003129273653
0.10606377106159925
0.09939149534329772
0.09360934607684612
0.10102034220471978
0.0948797739110887
0.0972228990867734
0.09189633745700121
0.09918843535706401
0.7086131549440324
0.0943778557702899
0.09883807366713881
0.09528226405382156
0.09057591808959842
0.14503809018060565
0.09192640613764524
0.13720781123265624
0.09251232910901308
0.4363958891481161
0.09376772493124008
