0.20758771896362305
0.20230364799499512
0.20279502868652344
0.2029132843017578
0.20328593254089355
0.2018752098083496
0.20270919799804688
0.2040693759918213
0.20384454727172852
0.20575523376464844
0.2041158676147461
0.20222735404968262
0.20210623741149902
0.20722651481628418
0.21388673782348633
0.20410895347595215
0.2049102783203125
0.2068800926208496
0.2039644718170166
0.2024545669555664
0.2015697956085205
0.20475411415100098
0.20736241340637207
0.20284056663513184
0.20437240600585938
0.20273876190185547
0.20811104774475098
0.20549869537353516
0.20253300666809082
0.20464658737182617
0.20366358757019043
0.20323419570922852
0.20385313034057617
0.202392578125
0.20250964164733887
0.2041034698486328
0.20237421989440918
0.20936799049377441
0.20452380180358887
0.20302867889404297
0.20410776138305664
0.20727252960205078
0.20360779762268066
0.2028203010559082
0.20266079902648926
0.20502614974975586
0.20756173133850098
0.2023639678955078
0.2031574249267578
0.20473361015319824
