0.08551573753356934
0.08261847496032715
0.08678913116455078
0.08282279968261719
0.08792233467102051
0.08280706405639648
0.08946752548217773
0.08580279350280762
0.08545231819152832
0.08241844177246094
0.08592700958251953
0.0903635025024414
0.08234715461730957
0.09256339073181152
0.09129548072814941
0.08277249336242676
0.08285045623779297
0.08268308639526367
0.08401608467102051
0.08310270309448242
0.08822965621948242
0.08397221565246582
0.08234262466430664
0.08237314224243164
0.0818471908569336
0.08246088027954102
0.08385705947875977
0.08477282524108887
0.08280086517333984
0.08273077011108398
0.08424758911132812
0.08340644836425781
0.08217978477478027
0.08263826370239258
0.08331799507141113
0.08211755752563477
0.08321714401245117
0.08902978897094727
0.08257842063903809
0.0823526382446289
0.08310341835021973
0.08377909660339355
0.08272719383239746
0.08269429206848145
0.08279681205749512
0.08251237869262695
0.08466577529907227
0.082489013671875
0.08281970024108887
0.08314776420593262
