0.37703082989901304
0.13664941117167473
0.18698027078062296
0.1504747890867293
0.13496224721893668
0.17151708714663982
0.13313745195046067
0.13763670483604074
0.17358628381043673
0.14388453401625156
0.18128315499052405
0.19957999093458056
0.1345440186560154
0.14000464603304863
0.1373528791591525
0.13420489057898521
0.1918964460492134
0.13625203305855393
0.13775852881371975
0.2044765343889594
0.13296023197472095
0.13778070406988263
0.13614674611017108
0.1467709131538868
0.207355503924191
0.14808118110522628
0.13364554662257433
0.13812368316575885
0.13673418620601296
0.13614865206182003
0.187649249099195
0.13601555489003658
0.1377563951537013
0.14490011427551508
0.13456975389271975
0.1519214673899114
0.1542161302641034
0.13408134737983346
0.17734205070883036
0.14241047715768218
0.13341997005045414
0.13811608590185642
0.1438209437765181
0.14008450508117676
0.7302531879395247
0.130537373945117
0.13516246573999524
0.7154662082903087
0.1321911890991032
0.1567926579155028
