0.07887554168701172
0.05532670021057129
0.057363271713256836
0.5756540298461914
0.05470085144042969
0.060814857482910156
0.055632829666137695
0.0593719482421875
0.059171199798583984
0.061368703842163086
0.06484079360961914
0.0599818229675293
0.05685162544250488
0.059036970138549805
0.05644106864929199
0.059552907943725586
0.05997514724731445
0.05614757537841797
0.05681777000427246
0.0555567741394043
0.05791759490966797
0.05611586570739746
0.05712270736694336
0.05434989929199219
0.06209516525268555
0.057707786560058594
0.059217214584350586
0.05794835090637207
0.055535316467285156
0.05879473686218262
0.0610194206237793
0.056966304779052734
0.058797359466552734
0.0559535026550293
0.056186676025390625
0.0679323673248291
0.06906676292419434
0.05765843391418457
0.05619406700134277
0.05973553657531738
0.057886600494384766
0.05886054039001465
0.05648636817932129
0.056391239166259766
0.0593867301940918
0.055130958557128906
0.06047391891479492
0.062117815017700195
0.06781816482543945
0.05653834342956543
