0.2725594509392977
0.054555734153836966
0.05781943676993251
0.05328328488394618
0.07410978013649583
0.06336843781173229
0.13231383496895432
0.20948172127828002
0.42643292527645826
0.05542749585583806
0.05532811302691698
0.06128336675465107
0.06843575602397323
0.06421136716380715
0.05494115501642227
0.05530163086950779
0.052298566326498985
0.0534354243427515
0.06321408087387681
0.051785849034786224
0.05530964024364948
0.06041490798816085
0.05256780097261071
0.15328579815104604
0.07960123429074883
0.05536441691219807
0.15025540394708514
0.07141688698902726
0.05394866969436407
0.05933959688991308
0.059989227913320065
0.059201208874583244
0.05181810911744833
0.05888231284916401
0.0564824091270566
0.061127147637307644
0.7648432157002389
0.05302918190136552
0.05137170711532235
0.06765833403915167
0.05364752700552344
0.05874335486441851
0.055068321991711855
0.146636504214257
0.08691904181614518
0.05690389219671488
0.05103976093232632
0.05431794282048941
0.061297074891626835
0.05736029567196965
