0.383396381046623
0.12356083421036601
0.09507649205625057
0.09693748038262129
0.13948608189821243
0.10443160869181156
0.10077318083494902
0.09723914414644241
0.09884247602894902
0.09147880412638187
0.1252071070484817
0.09270177595317364
0.1676705600693822
0.20753983594477177
0.09579413523897529
0.580296743195504
0.09405509475618601
0.11896103201434016
0.11428791005164385
0.10681005194783211
0.09181146929040551
0.10135251982137561
0.09406239306554198
0.09678768506273627
0.09670380037277937
0.09455716703087091
0.11462408397346735
0.10128444572910666
0.09554570820182562
0.0965963788330555
0.09840947110205889
0.09645179333165288
0.09788130689412355
0.09487374499440193
0.0988205848261714
0.09899123106151819
0.09858414996415377
0.11232655216008425
0.09298553969711065
0.10853485390543938
0.10127263190224767
0.0951577783562243
0.10142676113173366
0.14267173828557134
0.09588335501030087
0.09845139598473907
0.0934645552188158
0.092978126835078
0.09386873105540872
0.09858904127031565
