0.06699609756469727
0.05215716361999512
0.0529026985168457
0.051831722259521484
0.05590653419494629
0.052889108657836914
0.05231285095214844
0.05197906494140625
0.0532071590423584
0.053630828857421875
0.05388355255126953
0.052704811096191406
0.05371713638305664
0.052967071533203125
0.05211353302001953
0.05807185173034668
0.05261421203613281
0.05194735527038574
0.052722930908203125
0.05399465560913086
0.052640438079833984
0.05213522911071777
0.05431246757507324
0.05168914794921875
0.052579641342163086
0.054552555084228516
0.05313897132873535
0.054384469985961914
0.05809903144836426
0.05426192283630371
0.05279994010925293
0.05405426025390625
0.05375480651855469
0.052631378173828125
0.05325126647949219
0.0550229549407959
0.05255293846130371
0.05297565460205078
0.05200505256652832
0.05327725410461426
0.05242657661437988
0.0530240535736084
0.05276942253112793
0.0684812068939209
0.05242443084716797
0.05254840850830078
0.05306291580200195
0.05296969413757324
0.055144548416137695
0.05400395393371582
