1.1837882995605469
0.2556180953979492
0.7471752166748047
0.8683929443359375
0.34966325759887695
0.720073938369751
0.7899055480957031
0.5614278316497803
0.8526217937469482
0.5043072700500488
0.9001920223236084
0.7116882801055908
0.5143120288848877
0.8003227710723877
0.6374809741973877
0.7755200862884521
0.471942663192749
0.890352725982666
0.981163740158081
0.24483323097229004
0.9446752071380615
0.8532741069793701
1.038459062576294
0.8169136047363281
0.45551395416259766
0.24423718452453613
1.2765443325042725
0.46065402030944824
1.000776767730713
0.08061528205871582
0.58760666847229
0.6681766510009766
0.5120210647583008
0.8590996265411377
0.5721144676208496
0.5793371200561523
0.932497501373291
0.627673864364624
0.5653667449951172
1.0889687538146973
0.11309289932250977
0.9615132808685303
0.5937259197235107
0.7370731830596924
0.7995269298553467
0.984428882598877
0.8170328140258789
0.5997657775878906
0.6295599937438965
0.8881745338439941
