0.23529745591804385
0.09223724901676178
0.09338710783049464
0.09708358813077211
0.17029698891565204
0.09194226004183292
0.11088362196460366
0.10288124484941363
0.10773073323071003
0.09272192604839802
0.44496446615085006
0.13902111118659377
0.10015382571145892
0.09628440113738179
0.09897480998188257
0.09755472559481859
0.09527264209464192
0.09360771905630827
0.09767489600926638
0.10843088058754802
0.09992981888353825
0.11539130611345172
0.09374310728162527
0.10039536701515317
0.10060720006003976
0.10060889087617397
0.09834123216569424
0.09491964243352413
0.10019541019573808
0.2125029619783163
0.09357443125918508
0.10359391011297703
0.10275032417848706
1.197414644062519
0.0930270659737289
0.10783455008640885
0.09812733996659517
0.0974734709598124
0.12537200329825282
0.36528515815734863
0.100191798992455
0.09543154668062925
0.09724225616082549
0.09411943517625332
0.1262830263003707
0.09376304410398006
0.09863196173682809
0.5262924330309033
0.09390322491526604
0.09622883098199964
