0.3709248714148998
0.2162540340796113
0.21806782996281981
0.21391627565026283
0.21169650088995695
0.23255845019593835
0.22183381207287312
0.21820111805573106
0.21559377806261182
0.2360389200039208
0.21755130914971232
0.21642784029245377
0.21548065496608615
0.21714005433022976
0.21465769642964005
0.22066487604752183
0.22695105988532305
0.21683627925813198
0.2191675747744739
0.21479818830266595
0.2142895618453622
0.2146354648284614
0.21655511995777488
0.2197632770985365
0.827399592846632
0.5365641540847719
0.24952378123998642
0.21301965694874525
0.4562209276482463
1.141292265150696
0.21793529717251658
0.22392522590234876
0.21690649120137095
1.0760730179026723
0.21432312298566103
0.21747523173689842
0.21843741368502378
0.21997561631724238
0.22358831902965903
0.221947580575943
0.21404744498431683
0.23101559560745955
0.22687609773129225
0.22055696370080113
0.21844046004116535
0.22074851300567389
0.21302894176915288
0.22012760769575834
0.21430402202531695
0.21896753506734967
