0.13025307655334473
0.1292724609375
0.13366246223449707
0.12558722496032715
0.12499880790710449
0.13078784942626953
0.13026142120361328
0.12479257583618164
0.12479472160339355
0.12515735626220703
0.12835907936096191
0.13057780265808105
0.12555170059204102
0.12416195869445801
0.12507224082946777
0.12804341316223145
0.12968850135803223
0.12887358665466309
0.12470817565917969
0.12741994857788086
0.12892818450927734
0.12859010696411133
0.12577486038208008
0.12404751777648926
0.1288890838623047
0.12576913833618164
0.1271839141845703
0.1257035732269287
0.13149142265319824
0.12894129753112793
0.1348562240600586
0.13376855850219727
0.12498736381530762
0.1324143409729004
0.12578511238098145
0.1325833797454834
0.12484478950500488
0.12624597549438477
0.13005876541137695
0.1328577995300293
0.12737321853637695
0.12941718101501465
0.13077497482299805
0.1254572868347168
0.12554025650024414
0.12917852401733398
0.12684035301208496
0.1269690990447998
0.12487268447875977
0.125885009765625
