0.21698355674743652
0.20572495460510254
1.4263598918914795
0.20969867706298828
0.20508146286010742
0.20518898963928223
0.20701956748962402
0.20804286003112793
0.21120810508728027
0.21204543113708496
0.20589256286621094
0.2083277702331543
0.20569419860839844
0.2117459774017334
0.20678234100341797
0.2060837745666504
0.20608758926391602
0.20467567443847656
0.20567798614501953
0.20560312271118164
0.20460987091064453
0.20515751838684082
0.20918607711791992
0.20848608016967773
0.20758724212646484
0.20532751083374023
0.2092132568359375
0.20668578147888184
0.20528244972229004
0.20774316787719727
0.20687437057495117
0.20583152770996094
0.20565509796142578
0.20558667182922363
0.20591974258422852
0.21336698532104492
0.2059776782989502
0.2097933292388916
0.21506190299987793
0.2097012996673584
0.2065753936767578
0.2096233367919922
0.2107698917388916
0.20483851432800293
0.2076551914215088
0.20538687705993652
0.20579743385314941
0.20960140228271484
0.21115350723266602
0.2038865089416504
