0.23817575396969914
0.06563392514362931
0.06799574801698327
0.06963810184970498
0.09065134078264236
0.06576155219227076
0.06723911361768842
0.06698805512860417
0.07404897781088948
0.06711943168193102
0.06916312826797366
0.07297843415290117
0.0703657572157681
0.0653822417370975
0.06925652408972383
0.06387718301266432
0.07036034995689988
0.1311284927651286
0.07250764593482018
0.06363615021109581
0.06831314787268639
0.10331748239696026
0.07070627203211188
0.08440855238586664
0.17049220716580749
0.07009017467498779
0.06506003206595778
0.077021149918437
0.06673963088542223
0.0741466460749507
0.06496905302628875
0.0692965229973197
0.06718925526365638
0.06206464720889926
0.07652656827121973
0.06440580589696765
0.06476622587069869
0.07139812130481005
0.4888262297026813
0.07292729709297419
0.12394396588206291
0.07060290407389402
0.06654564524069428
0.06686715595424175
0.06936417007818818
0.07254970399662852
0.08023642189800739
0.06576349306851625
0.08510033413767815
0.06491073593497276
