0.06517699407413602
0.0378671083599329
0.04968868801370263
0.04090756503865123
0.041232965886592865
0.04521139292046428
0.0458952602930367
0.045623333659023046
0.03733032615855336
0.05399653268978
0.041625325102359056
0.03999403491616249
0.040223896969109774
0.04016866022720933
0.04119001887738705
0.04810827411711216
0.040016261860728264
0.0432381029240787
0.03901551431044936
0.048229949083179235
0.045131157618016005
0.036929809022694826
0.041150747798383236
0.05790955480188131
0.047691690269857645
0.0525773661211133
0.0447265119291842
0.04906289791688323
0.036490792874246836
0.0393969570286572
0.040027313865721226
0.042014394886791706
0.038280597887933254
0.04286339320242405
0.041376936715096235
0.04739658394828439
0.03794607240706682
0.04416550323367119
0.06671312963590026
0.04472631402313709
0.039361373987048864
0.04073541099205613
0.05084647098556161
0.19375406904146075
0.2099867556244135
0.04149268986657262
0.044014244340360165
0.03704534796997905
0.04640521062538028
0.04327868903055787
