0.15960903000086546
0.14408779796212912
0.13768813805654645
0.14951424719765782
0.13346165930852294
0.1380233853124082
0.13890227442607284
0.26364857284352183
0.1454677958972752
0.14250657008960843
0.1423083357512951
0.15873658610507846
0.1902802800759673
0.13662731321528554
0.1346005047671497
0.1367603768594563
0.13873667968437076
0.2125011868774891
1.0663306629285216
0.17706262413412333
0.13746511191129684
0.1382154729217291
0.20295279379934072
0.13439317932352424
0.1374111999757588
0.1339142583310604
0.1437213239260018
0.1373975221067667
0.13330615404993296
0.13816979201510549
0.1342237046919763
0.13879921194165945
0.14014731207862496
0.13588876696303487
0.14090222585946321
0.16140355402603745
0.1383039141073823
0.14141323696821928
0.1347064352594316
0.14214930403977633
0.13473789114505053
0.1330834156833589
0.19352055434137583
0.5396011327393353
0.13627947075292468
0.7058134428225458
0.1388846798799932
0.1423556641675532
0.13493854692205787
0.14109008526429534
