0.10758566856384277
0.04653644561767578
0.04599618911743164
0.04604196548461914
0.04689502716064453
0.046013832092285156
0.04510617256164551
0.046601057052612305
0.05266141891479492
0.050887346267700195
0.04885220527648926
0.04690694808959961
0.054514169692993164
0.04446721076965332
0.04558753967285156
0.0473482608795166
0.04990983009338379
0.050058841705322266
0.04499673843383789
0.04599809646606445
0.04759335517883301
0.04510760307312012
0.04687142372131348
0.04763674736022949
0.04702162742614746
0.04574227333068848
0.04590272903442383
0.04915285110473633
0.053893089294433594
0.04795265197753906
0.05889415740966797
0.05130577087402344
0.04463338851928711
0.04729270935058594
0.04793739318847656
0.049546003341674805
0.04483771324157715
0.046901702880859375
0.049560546875
0.046608686447143555
0.04474687576293945
0.04770994186401367
0.04930734634399414
0.04447484016418457
0.04558205604553223
0.04703378677368164
0.04591941833496094
0.05394315719604492
0.04730963706970215
0.04582357406616211
