0.423325571231544
0.21504725003615022
0.21215948415920138
0.23057656781747937
0.24647660879418254
0.4499179688282311
0.7321187648922205
0.21237629000097513
0.23384659923613071
0.21791920717805624
0.21458104019984603
0.2469742107205093
0.21238523488864303
0.213893867097795
0.21086620399728417
0.2167852888815105
0.21690973592922091
0.2111522746272385
0.21296440716832876
0.21222938876599073
0.21412136033177376
0.21787296514958143
0.27289524488151073
0.21412428095936775
0.21978344628587365
0.21435121027752757
0.219197241589427
0.2123838122934103
0.21647718315944076
0.21724179293960333
0.21276361495256424
0.2362621440552175
0.21411998383700848
0.21672890381887555
0.21267658285796642
0.21934024197980762
0.4202364096418023
0.22206136491149664
0.22439804626628757
0.21623922092840075
0.21420222613960505
0.214807391166687
0.22616858687251806
0.2138825780712068
0.21697648614645004
0.21368440333753824
0.21716579608619213
0.21793031971901655
0.21126703219488263
0.21634165896102786
