1.5329327583312988
0.3729548454284668
0.46964168548583984
0.41641807556152344
0.3065931797027588
1.0086283683776855
0.7374396324157715
0.6024167537689209
0.7563362121582031
1.3299720287322998
0.7307989597320557
0.8270828723907471
0.3349153995513916
0.6120691299438477
0.4401538372039795
1.0853164196014404
0.3317389488220215
0.8379662036895752
0.4606282711029053
0.900066614151001
0.6953215599060059
0.8676252365112305
1.5655591487884521
0.43515467643737793
1.0304944515228271
0.2276139259338379
0.9427404403686523
0.8080341815948486
0.6377780437469482
0.3427927494049072
0.6352388858795166
0.7896146774291992
0.3789079189300537
0.6048181056976318
0.8106071949005127
1.072936773300171
0.7963500022888184
0.33849549293518066
0.07640457153320312
0.4932708740234375
1.3254201412200928
0.9781737327575684
1.5837271213531494
0.19178223609924316
0.8453524112701416
0.2277390956878662
0.5999126434326172
0.7676749229431152
1.106078863143921
0.05613517761230469
