0.2790450141765177
0.03341497806832194
0.028420306276530027
0.07143892999738455
0.038815821055322886
0.025793366134166718
0.11513112299144268
0.03811974078416824
0.054902773816138506
0.0365480650216341
0.0269980039447546
0.07445164397358894
0.05426835175603628
0.03418221417814493
0.03631708491593599
0.07975288899615407
0.030972905922681093
0.031770615838468075
0.036677450872957706
0.06804692326113582
0.10601328127086163
0.05314755905419588
0.5532011189498007
0.04261415684595704
0.046870341058820486
0.047246224246919155
0.04183437209576368
0.052414228674024343
0.0306747336871922
0.060109679121524096
0.07004857994616032
0.030314389150589705
0.03303974401205778
0.028407759964466095
0.06449529202654958
0.04275072365999222
0.09169305535033345
0.025644064880907536
0.03346236888319254
0.03262271732091904
0.08830458670854568
0.031222552992403507
0.03467087401077151
0.033923130948096514
0.0816082889214158
0.03039516881108284
0.05951484479010105
0.026234844233840704
0.04753235215321183
0.041019207797944546
