0.059450626373291016
0.06068539619445801
0.06229877471923828
0.05774807929992676
0.059250593185424805
0.06608223915100098
0.0547640323638916
0.05565071105957031
0.06243538856506348
0.05554032325744629
0.05836033821105957
0.060164690017700195
0.06032395362854004
0.06562304496765137
0.058475494384765625
0.05491209030151367
0.0573122501373291
0.5726268291473389
0.058634042739868164
0.05491375923156738
0.07463598251342773
0.0561223030090332
0.20647883415222168
0.056299448013305664
0.05771493911743164
0.056825876235961914
0.0563817024230957
0.05563020706176758
0.055315256118774414
0.05629396438598633
0.06280517578125
0.06363201141357422
0.0556178092956543
0.05536985397338867
0.05976080894470215
0.055916547775268555
0.05614209175109863
0.05644035339355469
0.05813479423522949
0.05550336837768555
0.05393552780151367
0.05784249305725098
0.8588166236877441
0.054558753967285156
0.056491851806640625
0.06263399124145508
0.05784893035888672
0.05646991729736328
0.054201364517211914
0.06142115592956543
