0.12419629096984863
0.12232232093811035
0.12355780601501465
0.12383913993835449
0.12369132041931152
0.1403493881225586
0.122528076171875
0.12233996391296387
0.12584924697875977
0.12260913848876953
0.12372636795043945
0.12139034271240234
0.12262320518493652
0.12252974510192871
0.12270212173461914
0.12944531440734863
0.12370014190673828
0.12421774864196777
0.12613630294799805
0.12204980850219727
0.12805891036987305
0.12273955345153809
0.12577581405639648
0.13191628456115723
0.12386155128479004
0.12282180786132812
0.12740015983581543
0.12442636489868164
0.12325692176818848
0.12256073951721191
0.12624430656433105
0.1241004467010498
0.126173734664917
0.12560296058654785
0.12374615669250488
0.12397432327270508
0.12473702430725098
0.12204241752624512
0.12918758392333984
0.12514710426330566
0.12290644645690918
0.1266028881072998
0.1276540756225586
0.12311434745788574
0.12388205528259277
0.13132381439208984
0.12343406677246094
0.12403488159179688
0.128220796585083
0.12434530258178711
