0.4190958281978965
0.22154759895056486
0.213857127353549
0.26719517493620515
0.22005260922014713
0.7864828780293465
0.8245332660153508
0.21398246474564075
0.8370723226107657
0.22285864083096385
0.22330380883067846
0.21885619731619954
0.23297336418181658
0.21439860807731748
0.2195330336689949
0.21234311908483505
0.21643949626013637
0.21777847176417708
0.2168388138525188
0.2240218031220138
0.2150157350115478
0.21399766020476818
0.21467093005776405
0.21823462983593345
0.22900764225050807
0.21444135578349233
0.2177849248982966
0.21716465894132853
0.21219425182789564
0.2213003607466817
0.2159572560340166
0.21712952898815274
0.21676180930808187
0.2454762812703848
0.22433908190578222
0.23608051193878055
0.2143169050104916
0.21489269472658634
0.21498400392010808
0.21601377241313457
0.2272220808081329
0.2191101829521358
0.21910968190059066
0.26969023467972875
0.21210167510434985
0.22835428267717361
0.24808744993060827
0.2144303536042571
0.21400739206001163
0.22149359807372093
