0.061811208724975586
0.052867889404296875
0.05211162567138672
0.052405595779418945
0.05248093605041504
0.05174064636230469
0.0559391975402832
0.05235147476196289
0.05397486686706543
0.05266880989074707
0.051988840103149414
0.05222654342651367
0.05194997787475586
0.0522913932800293
0.053002357482910156
0.0541229248046875
0.05467581748962402
0.0524449348449707
0.0534975528717041
0.05789685249328613
0.05776214599609375
0.05407357215881348
0.05229783058166504
0.053468942642211914
0.053322792053222656
0.053373098373413086
0.05157184600830078
0.052486419677734375
0.0531768798828125
0.05327177047729492
0.05221915245056152
0.05323624610900879
0.052754878997802734
0.0517733097076416
0.052316904067993164
0.053032636642456055
0.052247047424316406
0.05315446853637695
0.060723066329956055
0.053697824478149414
0.07255053520202637
0.0520474910736084
0.05228853225708008
0.05334901809692383
0.05282783508300781
0.05261945724487305
0.05380964279174805
0.0522007942199707
0.0530855655670166
0.05733656883239746
