0.01995227113366127
0.013843465130776167
0.011996475979685783
0.011885927058756351
0.013616496697068214
0.012483046855777502
0.012672814074903727
0.011862568091601133
0.013659332413226366
0.012422059196978807
0.012626458890736103
0.015424751676619053
0.011658170260488987
0.017062413971871138
0.01266710739582777
0.012292115017771721
0.013465345837175846
0.012343110982328653
0.01252739503979683
0.015275254379957914
0.014705047011375427
0.011991845909506083
0.01502409903332591
0.011964926961809397
0.013437008019536734
0.011766822077333927
0.012560986913740635
0.016935511026531458
0.011503912042826414
0.012896269094198942
0.012467110063880682
0.01169315678998828
0.01233454467728734
0.011888077948242426
0.015196209773421288
0.01337187783792615
0.011419279035180807
0.013296051882207394
0.012226022779941559
0.015354609116911888
0.011672767344862223
0.012266363948583603
0.012372021097689867
0.012121687643229961
0.01565272593870759
0.014486310072243214
0.012646500952541828
0.012489678338170052
0.01945179095491767
0.014231958892196417
