0.35756842605769634
0.17054971726611257
0.15648746816441417
0.15658025396987796
0.14512131828814745
0.1499892990104854
0.8652853430248797
0.13836233410984278
0.1447945893742144
0.1737396940588951
0.14133472787216306
0.14546926924958825
0.14336940040811896
0.14568729000166059
0.14554445398971438
0.21434480790048838
0.15572452638298273
0.1435306090861559
0.13809576909989119
0.1409892118535936
0.14198238169774413
0.15619030920788646
0.14160548197105527
0.14503483707085252
0.14688773592934012
0.14012065157294273
0.15969386184588075
0.14306633407250047
0.14576528314501047
0.14736519427970052
0.1438496126793325
0.14931865921244025
0.1446798862889409
0.13845166098326445
0.1445815358310938
0.14213703712448478
0.1419271044433117
0.15449604718014598
0.1442857440561056
0.14368492411449552
0.13952607288956642
0.1398136098869145
0.14162427699193358
0.17582627199590206
0.1390901179984212
0.141933583188802
0.1407642401754856
0.14554244512692094
0.14288862375542521
0.1444882838986814
