0.1423664093017578
0.1225590705871582
0.12612295150756836
0.1254746913909912
0.12566661834716797
0.12231564521789551
0.12342596054077148
0.13591647148132324
0.1226198673248291
0.12286758422851562
0.12224102020263672
0.12315177917480469
0.13402295112609863
0.12287282943725586
0.12446260452270508
0.12246370315551758
0.12375450134277344
0.12236881256103516
0.12861275672912598
0.12226462364196777
0.12234830856323242
0.12223196029663086
0.12296366691589355
0.12276649475097656
0.12271380424499512
0.12418365478515625
0.12175536155700684
0.12498688697814941
0.12359929084777832
0.12592577934265137
0.12318015098571777
0.1236732006072998
0.12305331230163574
0.12263178825378418
0.1328282356262207
0.12250447273254395
0.1231999397277832
0.1234731674194336
0.12543869018554688
0.1246800422668457
0.12215161323547363
0.13262391090393066
0.13350296020507812
0.12348818778991699
0.12478995323181152
0.12861013412475586
0.12420821189880371
0.12551474571228027
0.12222552299499512
0.1293642520904541
