0.43744770530611277
0.21575478510931134
0.21328959707170725
0.2167686652392149
0.272917986381799
0.21912237303331494
0.22515979269519448
0.9563478659838438
1.6783196493051946
0.21526162279769778
0.2127527790144086
0.2180295391008258
0.21393800806254148
0.21742770401760936
0.21108837006613612
0.21931195491924882
0.21053188480436802
0.21114751184359193
0.21630450896918774
0.21993284672498703
0.21400151494890451
0.21788673615083098
0.24997951183468103
0.21427730796858668
0.21382606821134686
0.21872007474303246
0.21826840890571475
0.22010910278186202
0.21823430294170976
0.22720816498622298
0.21147398697212338
0.21904258709400892
0.21608153637498617
0.2153876549564302
0.22866971464827657
0.21897459216415882
0.2115139327943325
0.2208391479216516
0.22755506401881576
0.7433117288164794
0.2126633650623262
0.21265817899256945
0.2132568466477096
0.2111380910500884
0.214183762203902
0.21553112985566258
0.22494515776634216
0.21831951197236776
0.21758477808907628
0.21281913900747895
