0.422417510766536
0.2138735819607973
0.21144042676314712
0.21393089834600687
0.22800768492743373
1.1323765879496932
0.259672783780843
0.2108745719306171
0.23985304590314627
0.2149636736139655
0.2171984459273517
0.21579322591423988
0.2960048299282789
0.21627764590084553
0.2106444789096713
0.2114740307442844
0.21318206284195185
0.21693368116393685
0.21331621333956718
0.2673085960559547
0.21220820397138596
0.2136845150962472
0.2125106700696051
0.21325654909014702
0.21352085890248418
0.2241671271622181
0.2202707240357995
0.22308883257210255
0.2251729122363031
0.21502163726836443
0.2181374179199338
0.23949627485126257
0.2125186058692634
0.21481102518737316
0.220203320030123
0.21985606383532286
0.21884877607226372
0.22155164694413543
0.21433861274272203
0.214493609033525
0.21578334597870708
0.21745653869584203
0.21723394095897675
0.2131938859820366
0.21239521680399776
0.21227873302996159
0.22062024706974626
0.21214943192899227
0.21783477580174804
0.21617871802300215
