0.12456941604614258
0.12366819381713867
0.08633565902709961
0.08391499519348145
0.08792519569396973
0.08981680870056152
0.09494709968566895
0.08156013488769531
0.08220863342285156
0.08566713333129883
0.08276486396789551
0.08720588684082031
0.09394645690917969
0.08923554420471191
0.08206462860107422
0.08345580101013184
0.08539724349975586
0.14635372161865234
0.08347892761230469
0.08188700675964355
0.13024663925170898
0.14237284660339355
0.08205127716064453
0.1129446029663086
0.1157679557800293
0.11005043983459473
0.08334898948669434
0.08306407928466797
0.08502054214477539
0.11725568771362305
0.0838322639465332
0.08308911323547363
0.08220720291137695
0.09139800071716309
0.08281564712524414
0.09578943252563477
0.09562277793884277
0.08227753639221191
0.09433937072753906
0.08317804336547852
0.09104394912719727
0.08184313774108887
0.08215951919555664
0.08390426635742188
0.08626365661621094
0.08306574821472168
0.09317302703857422
0.08440136909484863
0.09936118125915527
0.08180999755859375
