0.05970335006713867
0.048338890075683594
0.043125152587890625
0.08897089958190918
0.042221784591674805
0.04601168632507324
0.04156327247619629
0.04728221893310547
0.08559250831604004
0.04349803924560547
0.09166860580444336
0.0496981143951416
0.10287928581237793
0.05367326736450195
0.08350801467895508
0.07760167121887207
0.04245471954345703
0.0419466495513916
0.08132624626159668
0.08349251747131348
0.05015707015991211
0.0436091423034668
0.04224419593811035
0.04530954360961914
0.04931473731994629
0.04627084732055664
0.04624748229980469
0.04946565628051758
0.045156002044677734
0.04531455039978027
0.04288601875305176
0.041986703872680664
0.04942941665649414
0.1100313663482666
0.09609580039978027
0.04814338684082031
0.04559636116027832
0.12049365043640137
0.04181551933288574
0.09281373023986816
0.04183697700500488
0.0435636043548584
0.04352879524230957
0.04287290573120117
0.046472787857055664
0.0473942756652832
0.09035515785217285
0.04640007019042969
0.045340776443481445
0.04215073585510254
