0.08629012107849121
0.3082280158996582
0.08424067497253418
0.12383770942687988
0.20692658424377441
0.2657020092010498
0.08331155776977539
1.0862324237823486
0.08472061157226562
1.0935258865356445
0.08172369003295898
0.08587479591369629
0.0847020149230957
0.08534717559814453
0.08582830429077148
1.0844123363494873
0.08596134185791016
0.08542776107788086
0.1625349521636963
0.09042072296142578
0.08254051208496094
1.0924506187438965
0.10079145431518555
0.09566545486450195
0.09422755241394043
0.08607029914855957
0.08831119537353516
0.08269405364990234
0.3618123531341553
1.0893661975860596
1.094583511352539
0.3223881721496582
0.09667706489562988
0.08265948295593262
0.08694100379943848
0.08825969696044922
0.08459806442260742
0.08222079277038574
0.08235859870910645
0.09218597412109375
0.08574724197387695
0.08502316474914551
0.08226919174194336
0.08197355270385742
0.08637285232543945
0.08693504333496094
0.08198308944702148
0.08372902870178223
0.08586382865905762
0.08188605308532715
