0.06620645523071289
0.08967995643615723
0.04644060134887695
0.04615640640258789
0.052992820739746094
0.0423426628112793
0.04871773719787598
0.04189443588256836
0.04660320281982422
0.04733562469482422
0.051261186599731445
0.04254937171936035
0.04201912879943848
0.0437314510345459
0.044449806213378906
0.04473757743835449
0.04259538650512695
0.04610729217529297
0.04724264144897461
0.11791825294494629
0.04451489448547363
0.11710834503173828
0.048811912536621094
0.04346632957458496
0.04385995864868164
0.04766368865966797
0.0513920783996582
0.11362433433532715
0.12248897552490234
0.049350738525390625
0.04756498336791992
0.05424165725708008
0.04619717597961426
0.046247005462646484
0.042363882064819336
0.04243612289428711
0.10106086730957031
0.05219531059265137
0.04881477355957031
0.0818033218383789
0.04934120178222656
0.0427088737487793
0.04155588150024414
0.08594322204589844
0.044773101806640625
0.042844533920288086
0.04155874252319336
0.04299330711364746
0.04257035255432129
0.09059476852416992
