0.09282469749450684
0.09801840782165527
0.09405660629272461
0.0824892520904541
0.08354568481445312
0.09418320655822754
0.08285927772521973
0.08223533630371094
0.1229400634765625
0.08352160453796387
0.10080099105834961
0.08552718162536621
0.08864545822143555
0.1304008960723877
0.08737707138061523
0.08186984062194824
0.08549332618713379
0.08353281021118164
0.08997106552124023
0.08645820617675781
0.15958023071289062
1.0908355712890625
0.0844423770904541
0.15534377098083496
1.0928051471710205
0.08463048934936523
0.10940003395080566
0.0832984447479248
0.08502674102783203
1.0875320434570312
0.15107226371765137
0.08714962005615234
0.08593511581420898
0.08330202102661133
0.10149931907653809
1.0885326862335205
0.08905744552612305
0.0861673355102539
0.08529448509216309
0.08991646766662598
1.0860538482666016
1.0981690883636475
1.0935373306274414
0.11504244804382324
0.08870482444763184
1.0996735095977783
0.08298492431640625
0.09559941291809082
1.0920758247375488
0.10993003845214844
