0.2763402462005615
0.08820414543151855
0.04633688926696777
0.04652857780456543
0.057057857513427734
0.041960716247558594
0.04273653030395508
0.0496673583984375
0.0447993278503418
0.04412412643432617
0.08757591247558594
0.1043691635131836
0.04660463333129883
0.11901617050170898
0.05061197280883789
0.04191994667053223
0.042795658111572266
0.04255080223083496
0.047927141189575195
0.042813777923583984
0.04347968101501465
0.05068707466125488
0.08030343055725098
0.08521509170532227
0.10718512535095215
0.045415401458740234
0.04302692413330078
0.04347372055053711
0.04370927810668945
0.042085886001586914
0.046126365661621094
0.09289026260375977
0.11773848533630371
0.04218697547912598
0.09171462059020996
0.04262971878051758
0.04761314392089844
0.04213523864746094
0.04558277130126953
0.04370737075805664
0.047174930572509766
0.04252338409423828
0.04642367362976074
0.08082914352416992
0.0793602466583252
0.04205751419067383
0.11373066902160645
0.04196882247924805
0.042410850524902344
0.047096967697143555
