0.09827423095703125
1.0796594619750977
0.05167222023010254
0.050261497497558594
0.0664527416229248
0.05086183547973633
0.045403480529785156
0.2270820140838623
0.05775308609008789
0.04392194747924805
1.0462493896484375
0.04863572120666504
0.04327559471130371
0.051299095153808594
0.044629573822021484
0.07350707054138184
0.04324984550476074
0.047301530838012695
0.043030738830566406
1.045515537261963
0.05212664604187012
0.04800057411193848
1.0489635467529297
0.06292867660522461
0.043407440185546875
0.0632631778717041
0.06316995620727539
1.0453996658325195
0.06331515312194824
0.04424571990966797
0.04355335235595703
0.04622530937194824
0.04445648193359375
0.044992923736572266
0.04639625549316406
0.045246124267578125
0.05674147605895996
0.04315662384033203
0.1010582447052002
0.10615372657775879
0.04599905014038086
0.06119084358215332
0.04291200637817383
0.04636383056640625
0.06716203689575195
0.04506254196166992
0.10430693626403809
0.04441475868225098
0.04372882843017578
0.06278228759765625
