0.033220767974853516
0.03175067901611328
0.02879500389099121
0.029976367950439453
0.030056476593017578
0.03571796417236328
0.022370576858520508
0.024784088134765625
0.02432870864868164
0.02367997169494629
0.045572519302368164
0.041710615158081055
0.021735191345214844
0.040204763412475586
0.0312957763671875
0.025409936904907227
0.034459590911865234
0.026926517486572266
0.022131919860839844
0.03892850875854492
0.030549287796020508
0.022463083267211914
0.021617650985717773
0.024701595306396484
0.022835493087768555
0.06881880760192871
0.022245407104492188
0.02150249481201172
0.024051666259765625
0.03625774383544922
0.03763842582702637
0.023250818252563477
0.024908781051635742
0.04678797721862793
0.025954484939575195
0.023760080337524414
0.03171086311340332
0.022154808044433594
0.02387523651123047
0.021548032760620117
0.021985292434692383
0.022275924682617188
0.022848129272460938
0.021825075149536133
0.03080296516418457
0.025063514709472656
0.02242588996887207
0.02518916130065918
0.02403116226196289
0.02259349822998047
