0.07194805145263672
0.038797855377197266
0.029251813888549805
0.04286003112792969
0.025728464126586914
0.022882938385009766
0.026192665100097656
0.02550339698791504
0.0379636287689209
0.0353388786315918
0.02821803092956543
0.03950762748718262
0.028844833374023438
0.033390045166015625
0.022325754165649414
0.025195598602294922
0.029073715209960938
0.034607648849487305
0.024960041046142578
0.05116987228393555
0.038397789001464844
0.021622419357299805
0.023656368255615234
0.024094343185424805
0.02686333656311035
0.04012942314147949
0.030146121978759766
0.024383068084716797
0.02626180648803711
0.02646470069885254
0.06321883201599121
0.02339959144592285
0.037702083587646484
0.0243380069732666
0.04468226432800293
0.040316104888916016
0.023682355880737305
0.03977608680725098
0.04117298126220703
0.023747682571411133
0.025296449661254883
0.025011301040649414
0.02275872230529785
0.022237777709960938
0.02372884750366211
0.021388769149780273
0.024605989456176758
0.022945165634155273
0.04443860054016113
0.023080825805664062
