0.07529067993164062
0.08826231956481934
0.04237079620361328
0.10390210151672363
0.047797203063964844
0.0831596851348877
0.04610490798950195
0.0596010684967041
0.0482029914855957
0.0416715145111084
0.045554399490356445
0.049746036529541016
0.047055959701538086
0.04732680320739746
0.04615616798400879
0.04605865478515625
0.04195284843444824
0.09092974662780762
0.04661417007446289
0.04383730888366699
0.05092430114746094
0.04421496391296387
0.05043292045593262
0.04727625846862793
0.04242062568664551
0.04783034324645996
0.0453336238861084
0.0422358512878418
0.04379868507385254
0.08568310737609863
0.0452420711517334
0.04728364944458008
0.04643583297729492
0.04990673065185547
0.09262704849243164
0.08496999740600586
0.05137443542480469
0.04501509666442871
0.04300236701965332
0.04640650749206543
0.0835716724395752
0.04411816596984863
0.10744976997375488
0.053761959075927734
0.08603024482727051
0.09428620338439941
0.05069541931152344
0.04198122024536133
0.046320199966430664
0.04311728477478027
