0.0811605453491211
0.050717830657958984
0.04337906837463379
0.13270163536071777
0.04273557662963867
0.042737483978271484
0.06706595420837402
0.11934018135070801
0.04240536689758301
0.3996748924255371
0.041997671127319336
0.042266845703125
0.042881011962890625
0.05919289588928223
0.05178642272949219
0.0495152473449707
0.05070805549621582
0.05389833450317383
0.05201363563537598
0.04646110534667969
0.04372262954711914
0.3171062469482422
0.05026817321777344
0.04388141632080078
0.04601478576660156
0.04274868965148926
0.04221057891845703
0.04689192771911621
0.05013775825500488
0.13379168510437012
0.042562246322631836
0.049298763275146484
0.16348981857299805
0.05309772491455078
0.04378461837768555
0.05173778533935547
0.5824077129364014
0.0499117374420166
0.14298248291015625
0.05269622802734375
0.23379230499267578
0.0449526309967041
0.046060800552368164
0.04233217239379883
0.059599876403808594
0.05397200584411621
0.043367862701416016
0.04398512840270996
0.04149961471557617
0.04666328430175781
