0.05051422119140625
0.0220792293548584
0.026129961013793945
0.023110389709472656
0.028349637985229492
0.02814459800720215
0.04514479637145996
0.028080224990844727
0.024353742599487305
0.02246236801147461
0.023484230041503906
0.022487878799438477
0.029966115951538086
0.024450302124023438
0.021805763244628906
0.02527642250061035
0.021970272064208984
0.02289271354675293
0.034180641174316406
0.022447586059570312
0.034908294677734375
0.040847063064575195
0.024477005004882812
0.021634340286254883
0.04796195030212402
0.030014514923095703
0.02273082733154297
0.03326821327209473
0.023305892944335938
0.04970741271972656
0.022520065307617188
0.021556854248046875
0.02178215980529785
0.02192234992980957
0.024595022201538086
0.030147314071655273
0.02427220344543457
0.021635770797729492
0.028985977172851562
0.07507967948913574
0.0852823257446289
0.02208852767944336
0.02199578285217285
0.03880763053894043
0.045205116271972656
0.05481600761413574
0.024053335189819336
0.023790597915649414
0.04614996910095215
0.042615652084350586
