0.14841938018798828
0.12168073654174805
0.12231802940368652
0.08980965614318848
0.12313342094421387
0.08341336250305176
0.09782123565673828
0.13389015197753906
0.09021377563476562
0.08170676231384277
0.10352969169616699
0.08239483833312988
0.09071755409240723
0.1859738826751709
0.08522868156433105
0.09813237190246582
0.0852956771850586
0.08591341972351074
0.08813142776489258
0.09499120712280273
0.08194780349731445
0.09557127952575684
0.08252811431884766
0.08449792861938477
0.08199524879455566
0.08337020874023438
0.0833427906036377
0.11930346488952637
0.11630558967590332
0.09203553199768066
0.08385109901428223
0.08214592933654785
0.11109209060668945
0.08473420143127441
0.09312582015991211
0.14450478553771973
0.08896136283874512
0.08236527442932129
0.12753629684448242
0.09921765327453613
0.0825808048248291
0.09354758262634277
0.08356332778930664
0.08171319961547852
0.14243793487548828
0.12791156768798828
0.08404421806335449
0.08984136581420898
0.08267569541931152
0.12903571128845215
