0.19542932510375977
0.05376100540161133
0.053665876388549805
0.04348254203796387
0.04409074783325195
0.04367709159851074
0.05203747749328613
0.04503178596496582
1.0481269359588623
0.05580449104309082
0.04603099822998047
0.044373273849487305
1.051584243774414
0.054795265197753906
0.04607057571411133
0.04695606231689453
1.0477652549743652
0.046393394470214844
0.04841041564941406
0.04625868797302246
0.043329715728759766
0.045137643814086914
0.05638861656188965
1.0438194274902344
0.0456843376159668
0.053823232650756836
0.044272422790527344
0.04780387878417969
0.046099185943603516
0.046087026596069336
1.0553045272827148
0.04485058784484863
1.045666217803955
0.05249977111816406
0.04871726036071777
0.0476224422454834
0.1228475570678711
1.0472519397735596
1.048354148864746
0.043108463287353516
0.04297900199890137
0.044013261795043945
0.04283404350280762
0.04385709762573242
0.06854891777038574
0.04363512992858887
0.046181678771972656
0.04807734489440918
0.0444638729095459
0.06284093856811523
