0.0940237045288086
0.06742382049560547
0.02415323257446289
0.02187323570251465
0.022165536880493164
0.02311420440673828
0.022008180618286133
0.02404308319091797
0.02370429039001465
0.02817988395690918
0.03477287292480469
0.02547430992126465
0.021677494049072266
0.02139139175415039
0.02338719367980957
0.03171849250793457
0.029661178588867188
0.04118227958679199
0.03265786170959473
0.021909236907958984
0.03572440147399902
0.02205801010131836
0.02176952362060547
0.062465667724609375
0.023430824279785156
0.021945476531982422
0.042792558670043945
0.022569894790649414
0.03651618957519531
0.035399675369262695
0.025694847106933594
0.024076223373413086
0.023949384689331055
0.02503347396850586
0.02435135841369629
0.023726940155029297
0.021369457244873047
0.027269840240478516
0.02232980728149414
0.03975415229797363
0.042368173599243164
0.022438764572143555
0.0334780216217041
0.05601787567138672
0.02258896827697754
0.02353191375732422
0.031282901763916016
0.023292064666748047
0.060620784759521484
0.04208779335021973
