0.12473559379577637
0.08430790901184082
0.130418062210083
0.12588262557983398
0.08508944511413574
0.14555859565734863
0.08181643486022949
0.09158754348754883
0.0839087963104248
0.0912179946899414
0.08288693428039551
0.11676883697509766
0.09119319915771484
0.10988926887512207
0.09747147560119629
0.08277654647827148
0.08468961715698242
0.10400962829589844
0.14731860160827637
0.08243346214294434
0.11605978012084961
0.08624076843261719
0.09046077728271484
0.11486959457397461
0.08454394340515137
0.0823822021484375
0.08425235748291016
0.08511209487915039
0.08325815200805664
0.17033720016479492
0.08709359169006348
0.1273186206817627
0.08170437812805176
0.09181380271911621
0.08876800537109375
0.0859670639038086
0.08401703834533691
0.08385181427001953
0.08592581748962402
0.09613752365112305
0.08247685432434082
0.0904545783996582
0.08491659164428711
0.0847771167755127
0.10049915313720703
0.14440155029296875
0.08617973327636719
0.08385419845581055
0.15019631385803223
0.08811497688293457
