0.2120194435119629
0.04758310317993164
0.04297184944152832
0.044780731201171875
0.17125773429870605
0.04258251190185547
0.2039659023284912
0.04288363456726074
0.04892683029174805
0.04264974594116211
0.0629127025604248
0.042883872985839844
0.04222393035888672
0.04552268981933594
0.05473589897155762
0.04571676254272461
0.04510498046875
0.04272580146789551
0.09890055656433105
0.042870521545410156
0.04745984077453613
0.04536080360412598
0.04275250434875488
0.0450892448425293
0.04517555236816406
0.05468940734863281
0.04210805892944336
0.0433809757232666
0.1814432144165039
0.04306530952453613
0.046265602111816406
0.04515433311462402
0.04175996780395508
0.04188060760498047
0.04678750038146973
0.048423051834106445
0.16265559196472168
0.052561283111572266
0.043474674224853516
0.05603528022766113
0.050722599029541016
0.21640586853027344
0.07210516929626465
0.04199814796447754
0.0472872257232666
0.04653143882751465
0.043790340423583984
0.04568910598754883
0.043778181076049805
0.12598514556884766
