0.06759810447692871
1.0602636337280273
0.04736590385437012
0.05494546890258789
1.046658992767334
0.05113863945007324
0.05174970626831055
0.04778552055358887
0.048064470291137695
0.04675769805908203
0.043723344802856445
0.05663895606994629
0.0497133731842041
0.08116340637207031
0.043070316314697266
0.042876243591308594
0.07358264923095703
0.08665728569030762
0.050048112869262695
0.047421932220458984
0.04666924476623535
0.046762704849243164
0.049352407455444336
1.0500445365905762
0.05330324172973633
0.07304167747497559
0.04535174369812012
1.0494024753570557
1.0539653301239014
0.04397988319396973
0.08316636085510254
1.047795295715332
0.05429363250732422
0.05100297927856445
0.06126260757446289
1.044980525970459
1.0457065105438232
0.04546403884887695
0.045766353607177734
0.046350717544555664
1.0449821949005127
1.0442264080047607
1.0600855350494385
0.04781651496887207
0.043564558029174805
0.047774553298950195
1.0561375617980957
0.09215450286865234
1.049391746520996
0.04365396499633789
