1.0932610034942627
0.08597803115844727
0.08388519287109375
0.09102106094360352
0.08468341827392578
0.11569333076477051
0.08526992797851562
0.08971452713012695
0.11504435539245605
0.08835434913635254
0.0832362174987793
0.08789896965026855
0.08726811408996582
0.08503365516662598
0.08591341972351074
0.08260178565979004
0.14478087425231934
0.08945584297180176
0.0814976692199707
0.17289233207702637
0.09038281440734863
0.0871133804321289
0.0834043025970459
1.095362901687622
0.12265253067016602
0.08316898345947266
0.08579802513122559
0.08337187767028809
0.09628176689147949
1.0937747955322266
0.08773255348205566
0.08301544189453125
0.3425023555755615
0.0890040397644043
1.092311143875122
0.11870431900024414
0.13629603385925293
1.085064172744751
0.09707927703857422
0.08844304084777832
1.0870246887207031
0.2139291763305664
0.08892297744750977
0.08716392517089844
0.0829620361328125
0.13088488578796387
0.0863485336303711
0.08326911926269531
0.08285832405090332
0.08520388603210449
