0.03014206886291504
0.03688478469848633
0.025353193283081055
0.022617578506469727
0.04027533531188965
0.022088050842285156
0.022745609283447266
0.0292360782623291
0.021964550018310547
0.02587890625
0.025750398635864258
0.02637958526611328
0.02318549156188965
0.024418354034423828
0.023263931274414062
0.026782989501953125
0.03992104530334473
0.023773908615112305
0.02215433120727539
0.02649521827697754
0.023092031478881836
0.02882075309753418
0.025557279586791992
0.02695751190185547
0.03810739517211914
0.039031982421875
0.028704404830932617
0.033870697021484375
0.03720688819885254
0.028831005096435547
0.03850507736206055
0.025835514068603516
0.023280858993530273
0.03860187530517578
0.02676081657409668
0.0328671932220459
0.03615212440490723
0.02789759635925293
0.02467036247253418
0.038478851318359375
0.04002809524536133
0.022923946380615234
0.038175106048583984
0.02314591407775879
0.02527165412902832
0.02277064323425293
0.02809309959411621
0.026579618453979492
0.024659395217895508
0.027137041091918945
