0.09593462944030762
0.08163857460021973
0.11699199676513672
0.08375358581542969
0.10680150985717773
0.0841362476348877
0.1252446174621582
0.29189515113830566
0.09272527694702148
0.16109037399291992
0.09958219528198242
0.08696436882019043
0.08254718780517578
0.0832514762878418
0.0819711685180664
0.09015989303588867
0.08699226379394531
0.08207893371582031
0.08516955375671387
0.08759522438049316
0.09101390838623047
0.08381962776184082
0.11632323265075684
0.08225750923156738
0.08278465270996094
0.08360671997070312
0.08428812026977539
0.0922079086303711
0.0915670394897461
0.11372780799865723
0.10935568809509277
0.08223819732666016
0.08433175086975098
0.12176394462585449
0.08289551734924316
0.08183908462524414
0.08443117141723633
0.11785340309143066
0.09450173377990723
0.0820620059967041
0.15574407577514648
0.08463120460510254
0.1630995273590088
0.12600016593933105
0.08381986618041992
0.08636236190795898
0.08598065376281738
0.11520886421203613
0.0870368480682373
0.08514595031738281
