0.04924893379211426
0.04457569122314453
0.04219937324523926
0.022150278091430664
0.03436112403869629
0.023621797561645508
0.05925583839416504
0.026481151580810547
0.02301192283630371
0.03338170051574707
0.024335145950317383
0.03488564491271973
0.021929502487182617
0.037869930267333984
0.025400400161743164
0.0238497257232666
0.023433923721313477
0.022344112396240234
0.03665018081665039
0.02265763282775879
0.0633547306060791
0.024739742279052734
0.0216977596282959
0.05043649673461914
0.05688619613647461
0.02342081069946289
0.026839733123779297
0.02292919158935547
0.052916526794433594
0.02307748794555664
0.021762609481811523
0.029690027236938477
0.02172708511352539
0.030663490295410156
0.02320718765258789
0.022365331649780273
0.03568100929260254
0.04162764549255371
0.02741241455078125
0.034380435943603516
0.02224898338317871
0.021792173385620117
0.022110462188720703
0.044879913330078125
0.03779792785644531
0.033991336822509766
0.023152828216552734
0.02853703498840332
0.03310227394104004
0.044504642486572266
