0.16431641578674316
1.0889122486114502
0.0899207592010498
0.08789277076721191
0.08597946166992188
0.0831601619720459
0.2079167366027832
0.30156826972961426
0.08342576026916504
0.0823817253112793
0.08567619323730469
0.08678507804870605
1.0923991203308105
0.16339993476867676
0.1089937686920166
0.0854039192199707
0.17248964309692383
0.08355951309204102
0.0888979434967041
0.08822035789489746
0.18523502349853516
0.1472182273864746
0.08403539657592773
0.08539628982543945
0.08355212211608887
0.0819997787475586
0.08812546730041504
0.27008628845214844
0.08640074729919434
0.10105705261230469
0.08624410629272461
0.08477663993835449
0.08170199394226074
0.08540749549865723
1.0942251682281494
0.08302164077758789
0.08287167549133301
1.0872795581817627
0.08593225479125977
1.0951852798461914
0.08875894546508789
1.09022855758667
0.08837223052978516
0.129990816116333
1.085254430770874
0.08449506759643555
0.1671288013458252
0.10832476615905762
1.0974376201629639
0.08348655700683594
