0.09065127372741699
1.085754156112671
0.10003924369812012
0.08660578727722168
0.14914822578430176
0.08456158638000488
0.11702680587768555
0.08829760551452637
0.08837199211120605
0.09269905090332031
0.08670973777770996
0.1121218204498291
1.0887010097503662
0.14656448364257812
0.1382431983947754
0.08981537818908691
0.08610796928405762
1.086644172668457
0.08517765998840332
0.08786249160766602
0.08354687690734863
0.12581682205200195
0.0825963020324707
0.0899350643157959
0.08271551132202148
0.1300971508026123
0.08468747138977051
0.08260750770568848
0.12570738792419434
0.08398818969726562
0.08893585205078125
0.08322334289550781
0.08229660987854004
0.09208226203918457
0.08505392074584961
0.08692097663879395
0.08421683311462402
0.08263516426086426
0.13941264152526855
0.08659553527832031
0.08455801010131836
0.11547231674194336
0.08953595161437988
0.09477543830871582
0.10285210609436035
1.0879361629486084
0.21668672561645508
0.10601925849914551
1.0931556224822998
0.08890581130981445
