0.07478570938110352
0.13799619674682617
0.0424647331237793
0.0444188117980957
0.04149889945983887
0.04572343826293945
0.04508662223815918
0.09629034996032715
0.0420534610748291
0.045438289642333984
0.08981871604919434
0.057290077209472656
0.0431516170501709
0.04448199272155762
0.08611631393432617
0.04161262512207031
0.05815458297729492
0.04262804985046387
0.10377216339111328
0.04179191589355469
0.04277181625366211
0.04599475860595703
0.09327125549316406
0.048639535903930664
0.04530763626098633
0.04320025444030762
0.04470252990722656
0.0429232120513916
0.04296684265136719
0.04197216033935547
0.04267406463623047
0.0455782413482666
0.04730510711669922
0.0522768497467041
0.08663773536682129
0.04342794418334961
0.043737173080444336
0.04188108444213867
0.042189598083496094
0.05435609817504883
0.04343295097351074
0.04541969299316406
0.04983925819396973
0.041855573654174805
0.04788494110107422
0.053284645080566406
0.04702591896057129
0.04288625717163086
0.052958011627197266
0.0421602725982666
