0.08432936668395996
1.0440871715545654
0.04305744171142578
0.04343748092651367
0.0496220588684082
0.045516252517700195
0.04356074333190918
1.0485596656799316
0.08532190322875977
0.043759822845458984
1.0490729808807373
0.04994630813598633
0.044741153717041016
0.04184460639953613
0.04874300956726074
1.050398349761963
1.0508737564086914
0.044724225997924805
0.0732882022857666
0.044379234313964844
0.049779653549194336
0.04808807373046875
0.043793678283691406
0.04282736778259277
0.04578804969787598
0.04404020309448242
1.0447983741760254
0.17106080055236816
0.04383540153503418
0.042964935302734375
0.08935546875
0.04687023162841797
0.04397392272949219
0.0815742015838623
0.05949568748474121
0.043450117111206055
1.0439584255218506
0.04178047180175781
0.07470560073852539
0.04660391807556152
0.09093213081359863
0.04510235786437988
0.042704105377197266
0.05722808837890625
0.04541826248168945
0.04401874542236328
0.04680013656616211
0.04544639587402344
0.04777789115905762
1.0524632930755615
