0.03177618980407715
0.02244257926940918
0.03840279579162598
0.022078275680541992
0.03658270835876465
0.0247495174407959
0.03509640693664551
0.04089498519897461
0.025414228439331055
0.02475142478942871
0.03730893135070801
0.045157670974731445
0.021855831146240234
0.040093183517456055
0.03024458885192871
0.03722500801086426
0.026871204376220703
0.02837085723876953
0.023192882537841797
0.030650854110717773
0.030148983001708984
0.02936267852783203
0.0540013313293457
0.02310490608215332
0.02255105972290039
0.05270051956176758
0.024816274642944336
0.022020816802978516
0.02365255355834961
0.03132915496826172
0.02258896827697754
0.03906440734863281
0.024396419525146484
0.02274298667907715
0.021913528442382812
0.02217841148376465
0.04376578330993652
0.029306888580322266
0.025194644927978516
0.022732257843017578
0.03303790092468262
0.025774717330932617
0.03169131278991699
0.03225207328796387
0.022771596908569336
0.0383453369140625
0.04073739051818848
0.030672788619995117
0.035311222076416016
0.03146004676818848
