0.4660954475402832
0.09105920791625977
0.11222481727600098
0.10553932189941406
1.0973484516143799
0.08874773979187012
0.08570194244384766
0.08658790588378906
0.10698127746582031
0.08332610130310059
0.09094810485839844
0.08369302749633789
0.08433198928833008
0.1042184829711914
0.10922551155090332
0.08229541778564453
0.08406591415405273
1.0920617580413818
1.0929203033447266
0.09390091896057129
0.14171648025512695
0.08488273620605469
0.08242201805114746
0.14003467559814453
0.08803939819335938
0.08498930931091309
0.08985471725463867
1.0939488410949707
0.08810281753540039
0.1425783634185791
0.08306002616882324
0.11696314811706543
0.08200502395629883
1.0898001194000244
0.08594274520874023
0.0826106071472168
0.09004974365234375
0.09064984321594238
0.08600282669067383
1.0904111862182617
0.09236836433410645
0.09237980842590332
1.090606689453125
0.08208942413330078
0.08292865753173828
0.08288884162902832
0.09570789337158203
0.09471726417541504
1.0928151607513428
0.08484673500061035
