0.0652000904083252
0.04631686210632324
0.04327058792114258
0.059223175048828125
0.07117462158203125
1.0513691902160645
0.04432201385498047
0.04390764236450195
0.04591846466064453
1.0457816123962402
0.05699276924133301
0.04418182373046875
0.04514598846435547
0.061026811599731445
1.0600471496582031
0.05190920829772949
0.06719970703125
0.07247734069824219
0.04916191101074219
0.06832575798034668
0.04299664497375488
0.04626941680908203
0.04252934455871582
0.0563504695892334
0.04500913619995117
0.07543802261352539
0.04214334487915039
0.0529017448425293
0.04416942596435547
0.042704105377197266
0.05917477607727051
0.043553829193115234
0.04394888877868652
0.04339027404785156
1.0536820888519287
0.048070430755615234
1.0569987297058105
0.04784035682678223
1.0525057315826416
1.0520811080932617
1.051199197769165
1.0460968017578125
1.0466604232788086
0.04521465301513672
0.04457402229309082
0.061106204986572266
0.044156789779663086
0.04851078987121582
0.04549574851989746
0.043443918228149414
