0.1262521743774414
0.08583474159240723
0.09202432632446289
0.08162379264831543
0.08321499824523926
0.12326669692993164
0.08324956893920898
0.08557677268981934
0.08253169059753418
0.08313393592834473
0.11923813819885254
0.08329176902770996
0.08267331123352051
0.0845482349395752
0.09059977531433105
0.08463692665100098
0.08170461654663086
0.08392000198364258
0.08175349235534668
0.08380770683288574
1.086663007736206
0.1857757568359375
0.08496761322021484
0.0854649543762207
0.13539433479309082
0.14507603645324707
0.08449482917785645
0.08489084243774414
0.1225593090057373
0.09407472610473633
0.08235788345336914
0.08210515975952148
0.12572836875915527
0.09214496612548828
0.08224320411682129
0.0834810733795166
0.0822305679321289
0.0824439525604248
0.09512519836425781
0.0849909782409668
0.12471270561218262
0.08388757705688477
0.08234000205993652
0.09476661682128906
0.08213210105895996
0.09589552879333496
0.08868956565856934
0.21125197410583496
0.08540940284729004
0.08229398727416992
