0.05475878715515137
1.04616117477417
0.042558908462524414
0.04346418380737305
1.05165433883667
0.04602551460266113
1.0522284507751465
0.06935572624206543
0.047899484634399414
0.04709291458129883
0.0495603084564209
1.048048973083496
1.0524940490722656
1.051171064376831
0.07355690002441406
1.054593563079834
1.0482914447784424
1.0533013343811035
1.0493707656860352
0.05228161811828613
0.044962167739868164
0.04512476921081543
0.05732274055480957
0.04715275764465332
0.043631792068481445
0.04712486267089844
0.045342206954956055
0.041646718978881836
0.04250669479370117
1.045039176940918
1.051692247390747
0.05392956733703613
0.057350873947143555
0.049077749252319336
0.060945749282836914
0.04688596725463867
0.04769277572631836
0.04390382766723633
0.06741738319396973
0.045166015625
0.049416303634643555
0.05261993408203125
0.057003021240234375
0.04529857635498047
0.06644535064697266
0.04344296455383301
0.06180572509765625
1.0536179542541504
0.04407501220703125
1.0565979480743408
