0.09503030776977539
0.04181337356567383
0.04219841957092285
0.045202016830444336
0.045305490493774414
0.08423638343811035
0.10360240936279297
0.04481673240661621
0.09183692932128906
0.05046963691711426
0.04443955421447754
0.04190635681152344
0.04224586486816406
0.08461165428161621
0.04371356964111328
0.047178030014038086
0.04393339157104492
0.05039048194885254
0.08207178115844727
0.04318737983703613
0.043367862701416016
0.08371925354003906
0.04603075981140137
0.042725563049316406
0.04214620590209961
0.046959638595581055
0.04412579536437988
0.11325430870056152
0.041639089584350586
0.05367398262023926
0.0908961296081543
0.04668736457824707
0.049172401428222656
0.09359073638916016
0.04803919792175293
0.042217254638671875
0.10359692573547363
0.04177379608154297
0.04424571990966797
0.04303240776062012
0.04809260368347168
0.05211138725280762
0.04403185844421387
0.04602980613708496
0.10589766502380371
0.0479891300201416
0.08373498916625977
0.056511878967285156
0.043694257736206055
0.04640483856201172
