0.16798949241638184
0.08407282829284668
0.08341050148010254
0.08489155769348145
0.08742880821228027
0.08898758888244629
0.08288145065307617
0.10403823852539062
1.094590425491333
0.14120864868164062
0.09070134162902832
1.0923120975494385
1.1000070571899414
1.0888965129852295
0.08287811279296875
0.09241247177124023
0.08373856544494629
0.10326862335205078
1.0892326831817627
0.10074734687805176
0.0871882438659668
0.08463478088378906
0.08558177947998047
0.08433961868286133
0.10082674026489258
0.10598874092102051
0.08281350135803223
0.08298873901367188
0.10466122627258301
0.0829002857208252
1.092958927154541
0.0867156982421875
0.09592700004577637
0.0942544937133789
0.08591794967651367
0.08427739143371582
1.086681842803955
0.08405065536499023
0.08790922164916992
0.09525465965270996
0.08790040016174316
1.0889835357666016
0.08602523803710938
0.08692002296447754
0.09555172920227051
0.08700060844421387
0.08433651924133301
0.09077095985412598
0.08726263046264648
0.08353948593139648
