0.09365630149841309
0.09072518348693848
0.0883033275604248
0.0912771224975586
0.15309453010559082
0.08409333229064941
0.08668828010559082
0.14657306671142578
0.08428192138671875
0.18898415565490723
0.08170199394226074
0.08798432350158691
1.0945749282836914
0.0829172134399414
1.0924029350280762
0.19655466079711914
0.09752178192138672
1.0885565280914307
0.08647608757019043
0.08742260932922363
0.18447279930114746
0.08395910263061523
1.0837173461914062
0.08309078216552734
0.08865213394165039
1.0847620964050293
0.22735261917114258
1.0998494625091553
0.08574652671813965
1.09224271774292
1.0881624221801758
1.0885682106018066
0.09272956848144531
1.0936431884765625
0.17273759841918945
0.1896214485168457
0.0851590633392334
1.0881726741790771
0.13745498657226562
0.09285545349121094
1.0873236656188965
1.0861656665802002
0.1525125503540039
0.0860130786895752
0.10170364379882812
0.19871854782104492
0.08519601821899414
0.0862569808959961
1.0959410667419434
1.0870730876922607
