0.21227431297302246
0.10864043235778809
0.12579679489135742
0.09256505966186523
0.0837717056274414
0.08444380760192871
0.09380412101745605
0.14443612098693848
0.0820000171661377
0.08249783515930176
0.08558988571166992
0.08733606338500977
0.08463549613952637
0.2516317367553711
0.09565520286560059
0.08348274230957031
0.08791708946228027
0.08447384834289551
0.0899055004119873
0.0833733081817627
0.08519649505615234
0.08663177490234375
0.0843040943145752
0.08701205253601074
0.08449196815490723
0.08666086196899414
0.08258414268493652
0.09161996841430664
0.08309721946716309
0.10248541831970215
0.09468698501586914
0.13859057426452637
0.0840597152709961
0.12270569801330566
0.08535003662109375
0.11567163467407227
0.11548757553100586
0.10112833976745605
0.12167215347290039
0.0846564769744873
0.08252191543579102
0.0852198600769043
0.10362577438354492
0.09291887283325195
0.08267378807067871
0.10597681999206543
0.08739352226257324
0.08477902412414551
0.09681034088134766
0.08446121215820312
