0.049187660217285156
0.04335737228393555
0.045595645904541016
0.08633828163146973
0.04945015907287598
0.04312920570373535
0.08511805534362793
1.0501909255981445
0.055210113525390625
0.08002328872680664
0.04477429389953613
0.0597226619720459
0.050255775451660156
0.047797441482543945
0.042627811431884766
1.04862642288208
0.047206878662109375
0.04823040962219238
1.050870656967163
0.0430598258972168
0.04761695861816406
0.04762744903564453
0.04231071472167969
0.06533432006835938
0.04221057891845703
0.05560898780822754
0.04686856269836426
0.04310202598571777
0.04315471649169922
1.0438897609710693
0.05192899703979492
0.05917668342590332
0.044547319412231445
0.047907352447509766
0.045037269592285156
0.056182146072387695
0.04240608215332031
0.047078609466552734
0.05718517303466797
1.0611658096313477
0.04837512969970703
0.04612302780151367
0.04303717613220215
0.0596311092376709
0.051253318786621094
0.042688608169555664
1.0439610481262207
0.04222822189331055
0.04171609878540039
1.0473144054412842
