0.06188344955444336
0.04873514175415039
0.044695377349853516
1.049194574356079
0.043401241302490234
0.04879450798034668
0.04586005210876465
1.0451045036315918
0.0431215763092041
0.04359841346740723
0.04502582550048828
0.04574322700500488
0.044832468032836914
0.0462651252746582
0.042574405670166016
0.045774221420288086
0.04674053192138672
0.04710197448730469
0.08644938468933105
0.046792030334472656
0.04213738441467285
0.05554533004760742
0.0650031566619873
0.04572701454162598
0.057196855545043945
0.060376644134521484
0.048349618911743164
0.041649818420410156
1.0517237186431885
1.0456249713897705
0.04618215560913086
0.04393935203552246
1.0527212619781494
1.0483458042144775
1.0514295101165771
0.06750249862670898
0.06829094886779785
0.04573845863342285
0.0457766056060791
0.06051802635192871
0.04521346092224121
0.051809072494506836
0.06566166877746582
0.05190873146057129
0.046842336654663086
0.06871223449707031
0.046887874603271484
0.06638765335083008
0.04994010925292969
0.04900097846984863
