0.09294915199279785
0.0887150764465332
0.08741474151611328
0.13869953155517578
0.0834188461303711
0.09008550643920898
0.08405280113220215
0.08593940734863281
0.08844161033630371
0.12291646003723145
0.08645391464233398
0.12286686897277832
0.12496376037597656
0.0834805965423584
1.0887832641601562
0.08269333839416504
0.08977246284484863
1.0847561359405518
0.08876538276672363
0.08487105369567871
0.08441472053527832
0.1109151840209961
0.0848689079284668
0.08470535278320312
0.09694838523864746
0.08877825736999512
0.08537483215332031
0.08499407768249512
1.0943973064422607
0.08618664741516113
0.08355379104614258
0.0884408950805664
0.08408617973327637
1.0888912677764893
0.08570313453674316
1.0914967060089111
0.08214855194091797
0.0907583236694336
0.09366178512573242
1.0905263423919678
0.08645749092102051
0.09585189819335938
0.11686539649963379
0.09313416481018066
0.10905337333679199
0.14078187942504883
0.09781384468078613
0.08593869209289551
0.08348870277404785
0.08722352981567383
