0.07817816734313965
0.04835653305053711
0.053498268127441406
0.04562830924987793
0.045937538146972656
0.045923709869384766
0.04377913475036621
0.04488110542297363
0.04683661460876465
0.05318260192871094
0.04920554161071777
0.045452117919921875
0.05303764343261719
0.04218006134033203
0.042835235595703125
0.047126054763793945
0.0428462028503418
0.04551100730895996
0.04390120506286621
0.0949850082397461
0.04425930976867676
0.09584665298461914
0.0471646785736084
0.04427218437194824
0.050184011459350586
0.0419156551361084
0.052345991134643555
0.04387354850769043
0.04519915580749512
0.04317617416381836
0.04517078399658203
0.04309678077697754
0.05161929130554199
0.045964956283569336
0.047437429428100586
0.04622149467468262
0.046022891998291016
0.08918499946594238
0.047330617904663086
0.0420379638671875
0.08009123802185059
0.042680978775024414
0.04913735389709473
0.04379844665527344
0.12791943550109863
0.047272443771362305
0.0945429801940918
0.04214811325073242
0.04797768592834473
0.04254603385925293
