0.054046630859375
0.028438091278076172
0.02696084976196289
0.022690773010253906
0.047446489334106445
0.022034645080566406
0.022893667221069336
0.035863399505615234
0.022520780563354492
0.12274718284606934
0.04442238807678223
0.04208874702453613
0.02224564552307129
0.045041561126708984
0.021602630615234375
0.022095203399658203
0.07224345207214355
0.022508859634399414
0.025258541107177734
0.024002790451049805
0.03980278968811035
1.0259182453155518
0.023194313049316406
1.0275359153747559
0.04201364517211914
0.06159090995788574
1.0385921001434326
0.02398991584777832
0.04207420349121094
0.024800539016723633
0.09952378273010254
0.024512767791748047
0.022380590438842773
1.0251736640930176
0.025651216506958008
1.0239577293395996
0.022882461547851562
0.0244598388671875
0.021928787231445312
0.023717641830444336
0.02383708953857422
1.0294485092163086
1.0334932804107666
0.022253036499023438
0.024962425231933594
0.021805286407470703
1.0227916240692139
1.027881145477295
0.026597976684570312
0.0248868465423584
