0.07362747192382812
0.04327869415283203
0.042742013931274414
0.04575824737548828
0.09222626686096191
0.058985233306884766
0.04424595832824707
0.662036657333374
0.04572272300720215
0.04288125038146973
0.07946109771728516
0.18219280242919922
0.04167914390563965
0.04929471015930176
0.04280447959899902
0.057412147521972656
0.044768333435058594
0.04821348190307617
0.041689157485961914
0.04204106330871582
0.04723811149597168
0.09610867500305176
0.23984861373901367
0.045499563217163086
0.056336164474487305
0.047919511795043945
0.04790234565734863
0.5608580112457275
0.0462956428527832
0.04348921775817871
0.04207038879394531
0.042951345443725586
0.05617332458496094
0.1236274242401123
0.04667377471923828
0.042183637619018555
0.13925457000732422
0.17018532752990723
0.0493016242980957
0.1163790225982666
0.11453652381896973
0.043495893478393555
0.04499936103820801
0.04275083541870117
0.09771418571472168
0.0442354679107666
0.04459404945373535
0.0472257137298584
0.04569125175476074
0.15643882751464844
