1.1176960468292236
0.08911371231079102
0.08466219902038574
0.09048962593078613
0.09612870216369629
0.08847427368164062
0.10922098159790039
1.0918505191802979
0.09239959716796875
0.0872507095336914
0.16921710968017578
0.08426117897033691
0.08515787124633789
0.08363080024719238
1.0922303199768066
0.0833883285522461
0.12357544898986816
0.08476090431213379
0.08569598197937012
0.12211418151855469
0.08209943771362305
0.08933615684509277
1.0904452800750732
0.08723616600036621
0.13563323020935059
0.09076428413391113
0.09317684173583984
0.09053683280944824
0.1521472930908203
1.0871033668518066
0.11212468147277832
1.087954044342041
1.0905265808105469
1.1019461154937744
0.08423304557800293
0.09448432922363281
0.11063718795776367
0.08719015121459961
0.08526301383972168
0.0890655517578125
0.08339214324951172
0.088043212890625
0.08913421630859375
0.08263683319091797
1.0846281051635742
0.10890555381774902
0.08983612060546875
1.0952963829040527
1.088238000869751
1.1012468338012695
