1.1061758995056152
0.14510154724121094
0.08545231819152832
0.26647233963012695
0.08344101905822754
0.08326077461242676
1.0861220359802246
0.08283758163452148
0.1410379409790039
0.08639836311340332
1.0969281196594238
0.08407282829284668
0.08336305618286133
0.14455366134643555
0.20633673667907715
0.08411002159118652
1.0834481716156006
0.09162116050720215
1.1055421829223633
0.08479738235473633
1.0886404514312744
0.08325433731079102
0.08385109901428223
1.0936906337738037
0.08448243141174316
1.0888872146606445
1.096601963043213
0.1534574031829834
0.08695745468139648
1.0994789600372314
0.16347050666809082
0.09442019462585449
1.0890402793884277
0.09342312812805176
0.0844881534576416
1.0924320220947266
1.0908637046813965
1.0866155624389648
0.08897757530212402
0.09012603759765625
0.1521596908569336
0.09284615516662598
0.09581828117370605
0.11369013786315918
0.17765116691589355
1.090573787689209
0.1127326488494873
0.08697271347045898
0.12149620056152344
0.08423972129821777
