0.03179168701171875
0.022073984146118164
0.05051398277282715
0.03877139091491699
0.021938562393188477
0.02196788787841797
0.05371594429016113
0.059340715408325195
0.021739959716796875
0.025519847869873047
0.02295708656311035
0.028144359588623047
0.07895779609680176
1.027212381362915
0.021832942962646484
1.0289204120635986
0.0513150691986084
0.04724264144897461
0.026647329330444336
1.0255563259124756
1.0277111530303955
0.05300545692443848
0.0235135555267334
1.0263700485229492
1.0268986225128174
0.022222518920898438
0.04978132247924805
0.047766923904418945
0.03079509735107422
1.0235278606414795
0.024643421173095703
0.04303622245788574
0.03382253646850586
0.026047706604003906
0.02393651008605957
0.022095441818237305
0.021703481674194336
0.022124767303466797
0.028676986694335938
1.0273003578186035
0.022124052047729492
0.024334192276000977
0.026495933532714844
1.0282280445098877
0.062078237533569336
0.022286176681518555
0.025829553604125977
0.023970603942871094
1.0242881774902344
0.023322343826293945
