0.05320596694946289
0.04403090476989746
0.046239376068115234
0.04905962944030762
0.04822850227355957
0.04446125030517578
1.045297622680664
0.0438389778137207
0.051455020904541016
0.08324646949768066
1.047410488128662
0.0427861213684082
0.0456240177154541
0.053202152252197266
0.04563546180725098
0.04673004150390625
0.046129465103149414
0.05463552474975586
0.05161261558532715
1.0482509136199951
0.06990933418273926
1.0474200248718262
0.04927635192871094
0.06900572776794434
0.046758174896240234
0.06157636642456055
1.0500543117523193
0.07478022575378418
0.04548454284667969
0.057494163513183594
0.04263186454772949
0.0636749267578125
1.050544023513794
1.0488834381103516
0.043007612228393555
0.04373788833618164
0.044465065002441406
0.047251224517822266
0.04228401184082031
0.04449009895324707
1.0641050338745117
0.0448758602142334
1.0447869300842285
1.0509154796600342
0.04654884338378906
0.12819433212280273
0.04331564903259277
0.0491640567779541
0.07102489471435547
1.0505623817443848
