0.035687923431396484
0.024466753005981445
0.021842479705810547
0.022727251052856445
0.022565603256225586
0.060842275619506836
0.053879499435424805
0.02246689796447754
0.022469520568847656
0.02465677261352539
1.0324585437774658
0.027034282684326172
0.023569107055664062
0.021930694580078125
0.022911787033081055
0.02568531036376953
0.042633771896362305
0.02242588996887207
0.04260373115539551
0.12490701675415039
0.02266860008239746
0.03547096252441406
0.023474931716918945
0.02160024642944336
0.025836706161499023
0.022837162017822266
0.022092342376708984
1.0265603065490723
0.03063058853149414
0.039284467697143555
1.0249950885772705
0.038785457611083984
0.024868488311767578
0.021641016006469727
0.021912336349487305
0.02567315101623535
0.03546881675720215
1.0327389240264893
0.04086756706237793
0.02217268943786621
0.03807497024536133
0.061629533767700195
0.024474620819091797
0.02490711212158203
0.022961139678955078
0.02176642417907715
0.0239260196685791
0.024312257766723633
0.023899316787719727
0.0948801040649414
