0.11027240753173828
0.08566594123840332
1.0910875797271729
0.08229303359985352
0.09119033813476562
1.088857650756836
0.0834970474243164
0.09228301048278809
0.08358097076416016
0.0892479419708252
0.08430814743041992
0.08659100532531738
0.09014487266540527
0.09390139579772949
0.08880472183227539
0.09099888801574707
0.1386101245880127
0.12611818313598633
0.08506035804748535
1.0875086784362793
0.08194446563720703
0.08813047409057617
0.0824892520904541
1.0873241424560547
0.08417558670043945
0.16886377334594727
0.11626100540161133
0.08367323875427246
0.09612178802490234
0.08899378776550293
0.08272171020507812
0.17531442642211914
0.12967443466186523
0.09784674644470215
0.09340333938598633
1.0892314910888672
0.09200382232666016
0.1918773651123047
0.1657886505126953
0.15621113777160645
1.102816104888916
0.10190892219543457
0.08488082885742188
0.09517335891723633
0.10864877700805664
0.08896875381469727
0.08298897743225098
0.08336782455444336
0.08533525466918945
0.08584403991699219
