0.09428215026855469
0.08791732788085938
0.08573031425476074
0.09063076972961426
0.09163808822631836
0.08669734001159668
1.0893380641937256
0.0853114128112793
0.09585690498352051
0.08341217041015625
0.08246016502380371
1.0868518352508545
0.0843958854675293
1.090266227722168
1.0978655815124512
0.09285974502563477
0.17133569717407227
0.09143662452697754
0.08452916145324707
0.1075582504272461
1.0890388488769531
0.08586883544921875
0.08420205116271973
0.09037208557128906
0.0823969841003418
0.09558725357055664
0.0924832820892334
1.0937867164611816
0.09316825866699219
1.0932059288024902
0.09388256072998047
0.10310983657836914
0.08686208724975586
0.08637428283691406
0.08799338340759277
0.08735466003417969
0.08987879753112793
1.092895269393921
1.089496374130249
0.08660054206848145
1.0922017097473145
0.09145927429199219
0.10521674156188965
0.10083675384521484
0.0907893180847168
0.0900108814239502
0.08515429496765137
1.097191333770752
0.08869338035583496
0.08695125579833984
