0.05348849296569824
0.04176497459411621
0.04640030860900879
0.048642635345458984
0.04177546501159668
0.043038129806518555
0.0519413948059082
0.042047739028930664
0.04354739189147949
0.04351377487182617
0.042583465576171875
0.07931137084960938
0.047612905502319336
0.04649710655212402
0.04384183883666992
0.046915292739868164
0.04216265678405762
0.04398369789123535
0.04653739929199219
0.04671764373779297
0.04874229431152344
0.08644962310791016
0.09032988548278809
0.042270660400390625
0.046608686447143555
0.04190826416015625
0.0431675910949707
0.04875993728637695
0.04855966567993164
0.0533442497253418
0.04687666893005371
0.04405856132507324
0.09885859489440918
0.04686546325683594
0.04572916030883789
0.041846513748168945
0.04437398910522461
0.04227733612060547
0.04194331169128418
0.09768295288085938
0.043268680572509766
0.04839324951171875
0.04171442985534668
0.041669368743896484
0.05834531784057617
0.08935093879699707
0.049623727798461914
0.0420229434967041
0.04436635971069336
0.043283700942993164
