0.04981231689453125
0.0496065616607666
0.04209399223327637
0.12674331665039062
0.15317893028259277
0.04309582710266113
0.14203333854675293
0.04167342185974121
0.04698824882507324
0.09919118881225586
0.053046226501464844
0.04570460319519043
0.04302501678466797
0.04363870620727539
0.2312793731689453
0.04547882080078125
0.04209256172180176
0.05031871795654297
0.048725128173828125
0.047006845474243164
0.05502939224243164
0.08766651153564453
0.047960519790649414
0.05421590805053711
0.40909838676452637
0.06856679916381836
0.04276585578918457
0.044322967529296875
0.044634342193603516
0.04172635078430176
0.04703855514526367
0.058565378189086914
0.29471397399902344
0.05724692344665527
0.04231142997741699
0.12113833427429199
0.04231739044189453
0.37229108810424805
0.113800048828125
0.05577874183654785
0.04271697998046875
0.05474376678466797
0.05553078651428223
0.04377126693725586
0.046736955642700195
0.22202491760253906
0.04218339920043945
0.04190468788146973
0.04202699661254883
0.05006742477416992
