0.027681350708007812
0.03872942924499512
0.030255794525146484
0.023000717163085938
0.025991201400756836
0.022211313247680664
0.029942989349365234
0.03960084915161133
0.03867149353027344
0.022398948669433594
0.021756410598754883
0.021733522415161133
0.03570747375488281
0.024787187576293945
0.023372888565063477
0.032814741134643555
0.02192401885986328
0.028042316436767578
0.04541468620300293
0.022251129150390625
0.02416229248046875
0.024603605270385742
0.030359506607055664
0.03692507743835449
0.037531137466430664
0.021658658981323242
0.023290634155273438
0.023346662521362305
0.03696084022521973
0.023253440856933594
0.02542877197265625
0.022146940231323242
0.03664040565490723
0.022121191024780273
0.026760101318359375
0.03546881675720215
0.03752899169921875
0.024480581283569336
0.027844905853271484
0.022150754928588867
0.021636009216308594
0.02861809730529785
0.023006677627563477
0.024493694305419922
0.02304863929748535
0.028203725814819336
0.023551464080810547
0.021472692489624023
0.022506237030029297
0.02232670783996582
