0.09771060943603516
0.04444622993469238
0.042836666107177734
0.04604840278625488
0.048529624938964844
0.04939436912536621
0.042046546936035156
0.047124385833740234
0.07785344123840332
0.08740019798278809
0.04261612892150879
0.045873403549194336
0.04385089874267578
0.051862478256225586
0.04447627067565918
0.04607796669006348
0.043988943099975586
0.04218697547912598
0.047679901123046875
0.042049407958984375
0.04627585411071777
0.046991825103759766
0.047878265380859375
0.04364180564880371
0.04266762733459473
0.04537844657897949
0.04265713691711426
0.04245615005493164
0.04614663124084473
0.04467010498046875
0.04223036766052246
0.08526873588562012
0.08540153503417969
0.04362034797668457
0.0446324348449707
0.04260993003845215
0.042500972747802734
0.0831153392791748
0.0864861011505127
0.08571839332580566
0.046842336654663086
0.041497230529785156
0.1063225269317627
0.05147576332092285
0.04187965393066406
0.04665517807006836
0.04355573654174805
0.043699026107788086
0.04534554481506348
0.04337811470031738
