0.15423583984375
0.042285919189453125
0.04524803161621094
0.046332359313964844
0.04953575134277344
0.042109012603759766
0.04219985008239746
0.04228949546813965
0.1382923126220703
0.04521656036376953
0.09137272834777832
0.060977935791015625
0.04321718215942383
0.042200565338134766
0.04246878623962402
0.05545663833618164
0.04609560966491699
0.10963082313537598
0.08538341522216797
0.053452491760253906
0.12061691284179688
0.042292118072509766
0.10366106033325195
0.08952760696411133
0.04388999938964844
0.22535467147827148
0.09405207633972168
0.04616737365722656
0.042394399642944336
0.04732799530029297
0.04768633842468262
0.047799110412597656
0.09179925918579102
0.04213976860046387
0.05276775360107422
0.04542374610900879
0.04823803901672363
0.05042719841003418
0.08998417854309082
0.04854416847229004
0.04190421104431152
0.12192058563232422
0.09098601341247559
0.046750783920288086
0.04365992546081543
0.04715895652770996
0.041912078857421875
0.04983711242675781
0.0485532283782959
0.04210352897644043
