0.1473844051361084
0.08197546005249023
0.08464622497558594
0.08660268783569336
0.08523082733154297
0.14589858055114746
0.08761835098266602
0.08816075325012207
0.08429861068725586
0.08420753479003906
1.126082181930542
0.08404231071472168
0.08429813385009766
0.08940339088439941
0.08474040031433105
1.0933363437652588
1.089433193206787
0.08272695541381836
1.0853462219238281
0.0861055850982666
0.08371996879577637
0.150177001953125
0.10693717002868652
0.08710598945617676
0.08480954170227051
1.0982332229614258
1.0877022743225098
0.08424544334411621
0.11213183403015137
1.0953540802001953
0.08277463912963867
0.08394908905029297
0.13202333450317383
0.11943888664245605
0.13736534118652344
0.08604550361633301
0.08508849143981934
0.08572196960449219
0.08658027648925781
0.1054849624633789
0.08828330039978027
0.150709867477417
0.08936238288879395
0.0883033275604248
0.10945987701416016
0.0901644229888916
0.08444499969482422
1.0847399234771729
0.08543825149536133
0.08543658256530762
