0.19141149520874023
0.04835176467895508
0.09673333168029785
0.04756975173950195
0.0426023006439209
0.045726776123046875
0.08913111686706543
0.08640599250793457
0.13126754760742188
0.05316925048828125
0.04175305366516113
0.045067787170410156
0.04849410057067871
0.04279756546020508
0.04758262634277344
0.04987502098083496
0.0422060489654541
0.04184842109680176
0.04718422889709473
0.04230308532714844
0.04419064521789551
0.04230237007141113
0.0994870662689209
0.04688668251037598
0.08432149887084961
0.043257951736450195
0.04156756401062012
0.04430794715881348
0.09213566780090332
0.04255509376525879
0.042848825454711914
0.042513370513916016
0.04249930381774902
0.044023752212524414
0.042646169662475586
0.04175114631652832
0.04239678382873535
0.0449986457824707
0.04831552505493164
0.04581403732299805
0.048218727111816406
0.042815208435058594
0.04717230796813965
0.04473567008972168
0.04996943473815918
0.09157705307006836
0.04551410675048828
0.04731345176696777
0.05029582977294922
0.047495126724243164
