0.1081695556640625
0.04556131362915039
0.046163082122802734
0.04350733757019043
0.04198861122131348
0.045172691345214844
0.057589054107666016
0.04561614990234375
0.04688000679016113
0.042114973068237305
0.045537710189819336
0.04354524612426758
0.04481649398803711
0.05296158790588379
1.0510470867156982
0.0552370548248291
0.044214487075805664
0.06941819190979004
0.04594111442565918
0.11544585227966309
0.04613924026489258
0.06410908699035645
0.051824092864990234
0.07590484619140625
0.0576167106628418
0.044934749603271484
0.04209327697753906
0.07198905944824219
0.09323239326477051
0.05068373680114746
1.0541808605194092
0.04268455505371094
0.06654810905456543
0.0445857048034668
0.044548988342285156
0.048158884048461914
0.06522536277770996
1.0485553741455078
0.0537416934967041
0.042655229568481445
0.047540903091430664
0.059186458587646484
1.0486021041870117
1.0429317951202393
0.04493522644042969
1.081486701965332
0.042813777923583984
0.044139862060546875
1.073287010192871
1.0459978580474854
