0.0696568489074707
0.04240107536315918
0.043656349182128906
0.04398846626281738
0.11453032493591309
0.08880186080932617
0.046661376953125
0.047547101974487305
0.04610180854797363
0.04198956489562988
0.04418587684631348
0.04430699348449707
0.0501406192779541
0.10629892349243164
0.04266834259033203
0.10929369926452637
0.04760909080505371
0.04192972183227539
0.05923771858215332
0.05235409736633301
0.042726993560791016
0.044939279556274414
0.04571938514709473
0.04209423065185547
0.04776883125305176
0.04677724838256836
0.04193997383117676
0.04784083366394043
0.04447317123413086
0.04783320426940918
0.04236125946044922
0.047538042068481445
0.10198616981506348
0.04187130928039551
0.04261970520019531
0.04206490516662598
0.044438838958740234
0.0483393669128418
0.04224824905395508
0.08614754676818848
0.04239845275878906
0.04216194152832031
0.04147839546203613
0.041973114013671875
0.09096860885620117
0.047264814376831055
0.04281759262084961
0.04847311973571777
0.04250645637512207
0.10548138618469238
