1.0633080005645752
1.0553686618804932
0.06308269500732422
0.04681682586669922
0.042659759521484375
0.04259943962097168
0.04332256317138672
0.05546855926513672
0.053720712661743164
0.047072649002075195
1.047546625137329
0.04214620590209961
0.04839038848876953
0.04698300361633301
0.060455322265625
1.092334508895874
0.04809117317199707
0.05230903625488281
0.06331944465637207
0.05656123161315918
0.04383277893066406
0.04513359069824219
1.0546109676361084
0.0766451358795166
0.04428672790527344
0.04561042785644531
0.06939816474914551
0.04480695724487305
0.06503462791442871
0.053942203521728516
1.0484559535980225
0.05547761917114258
0.09145808219909668
0.047148942947387695
0.05276823043823242
0.0629727840423584
0.04390120506286621
0.043706655502319336
0.0462493896484375
0.04215741157531738
0.046231985092163086
0.04860210418701172
0.07658123970031738
0.04688286781311035
0.05864524841308594
0.04300975799560547
0.12045884132385254
1.0458526611328125
0.05007433891296387
0.06882238388061523
