1.0032627582550049
0.08755373954772949
0.10739803314208984
0.08335375785827637
1.0879886150360107
0.18496155738830566
0.08219170570373535
0.09274053573608398
0.10944724082946777
0.08354854583740234
0.10312795639038086
1.1092958450317383
0.0892186164855957
0.08376741409301758
0.09841394424438477
0.08486342430114746
0.08591508865356445
0.08750700950622559
1.0855095386505127
1.0871930122375488
0.10881352424621582
0.08257460594177246
0.08800983428955078
0.09733080863952637
0.11259293556213379
0.10333847999572754
0.08794975280761719
0.09174156188964844
0.09042811393737793
1.0868160724639893
0.08810544013977051
0.1031336784362793
0.08274006843566895
0.08585238456726074
0.08255290985107422
1.087430715560913
1.0924663543701172
1.0876638889312744
0.08229279518127441
0.12160730361938477
0.0867311954498291
0.08344626426696777
1.0898714065551758
1.0949745178222656
1.094576120376587
0.08389711380004883
0.08875012397766113
0.09250450134277344
0.09058547019958496
1.1077404022216797
