0.10878729820251465
0.08157229423522949
0.11824750900268555
0.1248922348022461
0.15238690376281738
0.0852198600769043
0.08571720123291016
0.08269500732421875
0.0900108814239502
0.09153270721435547
0.08243489265441895
0.08597016334533691
0.09156346321105957
0.08753180503845215
0.08238697052001953
0.09060454368591309
0.08246135711669922
0.0986795425415039
0.11353945732116699
0.08191251754760742
0.11517739295959473
0.08187627792358398
0.08436441421508789
0.12683868408203125
0.08394289016723633
0.08302140235900879
0.12121868133544922
0.1265425682067871
0.08646631240844727
0.09691190719604492
0.08229374885559082
0.16245436668395996
0.09111475944519043
0.09349608421325684
0.11764693260192871
0.13049912452697754
0.18510699272155762
0.08249855041503906
0.08250904083251953
0.10461997985839844
0.08233833312988281
0.08718013763427734
0.08638834953308105
0.08352375030517578
0.08182334899902344
0.08426380157470703
0.0830087661743164
0.08509349822998047
0.08474230766296387
0.14113283157348633
