0.10875129699707031
0.0831153392791748
1.0980958938598633
0.10738945007324219
0.0842900276184082
0.1168515682220459
0.08222031593322754
0.13690853118896484
0.09033465385437012
0.10892391204833984
0.11023950576782227
1.0853216648101807
1.0912487506866455
0.0836029052734375
0.0881032943725586
1.0975916385650635
0.11679267883300781
0.09074044227600098
0.08324909210205078
0.13650751113891602
0.08879232406616211
0.08521223068237305
0.13322019577026367
1.085927963256836
0.08957552909851074
1.0928542613983154
0.11458039283752441
0.08635234832763672
0.08288192749023438
0.08300638198852539
0.0826253890991211
0.1252121925354004
1.0966713428497314
1.094114065170288
0.08649349212646484
1.0974795818328857
0.08922028541564941
0.08490848541259766
0.08363127708435059
0.1516554355621338
1.086897850036621
0.11777853965759277
1.0959832668304443
0.08521294593811035
1.086212158203125
0.10137343406677246
0.08632826805114746
0.09060788154602051
0.09231448173522949
0.09053301811218262
