0.045555830001831055
0.02191472053527832
0.053046226501464844
0.04035043716430664
0.02499556541442871
0.03680086135864258
0.023572921752929688
0.02202010154724121
0.022144556045532227
0.022490262985229492
0.02234935760498047
0.0219266414642334
0.02351832389831543
0.02378106117248535
0.02583026885986328
0.021699190139770508
0.02992701530456543
0.041719913482666016
0.03628873825073242
0.022281169891357422
0.028739452362060547
0.0230715274810791
0.049254655838012695
0.021950721740722656
0.040699005126953125
0.028557777404785156
0.029752254486083984
0.024782657623291016
0.024008512496948242
0.030761241912841797
0.02530980110168457
0.0215146541595459
0.025015830993652344
0.024375200271606445
0.0236663818359375
0.03961372375488281
0.02380061149597168
0.024929523468017578
0.03742647171020508
0.021342039108276367
0.04444408416748047
0.052330970764160156
0.02199411392211914
0.02192854881286621
0.022330284118652344
0.02177262306213379
0.022296667098999023
0.027955293655395508
0.02142167091369629
0.02221989631652832
