0.21814846992492676
0.042993783950805664
0.048566579818725586
0.04283642768859863
0.04395127296447754
0.08850574493408203
0.04322075843811035
0.043530941009521484
0.15131545066833496
0.04674220085144043
0.04293656349182129
1.049898386001587
0.04245758056640625
0.07097935676574707
1.0541396141052246
0.04559612274169922
0.0438995361328125
0.0423274040222168
0.04310727119445801
1.0467586517333984
0.04641294479370117
0.07520580291748047
0.04481315612792969
0.04703640937805176
0.0482025146484375
0.09560561180114746
0.08845067024230957
0.05474543571472168
0.049494266510009766
0.07029891014099121
0.06962227821350098
0.04373645782470703
0.10356378555297852
1.0507283210754395
0.0456385612487793
0.0663456916809082
0.09555959701538086
0.0604250431060791
0.04539132118225098
0.06534361839294434
0.04290962219238281
0.08308601379394531
0.04335474967956543
0.04689836502075195
1.0509612560272217
0.044560909271240234
1.0478687286376953
1.0494978427886963
0.09816551208496094
0.06307649612426758
