0.08718466758728027
0.08474588394165039
0.08448243141174316
0.08590292930603027
0.0857539176940918
0.08487486839294434
0.08483695983886719
0.08774065971374512
0.08682632446289062
0.08447957038879395
0.08968377113342285
0.0875859260559082
0.08859825134277344
0.08939814567565918
0.08931994438171387
0.09033966064453125
0.08506536483764648
0.09035754203796387
0.08589386940002441
0.08508992195129395
0.08515143394470215
0.08717107772827148
0.08392596244812012
0.08543229103088379
0.08461380004882812
0.08388972282409668
0.08552956581115723
0.0857994556427002
0.0860285758972168
0.08565425872802734
0.08504438400268555
0.08597373962402344
0.0881810188293457
0.08585405349731445
0.08777379989624023
0.08508086204528809
0.08547759056091309
0.08979487419128418
0.08482575416564941
0.08383965492248535
0.0849618911743164
0.08417844772338867
0.08447933197021484
0.08453917503356934
0.08486771583557129
0.08709383010864258
0.0915536880493164
0.08762884140014648
0.08700966835021973
0.08592724800109863
