0.11522650718688965
0.08186697959899902
0.08229923248291016
0.08166742324829102
0.08563613891601562
0.08194875717163086
0.08287620544433594
0.08467245101928711
0.08293032646179199
0.08366727828979492
0.08268237113952637
0.0830543041229248
0.09216070175170898
0.08415079116821289
0.0822913646697998
0.0839231014251709
0.09084701538085938
0.08207035064697266
0.08619928359985352
0.0835409164428711
0.08164334297180176
0.08262276649475098
0.08197498321533203
0.08182120323181152
0.08496809005737305
0.08154892921447754
0.0837104320526123
0.08197164535522461
0.08191704750061035
0.0831136703491211
0.08307456970214844
0.08447575569152832
0.08280515670776367
0.08216977119445801
0.08733201026916504
0.08171916007995605
0.08185696601867676
0.08297991752624512
0.08464360237121582
0.08315539360046387
0.0814371109008789
0.0839834213256836
0.08572793006896973
0.08357071876525879
0.08203244209289551
0.082305908203125
0.0821537971496582
0.08672142028808594
0.08236551284790039
0.0834193229675293
