1.0899710655212402
1.0848627090454102
0.35839176177978516
1.090484619140625
1.0892295837402344
1.086482048034668
1.0889739990234375
1.0890905857086182
1.0923027992248535
1.0901992321014404
1.0945508480072021
1.0859556198120117
1.0920288562774658
1.0958693027496338
1.0987653732299805
1.0862174034118652
1.0943238735198975
1.0932533740997314
1.0932724475860596
1.096782922744751
1.088240146636963
1.089756965637207
1.0906178951263428
1.0883033275604248
1.0916922092437744
1.0861265659332275
1.0908772945404053
1.0875372886657715
1.0871880054473877
1.0859832763671875
1.092118501663208
1.089561939239502
1.0860135555267334
1.092541217803955
1.0925724506378174
1.0881595611572266
1.090498924255371
1.101315975189209
1.0866010189056396
1.0902259349822998
1.088693380355835
1.0851035118103027
1.0863275527954102
1.092834234237671
1.0864534378051758
1.0876741409301758
1.0928683280944824
1.0933940410614014
1.0899367332458496
1.0942747592926025
