0.08887863159179688
0.0873100757598877
0.08283233642578125
0.08395910263061523
0.08180618286132812
0.08366656303405762
0.08538532257080078
0.08802628517150879
0.0834355354309082
0.08393239974975586
0.08168482780456543
0.08275890350341797
0.0833137035369873
0.08324170112609863
0.085662841796875
0.08526039123535156
0.08189535140991211
0.0865480899810791
0.08257365226745605
0.08323264122009277
0.08458280563354492
0.08239889144897461
0.08261489868164062
0.08419632911682129
0.08564138412475586
0.0867769718170166
0.10114669799804688
0.08290410041809082
0.0825033187866211
0.08328461647033691
0.09100174903869629
0.08188915252685547
0.08362245559692383
0.08190369606018066
0.08285903930664062
0.08223366737365723
0.08754158020019531
0.08165764808654785
0.08440351486206055
0.08208489418029785
0.08623003959655762
0.0817863941192627
0.08278870582580566
0.08519291877746582
0.0831460952758789
0.08402442932128906
0.08396172523498535
0.081939697265625
0.08226990699768066
0.0825049877166748
