0.10026383399963379
0.08662033081054688
0.08783817291259766
0.08209347724914551
0.08194780349731445
0.08194971084594727
0.08822178840637207
0.08192157745361328
0.0860908031463623
0.08224844932556152
0.08743500709533691
0.08295297622680664
0.0816185474395752
0.0889742374420166
0.08240199089050293
0.0827779769897461
0.08317685127258301
0.08174920082092285
0.08269500732421875
0.08517813682556152
0.08345890045166016
0.09376931190490723
0.08142852783203125
0.09295010566711426
0.08307838439941406
0.08217310905456543
0.08208942413330078
0.08271527290344238
0.08337998390197754
0.08772683143615723
0.09358692169189453
0.08365774154663086
0.08457779884338379
0.08233904838562012
0.0823361873626709
0.08282947540283203
0.08199000358581543
0.08226704597473145
0.08275365829467773
0.08255910873413086
0.08832526206970215
0.08521485328674316
0.08414649963378906
0.0846109390258789
0.08203482627868652
0.08280205726623535
0.08216619491577148
0.08627152442932129
0.08261847496032715
0.08214879035949707
