0.10077047348022461
0.08829331398010254
0.09638237953186035
0.08704304695129395
0.08285093307495117
0.0835573673248291
0.09165596961975098
0.08758020401000977
0.0897059440612793
0.08751225471496582
0.08352351188659668
0.08556008338928223
0.08317303657531738
0.09339332580566406
0.08793997764587402
0.08292460441589355
0.09051966667175293
0.08394193649291992
0.09004712104797363
0.08266329765319824
0.08241724967956543
0.08289456367492676
0.08339738845825195
0.08292722702026367
0.09053874015808105
0.08261919021606445
0.08283686637878418
0.08254837989807129
0.08469629287719727
0.08330035209655762
0.08410882949829102
0.09691715240478516
0.08293771743774414
0.08253121376037598
0.08228135108947754
0.0878448486328125
0.0872182846069336
0.08196759223937988
0.08221817016601562
0.08955216407775879
0.08201360702514648
0.08393573760986328
0.08440613746643066
0.08281517028808594
0.08290791511535645
0.08938789367675781
0.08251190185546875
0.08744978904724121
0.08150434494018555
0.08154439926147461
