0.09373807907104492
0.08603954315185547
0.08734130859375
0.08621430397033691
0.09131956100463867
0.08838081359863281
0.08598446846008301
0.08500194549560547
0.08849406242370605
0.08602166175842285
0.08579301834106445
0.09084916114807129
0.08693313598632812
0.08406615257263184
0.08659124374389648
0.08492112159729004
0.0856328010559082
0.08748602867126465
0.08432340621948242
0.08468031883239746
0.08416128158569336
0.09400463104248047
0.08583545684814453
0.08355069160461426
0.09227347373962402
0.08544659614562988
0.08920001983642578
0.08510637283325195
0.08397483825683594
0.0864572525024414
0.08926701545715332
0.08674025535583496
0.08534884452819824
0.08477067947387695
0.09315299987792969
0.08666181564331055
0.08364129066467285
0.08623671531677246
0.0842440128326416
0.08607769012451172
0.08678674697875977
0.08600664138793945
0.08673787117004395
0.08530855178833008
0.08323168754577637
0.08539700508117676
0.08458638191223145
0.08707284927368164
0.08689379692077637
0.08619880676269531
