0.10456395149230957
0.08437395095825195
0.08211016654968262
0.08300018310546875
0.08189249038696289
0.09046721458435059
0.08249711990356445
0.08383345603942871
0.08193373680114746
0.08266782760620117
0.08220362663269043
0.0861666202545166
0.08211493492126465
0.08194994926452637
0.08340096473693848
0.08603453636169434
0.08738565444946289
0.08235311508178711
0.08288836479187012
0.0861520767211914
0.08343291282653809
0.0834352970123291
0.08559155464172363
0.08351278305053711
0.08278441429138184
0.08190178871154785
0.08251237869262695
0.0890498161315918
0.08568406105041504
0.08255648612976074
0.08198356628417969
0.08279943466186523
0.08160400390625
0.0828702449798584
0.08237719535827637
0.08761739730834961
0.08225870132446289
0.08275246620178223
0.0923159122467041
0.0818624496459961
0.08425450325012207
0.08383727073669434
0.08316683769226074
0.08226704597473145
0.0858304500579834
0.08228468894958496
0.08278512954711914
0.0825047492980957
0.09906506538391113
0.08247494697570801
