0.08678388595581055
0.0864100456237793
0.09035396575927734
0.08258628845214844
0.08244514465332031
0.08308148384094238
0.08312392234802246
0.08323192596435547
0.08430862426757812
0.08345437049865723
0.08216404914855957
0.08195018768310547
0.09581875801086426
0.08213424682617188
0.08326554298400879
0.08981180191040039
0.08259820938110352
0.08325529098510742
0.08326125144958496
0.0822911262512207
0.08394527435302734
0.08177781105041504
0.08226227760314941
0.08264493942260742
0.08285021781921387
0.0821847915649414
0.08344769477844238
0.08218979835510254
0.08235287666320801
0.08474278450012207
0.08181214332580566
0.08849501609802246
0.08253240585327148
0.08470273017883301
0.08516645431518555
0.08172821998596191
0.08189105987548828
0.08251070976257324
0.0814065933227539
0.0857248306274414
0.08314847946166992
0.08158516883850098
0.08274602890014648
0.08374261856079102
0.08260202407836914
0.08250188827514648
0.0828862190246582
0.08303594589233398
0.08355307579040527
0.08579611778259277
