0.39006614685058594
0.09246301651000977
0.09623551368713379
0.09711408615112305
0.09493422508239746
0.09704184532165527
0.09899067878723145
0.10097455978393555
0.09415555000305176
0.0954749584197998
0.09383344650268555
0.10654759407043457
0.09567713737487793
0.09418272972106934
0.09979891777038574
0.09893560409545898
0.09334516525268555
0.0953073501586914
0.09841609001159668
0.1214911937713623
0.09474015235900879
0.127197265625
0.09453129768371582
0.10161375999450684
0.09735965728759766
0.09884476661682129
0.1050572395324707
0.11394453048706055
0.10855388641357422
0.09824657440185547
0.09498476982116699
0.10979032516479492
0.1055305004119873
0.10333442687988281
0.09539365768432617
0.10086488723754883
0.1034245491027832
0.09606027603149414
0.09610271453857422
0.09598875045776367
0.09395670890808105
0.09947562217712402
0.09372377395629883
0.10534405708312988
0.10727047920227051
0.10782170295715332
0.0978536605834961
0.09330439567565918
0.09635639190673828
0.094635009765625
