0.08731341361999512
0.08598709106445312
0.08824753761291504
0.09144949913024902
0.08490681648254395
0.08830571174621582
0.08682394027709961
0.08570027351379395
0.08396387100219727
0.08472895622253418
0.08677101135253906
0.08455014228820801
0.08534407615661621
0.08586001396179199
0.0859217643737793
0.08698511123657227
0.08861613273620605
0.08631062507629395
0.08779501914978027
0.08435940742492676
0.08620142936706543
0.08737921714782715
0.08624053001403809
0.08702754974365234
0.08512449264526367
0.08397650718688965
0.08857274055480957
0.09498763084411621
0.08383870124816895
0.08562111854553223
0.0891568660736084
0.08492732048034668
0.08526444435119629
0.08718061447143555
0.08607268333435059
0.08774447441101074
0.08674979209899902
0.08826160430908203
0.0858011245727539
0.08614349365234375
0.08713841438293457
0.08438444137573242
0.08778715133666992
0.0945730209350586
0.08708667755126953
0.0833885669708252
0.10058975219726562
0.08632349967956543
0.0898125171661377
0.08615469932556152
