0.08402013778686523
0.08328938484191895
0.08346962928771973
0.0860135555267334
0.08135867118835449
0.09301972389221191
0.08321213722229004
0.08545565605163574
0.0864250659942627
0.08318614959716797
0.08246755599975586
0.08350586891174316
0.0834188461303711
0.08223772048950195
0.0823371410369873
0.08522677421569824
0.08719229698181152
0.0845649242401123
0.08997511863708496
0.08581089973449707
0.0927436351776123
0.08493280410766602
0.08327555656433105
0.0863034725189209
0.08354687690734863
0.08252620697021484
0.08454370498657227
0.08442091941833496
0.08380722999572754
0.08349347114562988
0.09936785697937012
0.08283305168151855
0.08212113380432129
0.08310484886169434
0.0821082592010498
0.0848691463470459
0.08336520195007324
0.08510494232177734
0.0831296443939209
0.08441758155822754
0.08403754234313965
0.09045028686523438
0.0829017162322998
0.08346080780029297
0.08318948745727539
0.08330631256103516
0.09104681015014648
0.08853650093078613
0.08419299125671387
0.08425164222717285
