0.09775805473327637
0.08707118034362793
0.08314681053161621
0.08570218086242676
0.08223080635070801
0.0817251205444336
0.08289003372192383
0.0824732780456543
0.08274722099304199
0.08456921577453613
0.08221673965454102
0.08338546752929688
0.08392858505249023
0.08915829658508301
0.08213186264038086
0.08761978149414062
0.08381319046020508
0.08284997940063477
0.08344602584838867
0.08604216575622559
0.08474850654602051
0.08422732353210449
0.08157873153686523
0.08667325973510742
0.08243036270141602
0.08279204368591309
0.08238339424133301
0.0833585262298584
0.08272457122802734
0.0843508243560791
0.08652067184448242
0.08913636207580566
0.08591389656066895
0.08391976356506348
0.08457446098327637
0.08297252655029297
0.08205389976501465
0.08268332481384277
0.08572030067443848
0.08237671852111816
0.0830543041229248
0.0844106674194336
0.09259939193725586
0.08564972877502441
0.08612799644470215
0.08268094062805176
0.08209061622619629
0.08514690399169922
0.08194518089294434
0.08347511291503906
