0.829035758972168
1.0868315696716309
1.085547924041748
1.0875568389892578
1.085340976715088
1.0879366397857666
1.0854072570800781
1.0864980220794678
1.0913426876068115
1.0879065990447998
1.0887842178344727
1.0911710262298584
1.087324857711792
1.087038278579712
1.0907704830169678
1.0902047157287598
1.0854027271270752
1.086808681488037
1.086390733718872
1.0857837200164795
1.0843331813812256
1.0861709117889404
1.0869388580322266
1.0861413478851318
1.087383508682251
1.088329553604126
1.0871672630310059
1.0928378105163574
1.0891592502593994
1.0834579467773438
1.0861642360687256
1.091991901397705
1.08795166015625
1.0856513977050781
1.0890982151031494
1.0869824886322021
1.085510492324829
1.0876638889312744
1.0841796398162842
1.091210126876831
1.0945639610290527
1.0868515968322754
1.0923967361450195
1.0887391567230225
1.0865395069122314
1.089341163635254
1.0859358310699463
1.0893290042877197
1.0843768119812012
1.093240737915039
