0.08478713035583496
0.08296632766723633
0.08324217796325684
0.0827631950378418
0.08250594139099121
0.08281874656677246
0.08490777015686035
0.0833439826965332
0.08196425437927246
0.08635592460632324
0.08262920379638672
0.0825202465057373
0.0880286693572998
0.08559656143188477
0.08160877227783203
0.0824592113494873
0.08363652229309082
0.08153247833251953
0.08298110961914062
0.08330035209655762
0.0832662582397461
0.08417272567749023
0.08346700668334961
0.08588743209838867
0.0828862190246582
0.0825653076171875
0.08259057998657227
0.08468770980834961
0.09025835990905762
0.08615851402282715
0.09666228294372559
0.08251571655273438
0.08289313316345215
0.08334922790527344
0.08467698097229004
0.08299136161804199
0.08151054382324219
0.08942198753356934
0.08207297325134277
0.08130693435668945
0.08201169967651367
0.08304309844970703
0.08185815811157227
0.08404541015625
0.0881645679473877
0.08177638053894043
0.08238363265991211
0.0836789608001709
0.08293867111206055
0.08237600326538086
