0.08965635299682617
0.08862781524658203
0.08720755577087402
0.0847468376159668
0.08623051643371582
0.08359909057617188
0.08338451385498047
0.08242559432983398
0.0887444019317627
0.08325076103210449
0.08269739151000977
0.0831139087677002
0.08846783638000488
0.08379149436950684
0.08319282531738281
0.09420228004455566
0.08440303802490234
0.08979511260986328
0.08389401435852051
0.08288288116455078
0.08387207984924316
0.0834510326385498
0.08366608619689941
0.08188152313232422
0.08220982551574707
0.08292126655578613
0.08556270599365234
0.08463883399963379
0.0831449031829834
0.08180570602416992
0.08246803283691406
0.08268046379089355
0.08242034912109375
0.08587884902954102
0.08216977119445801
0.08362483978271484
0.0822899341583252
0.08173918724060059
0.0837852954864502
0.0845494270324707
0.08617949485778809
0.09676837921142578
0.08262228965759277
0.08489513397216797
0.08315014839172363
0.0834953784942627
0.08219385147094727
0.09982800483703613
0.09646892547607422
0.08469223976135254
