0.0909278392791748
0.08236312866210938
0.08645772933959961
0.08221673965454102
0.08756208419799805
0.08469939231872559
0.08526206016540527
0.08355832099914551
0.08584761619567871
0.08415865898132324
0.08350396156311035
0.08434271812438965
0.11384057998657227
0.08308076858520508
0.10405921936035156
0.08432197570800781
0.08254790306091309
0.0895843505859375
0.08853578567504883
0.08348774909973145
0.08270525932312012
0.08835577964782715
0.08261394500732422
0.09699654579162598
0.08350849151611328
0.08581686019897461
0.08510351181030273
0.08295202255249023
0.08455038070678711
0.0823366641998291
0.08995985984802246
0.08165550231933594
0.08429098129272461
0.08277010917663574
0.08546710014343262
0.0891268253326416
0.08173036575317383
0.0884711742401123
0.08230376243591309
0.08470988273620605
0.09102654457092285
0.0836944580078125
0.08579349517822266
0.08278059959411621
0.08204436302185059
0.08510661125183105
0.08430624008178711
0.08414793014526367
0.08239626884460449
0.08327174186706543
