0.10442376136779785
0.08230328559875488
0.08318781852722168
0.08389806747436523
0.08303546905517578
0.08286738395690918
0.08356118202209473
0.08480286598205566
0.08367633819580078
0.0830087661743164
0.08948659896850586
0.08653807640075684
0.08356308937072754
0.0833127498626709
0.08286118507385254
0.08355283737182617
0.08182454109191895
0.08318805694580078
0.0821068286895752
0.08402466773986816
0.08382058143615723
0.08208703994750977
0.0887455940246582
0.08149147033691406
0.0834052562713623
0.08398222923278809
0.08355069160461426
0.08573150634765625
0.08403491973876953
0.08578109741210938
0.08253097534179688
0.08742618560791016
0.08408379554748535
0.08191704750061035
0.08335685729980469
0.08406853675842285
0.08303999900817871
0.0826101303100586
0.08355212211608887
0.08272743225097656
0.08315896987915039
0.0820302963256836
0.09109282493591309
0.08251619338989258
0.0822899341583252
0.08215475082397461
0.08523201942443848
0.09581685066223145
0.0846247673034668
0.0823361873626709
