0.09502887725830078
0.08276057243347168
0.08336901664733887
0.08491015434265137
0.08391833305358887
0.08342933654785156
0.08666586875915527
0.09354805946350098
0.08270931243896484
0.08232903480529785
0.08322858810424805
0.08490371704101562
0.08333230018615723
0.08162617683410645
0.08280730247497559
0.08959412574768066
0.1151275634765625
0.08770060539245605
0.08515429496765137
0.09099316596984863
0.08757448196411133
0.08417510986328125
0.08313417434692383
0.08144211769104004
0.08167552947998047
0.08283305168151855
0.08613467216491699
0.08358073234558105
0.08302950859069824
0.08403706550598145
0.08541154861450195
0.08179950714111328
0.08240342140197754
0.08445453643798828
0.08271384239196777
0.08338046073913574
0.0826117992401123
0.08229207992553711
0.08862018585205078
0.08733963966369629
0.08330440521240234
0.0832054615020752
0.08473539352416992
0.08458852767944336
0.08283042907714844
0.09215617179870605
0.08715510368347168
0.08453249931335449
0.09071493148803711
0.08465790748596191
