0.0897212028503418
0.09944915771484375
0.08297324180603027
0.08588290214538574
0.08417606353759766
0.08611178398132324
0.08735775947570801
0.0819849967956543
0.10165858268737793
0.08229732513427734
0.08150815963745117
0.08466935157775879
0.08362746238708496
0.10316967964172363
0.08212471008300781
0.08756160736083984
0.08475065231323242
0.08264875411987305
0.08158421516418457
0.0835726261138916
0.08421516418457031
0.08593130111694336
0.08610343933105469
0.08715295791625977
0.08317041397094727
0.08194470405578613
0.08448481559753418
0.09274411201477051
0.08508014678955078
0.08375024795532227
0.09225296974182129
0.08443331718444824
0.08307838439941406
0.08603048324584961
0.08180069923400879
0.08258628845214844
0.08631086349487305
0.08330321311950684
0.08180785179138184
0.08245420455932617
0.08433008193969727
0.08867168426513672
0.08355832099914551
0.08186221122741699
0.08294057846069336
0.08495521545410156
0.08624124526977539
0.0862283706665039
0.08547401428222656
0.08239054679870605
