0.7861299514770508
0.0947713851928711
0.09464049339294434
0.10138297080993652
0.11495161056518555
0.11244535446166992
0.10238265991210938
0.10531139373779297
0.09963297843933105
0.11051106452941895
0.09626173973083496
0.12924408912658691
0.09695172309875488
0.09759020805358887
0.09752035140991211
0.1685173511505127
0.09972476959228516
0.09452462196350098
0.09780168533325195
0.1328585147857666
0.10165619850158691
0.09794235229492188
0.11577129364013672
0.1127772331237793
0.10015583038330078
0.09731793403625488
0.09834814071655273
0.12218165397644043
0.09851622581481934
0.12732410430908203
0.1412830352783203
0.10454368591308594
0.10072541236877441
0.13463377952575684
0.09682679176330566
0.10648822784423828
0.09870767593383789
0.0971841812133789
0.09816455841064453
0.09809517860412598
0.11132574081420898
0.13205909729003906
0.09842944145202637
0.10110998153686523
0.10217046737670898
0.19202804565429688
0.0991060733795166
0.10169076919555664
0.09978246688842773
0.1046597957611084
