0.09411931037902832
0.0905294418334961
0.08719301223754883
0.08802509307861328
0.09457564353942871
0.08551216125488281
0.0850670337677002
0.084930419921875
0.08577084541320801
0.08602547645568848
0.08688640594482422
0.0861515998840332
0.0860288143157959
0.08617663383483887
0.08878040313720703
0.08497929573059082
0.08759021759033203
0.08401346206665039
0.0868070125579834
0.08414173126220703
0.08551979064941406
0.0888829231262207
0.08438420295715332
0.0862126350402832
0.08524823188781738
0.08431816101074219
0.08542227745056152
0.09052491188049316
0.08716320991516113
0.08597230911254883
0.08480215072631836
0.08498358726501465
0.08381342887878418
0.08520269393920898
0.08500385284423828
0.0845949649810791
0.08817052841186523
0.08419680595397949
0.08690142631530762
0.08402514457702637
0.08526968955993652
0.08421659469604492
0.0892181396484375
0.08561062812805176
0.09083342552185059
0.08543252944946289
0.08309388160705566
0.08828616142272949
0.08651494979858398
0.08587884902954102
