0.10743045806884766
0.08792543411254883
0.08140730857849121
0.08460283279418945
0.08265042304992676
0.08595609664916992
0.08428263664245605
0.0827174186706543
0.08372712135314941
0.08191037178039551
0.08779025077819824
0.08745813369750977
0.08881115913391113
0.08777236938476562
0.0818939208984375
0.08466267585754395
0.08249878883361816
0.08249855041503906
0.08241724967956543
0.08321213722229004
0.08590579032897949
0.08459663391113281
0.08406662940979004
0.08177304267883301
0.08309030532836914
0.0828549861907959
0.0865635871887207
0.08389854431152344
0.08190298080444336
0.08182191848754883
0.08278965950012207
0.08446979522705078
0.08429098129272461
0.08375811576843262
0.08246541023254395
0.08264374732971191
0.08246278762817383
0.08231520652770996
0.08618378639221191
0.08737802505493164
0.0834801197052002
0.08494043350219727
0.08600640296936035
0.0817258358001709
0.08351922035217285
0.08658337593078613
0.08214449882507324
0.08768892288208008
0.08496475219726562
0.08445215225219727
