1.0936534404754639
1.0871925354003906
1.0878276824951172
1.0908076763153076
1.088062047958374
1.0876996517181396
1.0860605239868164
1.0855648517608643
1.0886180400848389
1.0912530422210693
1.0871715545654297
1.0856201648712158
1.0860819816589355
1.0839765071868896
1.0861401557922363
1.0854880809783936
1.0903582572937012
1.0874056816101074
1.0849277973175049
1.0843398571014404
1.0883400440216064
1.0870640277862549
1.0860278606414795
1.0872712135314941
1.0903034210205078
1.0926659107208252
1.088585376739502
1.0928685665130615
1.0871493816375732
1.0914525985717773
1.0849034786224365
1.089860439300537
1.0891029834747314
1.0878770351409912
1.0922188758850098
1.0836257934570312
1.0879919528961182
1.0927538871765137
1.0906009674072266
1.0848491191864014
1.087604284286499
1.0845270156860352
1.0857038497924805
1.087306022644043
1.091637372970581
1.0836000442504883
1.088810682296753
1.0841331481933594
1.084740161895752
1.0871591567993164
