0.09105801582336426
0.0819711685180664
0.0831747055053711
0.08732867240905762
0.08452272415161133
0.08939671516418457
0.08924078941345215
0.09780740737915039
0.08263874053955078
0.08855366706848145
0.08443808555603027
0.08301377296447754
0.08360838890075684
0.09319090843200684
0.08307433128356934
0.11453819274902344
0.0844876766204834
0.0831758975982666
0.08317971229553223
0.08241868019104004
0.0835564136505127
0.08213996887207031
0.08345532417297363
0.08289027214050293
0.08397102355957031
0.08625388145446777
0.08665633201599121
0.0819699764251709
0.09045886993408203
0.08954763412475586
0.08356666564941406
0.0834195613861084
0.08677411079406738
0.08146190643310547
0.08417177200317383
0.08198261260986328
0.08288002014160156
0.08278179168701172
0.10108637809753418
0.0864715576171875
0.08775806427001953
0.0935826301574707
0.08339810371398926
0.08649373054504395
0.0822293758392334
0.08356642723083496
0.0856013298034668
0.08211159706115723
0.08227920532226562
0.08872151374816895
