1.1567072868347168
1.0849075317382812
1.0855257511138916
1.086693286895752
1.0853924751281738
1.0889506340026855
1.0859827995300293
1.0860247611999512
1.0876379013061523
1.0893871784210205
1.0859949588775635
1.0849058628082275
1.0865147113800049
1.0877587795257568
1.088994026184082
1.090139389038086
1.0869865417480469
1.0878486633300781
1.0872855186462402
1.0849545001983643
1.0878446102142334
1.0879812240600586
1.0882911682128906
1.0840258598327637
1.089045763015747
1.0892391204833984
1.0849432945251465
1.0885207653045654
1.0880999565124512
1.0936076641082764
1.08475923538208
1.0862796306610107
1.0882749557495117
1.0878539085388184
1.0842978954315186
1.0889613628387451
1.085097312927246
1.0857157707214355
1.0864121913909912
1.0913331508636475
1.085322380065918
1.0871050357818604
1.0898370742797852
1.0860331058502197
1.092378854751587
1.0914907455444336
1.0869641304016113
1.0794403553009033
1.0869102478027344
1.0834238529205322
