1.0924127101898193
1.0857880115509033
1.0876696109771729
1.0828821659088135
1.0885632038116455
1.0859394073486328
1.08522367477417
1.0863797664642334
1.0845961570739746
1.0864124298095703
1.087730884552002
1.0905323028564453
1.0966503620147705
1.086503267288208
1.0847203731536865
1.092597484588623
1.0870418548583984
1.0841116905212402
1.0956730842590332
1.0873134136199951
1.0899603366851807
1.088716983795166
1.0877647399902344
1.0873188972473145
1.0923736095428467
1.0904414653778076
1.088385820388794
1.0855345726013184
1.0863356590270996
1.0874056816101074
1.086266279220581
1.0879807472229004
1.08522367477417
1.087085247039795
1.0922331809997559
1.0874922275543213
1.0865774154663086
1.087663173675537
1.087160587310791
1.0839195251464844
1.086465835571289
1.0884122848510742
1.0859827995300293
1.089536428451538
1.0895299911499023
1.088176965713501
1.086177110671997
1.0881202220916748
1.0862619876861572
1.0872082710266113
