0.10105347633361816
0.08266901969909668
0.0853736400604248
0.08297562599182129
0.08178496360778809
0.09379220008850098
0.08410215377807617
0.08632349967956543
0.09003233909606934
0.08447837829589844
0.08663249015808105
0.0980842113494873
0.09286785125732422
0.08554887771606445
0.0830221176147461
0.09155511856079102
0.09012436866760254
0.08991289138793945
0.0829615592956543
0.08292913436889648
0.08355355262756348
0.08864617347717285
0.0871882438659668
0.08386445045471191
0.08299803733825684
0.082366943359375
0.08588027954101562
0.0886847972869873
0.08224773406982422
0.08334136009216309
0.08245277404785156
0.08253908157348633
0.0953369140625
0.08398699760437012
0.08612799644470215
0.08440732955932617
0.08781313896179199
0.08616876602172852
0.08272933959960938
0.08284497261047363
0.08472609519958496
0.0833442211151123
0.0836331844329834
0.08475422859191895
0.08325695991516113
0.08573079109191895
0.08190512657165527
0.08580946922302246
0.08221912384033203
0.08318400382995605
