0.09631562232971191
0.08233213424682617
0.08208584785461426
0.08785080909729004
0.08280682563781738
0.08646368980407715
0.08520340919494629
0.08140301704406738
0.08227133750915527
0.08395528793334961
0.08248639106750488
0.08267784118652344
0.08224630355834961
0.08300971984863281
0.08823776245117188
0.08610701560974121
0.08247947692871094
0.0879514217376709
0.08881020545959473
0.0846717357635498
0.08814263343811035
0.08212065696716309
0.08341026306152344
0.08335447311401367
0.09367561340332031
0.08398795127868652
0.09010100364685059
0.08301806449890137
0.08277225494384766
0.08255577087402344
0.08264350891113281
0.08204317092895508
0.08637332916259766
0.08913922309875488
0.0826265811920166
0.09040951728820801
0.08405256271362305
0.08229541778564453
0.08307790756225586
0.08599472045898438
0.0851445198059082
0.09219551086425781
0.08268189430236816
0.08788561820983887
0.08935546875
0.08215141296386719
0.10794830322265625
0.0833282470703125
0.08213162422180176
0.08244943618774414
