0.3328089714050293
0.09467530250549316
0.1048116683959961
0.09530162811279297
0.1002960205078125
0.09377861022949219
0.09432291984558105
0.09876585006713867
0.0926508903503418
0.10167050361633301
0.10113644599914551
0.09439420700073242
0.10067367553710938
0.10889554023742676
0.10776710510253906
0.10385870933532715
0.09398841857910156
0.1041874885559082
0.11526250839233398
0.0974893569946289
0.10432815551757812
0.12631797790527344
0.10487222671508789
0.0982065200805664
0.10134005546569824
0.14747405052185059
0.10885214805603027
0.11231637001037598
0.10108828544616699
0.10934901237487793
0.11384725570678711
0.0951986312866211
0.09465885162353516
0.09872579574584961
0.09940624237060547
0.0936126708984375
0.09676051139831543
0.09828877449035645
0.1095128059387207
0.0952460765838623
0.0977935791015625
0.10393905639648438
0.11473751068115234
0.0940096378326416
0.09553694725036621
0.09964823722839355
0.1240546703338623
0.09509563446044922
0.09479475021362305
0.09475517272949219
