0.08897924423217773
0.08868002891540527
0.08449935913085938
0.08535361289978027
0.08678627014160156
0.08596634864807129
0.09008383750915527
0.08424758911132812
0.08495640754699707
0.08600759506225586
0.08497166633605957
0.08929228782653809
0.08467602729797363
0.08652281761169434
0.08777141571044922
0.0857243537902832
0.08637619018554688
0.08541417121887207
0.08357048034667969
0.08412361145019531
0.08578062057495117
0.08636474609375
0.08738493919372559
0.08801770210266113
0.08672213554382324
0.08749508857727051
0.0942387580871582
0.08873772621154785
0.08531737327575684
0.08677196502685547
0.08713293075561523
0.08503580093383789
0.08451700210571289
0.08593058586120605
0.08427810668945312
0.08620452880859375
0.08833646774291992
0.08717060089111328
0.08560824394226074
0.08664584159851074
0.08634495735168457
0.08364248275756836
0.08751940727233887
0.0843503475189209
0.0844874382019043
0.08718085289001465
0.08563399314880371
0.08351707458496094
0.08674812316894531
0.08752942085266113
