0.04791617393493652
0.03542637825012207
0.0315549373626709
0.031198501586914062
0.03493070602416992
0.032121896743774414
0.031592369079589844
0.03122854232788086
0.03365373611450195
0.036324262619018555
0.03903532028198242
0.029966354370117188
0.031243324279785156
0.029109716415405273
0.029352188110351562
0.032158851623535156
0.0292665958404541
0.03662467002868652
0.03422427177429199
0.03250408172607422
0.028673410415649414
0.03278350830078125
0.04015064239501953
0.03629326820373535
0.04142165184020996
0.02945423126220703
0.028571128845214844
0.033455848693847656
0.029053449630737305
0.0402219295501709
0.031246423721313477
0.04350709915161133
0.046613216400146484
0.032311201095581055
0.0448613166809082
0.0461115837097168
0.03393220901489258
0.03352999687194824
0.05840349197387695
0.04316401481628418
0.032660722732543945
0.03470420837402344
0.030603885650634766
0.034177303314208984
0.03421950340270996
0.03246951103210449
0.03885936737060547
0.028951406478881836
0.03760933876037598
0.03654670715332031
