0.0615839958190918
0.026560068130493164
0.029787302017211914
0.029165029525756836
0.0246579647064209
0.032991647720336914
0.02448248863220215
0.028011798858642578
0.03033614158630371
0.02588796615600586
0.030174970626831055
0.02565145492553711
0.023569107055664062
0.03768134117126465
0.0327143669128418
0.025163888931274414
0.02391815185546875
0.025420665740966797
0.024116039276123047
0.024735212326049805
0.027355670928955078
0.026353836059570312
0.031629085540771484
0.024581432342529297
0.03302264213562012
0.03174161911010742
0.03353428840637207
0.025273799896240234
0.03403782844543457
0.02708148956298828
0.023991107940673828
0.029305696487426758
0.03379535675048828
0.025347232818603516
0.025418996810913086
0.03276705741882324
0.02759838104248047
0.026782512664794922
0.026012897491455078
0.026797056198120117
0.024935483932495117
0.03050684928894043
0.028685808181762695
0.024083614349365234
0.03045058250427246
0.02636408805847168
0.029696941375732422
0.026582717895507812
0.03247833251953125
0.02888774871826172
