0.04750847816467285
0.025696277618408203
0.030854463577270508
0.026394367218017578
0.028226852416992188
0.026602506637573242
0.02698493003845215
0.026993274688720703
0.028356552124023438
0.03184795379638672
0.028490781784057617
0.02715015411376953
0.02794027328491211
0.03203892707824707
0.027918100357055664
0.026466846466064453
0.029421091079711914
0.03295636177062988
0.030289888381958008
0.028261899948120117
0.026681184768676758
0.03202629089355469
0.03065633773803711
0.03239035606384277
0.030546188354492188
0.028678178787231445
0.031496524810791016
0.03024435043334961
0.04526162147521973
0.032302141189575195
0.029441356658935547
0.03381466865539551
0.028253793716430664
0.027341842651367188
0.03036785125732422
0.031554222106933594
0.03279423713684082
0.02693319320678711
0.02726006507873535
0.026728391647338867
0.03140401840209961
0.03539323806762695
0.03340649604797363
0.03099203109741211
0.0346682071685791
0.027586698532104492
0.03928995132446289
0.030534029006958008
0.0313258171081543
0.0418853759765625
