0.3099207878112793
0.0540769100189209
0.05776333808898926
0.04640364646911621
0.03412628173828125
0.033223867416381836
0.03132271766662598
0.0441739559173584
0.05920147895812988
0.03380227088928223
0.039652109146118164
0.050254106521606445
0.033577919006347656
0.04281139373779297
0.03517293930053711
0.04243659973144531
0.03965020179748535
0.03957939147949219
0.03838014602661133
0.037377357482910156
0.04962038993835449
0.034780025482177734
0.03576064109802246
0.05473041534423828
0.04254651069641113
0.03358006477355957
0.0364682674407959
0.03873157501220703
0.058007001876831055
0.057309627532958984
0.04388618469238281
0.04303741455078125
0.0363917350769043
0.03728294372558594
0.036832571029663086
0.03635668754577637
0.03972005844116211
0.04489469528198242
0.04301738739013672
0.0629875659942627
0.05179643630981445
0.046540021896362305
0.07071566581726074
0.09391212463378906
0.04109692573547363
0.04115486145019531
0.04642796516418457
0.037628889083862305
0.03318071365356445
0.05542278289794922
