0.04526233673095703
0.026707887649536133
0.02608180046081543
0.028194427490234375
0.030358076095581055
0.0269620418548584
0.026327133178710938
0.03184247016906738
0.026775836944580078
0.025917530059814453
0.03372931480407715
0.0285494327545166
0.0273284912109375
0.02702164649963379
0.029665708541870117
0.031896352767944336
0.02819371223449707
0.03144478797912598
0.028745651245117188
0.028044700622558594
0.028970003128051758
0.028977394104003906
0.029947757720947266
0.03767800331115723
0.03899121284484863
0.030025482177734375
0.033620357513427734
0.04321169853210449
0.029294490814208984
0.027677297592163086
0.032245635986328125
0.028680086135864258
0.0258026123046875
0.028491973876953125
0.02957320213317871
0.03939104080200195
0.027819395065307617
0.028190135955810547
0.029317855834960938
0.032288312911987305
0.029352664947509766
0.031223535537719727
0.027648448944091797
0.026516199111938477
0.028009891510009766
0.03380751609802246
0.02894759178161621
0.03095102310180664
0.027659177780151367
0.03179526329040527
