0.04883861541748047
0.02838873863220215
0.03182649612426758
0.02590656280517578
0.030538320541381836
0.028455018997192383
0.03381204605102539
0.02703857421875
0.027039051055908203
0.03218722343444824
0.0257265567779541
0.026552915573120117
0.026136159896850586
0.02837395668029785
0.030117511749267578
0.030068159103393555
0.027535676956176758
0.03263258934020996
0.030920982360839844
0.029676437377929688
0.03690814971923828
0.03559088706970215
0.03218865394592285
0.04027581214904785
0.027096986770629883
0.028192758560180664
0.02879786491394043
0.027016162872314453
0.03367900848388672
0.03559708595275879
0.03125357627868652
0.03076648712158203
0.02757406234741211
0.03386521339416504
0.035013437271118164
0.03958725929260254
0.033882856369018555
0.0357818603515625
0.028172731399536133
0.03308463096618652
0.03166651725769043
0.02876591682434082
0.03262805938720703
0.03681635856628418
0.02687382698059082
0.034420013427734375
0.033362388610839844
0.03309130668640137
0.03200221061706543
0.0300748348236084
