0.049423933029174805
0.022330522537231445
0.021004438400268555
0.02243208885192871
0.022432327270507812
0.0227508544921875
0.026384353637695312
0.022015810012817383
0.0214078426361084
0.02228832244873047
0.023379087448120117
0.021601438522338867
0.022288084030151367
0.020534276962280273
0.022244691848754883
0.02217388153076172
0.021599292755126953
0.021956920623779297
0.022052526473999023
0.028352022171020508
0.026865482330322266
0.027060270309448242
0.02222156524658203
0.030086755752563477
0.0217435359954834
0.02338433265686035
0.021316051483154297
0.025063037872314453
0.025964021682739258
0.021464824676513672
0.023000240325927734
0.022983074188232422
0.021355390548706055
0.02139139175415039
0.023383140563964844
0.02210855484008789
0.024855375289916992
0.027254104614257812
0.0239560604095459
0.021729707717895508
0.021902799606323242
0.02354574203491211
0.022284269332885742
0.022234678268432617
0.02199387550354004
0.02169966697692871
0.02245473861694336
0.026142358779907227
0.0238649845123291
0.027624845504760742
