0.08906006813049316
0.03339099884033203
0.035507917404174805
0.0326845645904541
0.03843045234680176
0.030428409576416016
0.031375885009765625
0.02902388572692871
0.03223824501037598
0.028656482696533203
0.04650163650512695
0.03077983856201172
0.029367685317993164
0.0360875129699707
0.02994394302368164
0.0573577880859375
0.044393062591552734
0.03248476982116699
0.03208494186401367
0.028989553451538086
0.04043459892272949
0.041065216064453125
0.030884504318237305
0.03968977928161621
0.03771781921386719
0.034772634506225586
0.030564069747924805
0.03620004653930664
0.03074955940246582
0.03304481506347656
0.03384137153625488
0.03659176826477051
0.03296804428100586
0.04431009292602539
0.03555774688720703
0.04386734962463379
0.04709482192993164
0.029730558395385742
0.046196937561035156
0.031209707260131836
0.02980971336364746
0.02918219566345215
0.03463292121887207
0.03104853630065918
0.03773927688598633
0.03814578056335449
0.035539865493774414
0.03321576118469238
0.03085947036743164
0.03281855583190918
