0.0322723388671875
0.025791645050048828
0.021331071853637695
0.022176504135131836
0.022356748580932617
0.0210568904876709
0.02168416976928711
0.022838115692138672
0.028551101684570312
0.021974802017211914
0.021096229553222656
0.02054595947265625
0.022846698760986328
0.023380517959594727
0.020829439163208008
0.022376060485839844
0.02247333526611328
0.021974563598632812
0.02134990692138672
0.023282289505004883
0.023255348205566406
0.020719289779663086
0.020929574966430664
0.022717714309692383
0.021210908889770508
0.022078275680541992
0.028815031051635742
0.021617412567138672
0.028305768966674805
0.022419214248657227
0.021658897399902344
0.022585630416870117
0.02186727523803711
0.021752357482910156
0.022212505340576172
0.022767305374145508
0.020607948303222656
0.021724939346313477
0.020816326141357422
0.022611618041992188
0.022086620330810547
0.026445865631103516
0.021645069122314453
0.022382259368896484
0.0288851261138916
0.022994041442871094
0.02155590057373047
0.02214503288269043
0.022808313369750977
0.021828174591064453
