0.04879283905029297
0.022463321685791016
0.02112102508544922
0.022568941116333008
0.020824909210205078
0.020672321319580078
0.02312445640563965
0.020873546600341797
0.02220916748046875
0.026170969009399414
0.0204927921295166
0.021738290786743164
0.023633956909179688
0.02562236785888672
0.022092103958129883
0.022350788116455078
0.02097320556640625
0.021856307983398438
0.022293567657470703
0.021914005279541016
0.022420644760131836
0.023659229278564453
0.022829771041870117
0.02102971076965332
0.023157596588134766
0.02889704704284668
0.021816015243530273
0.024394750595092773
0.026513338088989258
0.023665189743041992
0.025761127471923828
0.0220334529876709
0.021213531494140625
0.028589963912963867
0.023281335830688477
0.021864891052246094
0.022510290145874023
0.02102041244506836
0.02242302894592285
0.021658658981323242
0.021550655364990234
0.020877838134765625
0.022342443466186523
0.02434086799621582
0.02122807502746582
0.02165079116821289
0.021593332290649414
0.025227069854736328
0.022411823272705078
0.02156686782836914
