1.0459473133087158
1.0278818607330322
1.0382592678070068
1.035074234008789
1.033078670501709
1.0299720764160156
1.0282070636749268
1.0232491493225098
1.0360212326049805
1.0256733894348145
1.0276432037353516
1.0277259349822998
1.0312690734863281
1.0294063091278076
1.0274507999420166
1.0319514274597168
1.0326018333435059
1.0264441967010498
1.0296275615692139
1.0295333862304688
1.0352637767791748
1.0298054218292236
1.02543306350708
1.0264265537261963
1.0285148620605469
1.0288300514221191
1.042604923248291
1.0283169746398926
1.0277626514434814
1.025463342666626
1.0248794555664062
1.0259993076324463
1.0292370319366455
1.0232970714569092
1.029982566833496
1.030555248260498
1.0327320098876953
1.0363073348999023
1.029040813446045
1.0280473232269287
1.0355496406555176
1.0297434329986572
1.027097463607788
1.0244951248168945
1.0369369983673096
1.0303285121917725
1.0263569355010986
1.028282880783081
1.027235507965088
1.0264074802398682
