0.052106618881225586
0.020945072174072266
0.021744728088378906
0.021546125411987305
0.021307706832885742
0.0218508243560791
0.022143125534057617
0.022121191024780273
0.03166842460632324
0.021631240844726562
0.02485513687133789
0.021674394607543945
0.021508455276489258
0.0213930606842041
0.029496431350708008
0.022675752639770508
0.02260279655456543
0.022379159927368164
0.02205944061279297
0.02271437644958496
0.023713350296020508
0.02236485481262207
0.021916627883911133
0.022623777389526367
0.022234201431274414
0.027405500411987305
0.022999048233032227
0.022614717483520508
0.021658658981323242
0.0212252140045166
0.020567655563354492
0.021428346633911133
0.022180795669555664
0.02756214141845703
0.02117919921875
0.02127361297607422
0.02700948715209961
0.021321535110473633
0.03268146514892578
0.021693706512451172
0.02287745475769043
0.026097774505615234
0.021055221557617188
0.02129840850830078
0.022231101989746094
0.024375438690185547
0.02075672149658203
0.020479202270507812
0.027126550674438477
0.02158808708190918
