0.02700042724609375
0.024424314498901367
0.02339911460876465
0.023714542388916016
0.02559947967529297
0.0358576774597168
0.026531457901000977
0.025551319122314453
0.02454972267150879
0.02557969093322754
0.022474050521850586
0.02433919906616211
0.025224685668945312
0.02477407455444336
0.02396678924560547
0.0231015682220459
0.022758960723876953
0.028396129608154297
0.023846149444580078
0.02763509750366211
0.02482008934020996
0.02506256103515625
0.023079633712768555
0.023764610290527344
0.025869131088256836
0.0251922607421875
0.030965566635131836
0.02427196502685547
0.027664899826049805
0.023471832275390625
0.024523019790649414
0.030298709869384766
0.026123046875
0.025010108947753906
0.0279085636138916
0.027319669723510742
0.027193069458007812
0.028562068939208984
0.02530837059020996
0.02841472625732422
0.023638248443603516
0.025180339813232422
0.024010896682739258
0.027965307235717773
0.02494359016418457
0.02379894256591797
0.026395797729492188
0.02597522735595703
0.02189469337463379
0.028772354125976562
