0.023975372314453125
0.022059917449951172
0.024657726287841797
0.021866559982299805
0.02230238914489746
0.021983623504638672
0.022929668426513672
0.02091073989868164
0.021823644638061523
0.020639419555664062
0.026799440383911133
0.021927833557128906
0.02126145362854004
0.022226810455322266
0.020982980728149414
0.023766279220581055
0.021047592163085938
0.024031639099121094
0.021398544311523438
0.02042841911315918
0.022591114044189453
0.022299528121948242
0.02098393440246582
0.02180004119873047
0.021024465560913086
0.021657943725585938
0.039551734924316406
0.020533323287963867
0.021106958389282227
0.021131038665771484
0.021683216094970703
0.022826433181762695
0.021439313888549805
0.025185823440551758
0.021028518676757812
0.022034883499145508
0.02186417579650879
0.02516317367553711
0.020678043365478516
0.020479917526245117
0.024227142333984375
0.022574186325073242
0.021692276000976562
0.02243518829345703
0.020862340927124023
0.021256208419799805
0.02273869514465332
0.02089548110961914
0.021483898162841797
0.021567344665527344
