0.1428682804107666
0.0320892333984375
0.0386052131652832
0.041381120681762695
0.04576396942138672
0.03162074089050293
0.03721356391906738
0.0457606315612793
0.03353738784790039
0.034021615982055664
0.039794921875
0.03109908103942871
0.04322242736816406
0.03338456153869629
0.033850908279418945
0.039992332458496094
0.035352468490600586
0.05993032455444336
0.04910111427307129
0.033934831619262695
0.036939144134521484
0.034483909606933594
0.03460812568664551
0.03621697425842285
0.035585641860961914
0.02927255630493164
0.03793048858642578
0.037285804748535156
0.03207111358642578
0.03859543800354004
0.03397536277770996
0.04216170310974121
0.032073020935058594
0.04571247100830078
0.03458690643310547
0.035338640213012695
0.036063432693481445
0.03921008110046387
0.03493976593017578
0.03326845169067383
0.03664112091064453
0.03926277160644531
0.04726743698120117
0.03951573371887207
0.034056901931762695
0.038271427154541016
0.05126023292541504
0.03386664390563965
0.039170265197753906
0.03632521629333496
