0.04980874061584473
0.025801658630371094
0.028528928756713867
0.02607131004333496
0.028564453125
0.026317596435546875
0.034423112869262695
0.029744625091552734
0.03191208839416504
0.026422739028930664
0.02922677993774414
0.026666879653930664
0.02677130699157715
0.026026248931884766
0.027820587158203125
0.029869556427001953
0.03210306167602539
0.030197620391845703
0.027505159378051758
0.036252737045288086
0.027302265167236328
0.027131319046020508
0.032988786697387695
0.028917551040649414
0.02792811393737793
0.030699491500854492
0.03282904624938965
0.03273820877075195
0.031445980072021484
0.026958465576171875
0.028370380401611328
0.029180049896240234
0.028151988983154297
0.028687000274658203
0.031299591064453125
0.06442427635192871
0.026157617568969727
0.03589916229248047
0.027277708053588867
0.03269004821777344
0.04698967933654785
0.027082443237304688
0.03245043754577637
0.0341649055480957
0.02914285659790039
0.03332710266113281
0.028051137924194336
0.03401756286621094
0.026346683502197266
0.027074575424194336
