0.025498151779174805
0.023160696029663086
0.02214837074279785
0.0226285457611084
0.023118257522583008
0.021366119384765625
0.022280216217041016
0.025113582611083984
0.021801471710205078
0.02176976203918457
0.020440101623535156
0.028531551361083984
0.021910905838012695
0.021992921829223633
0.020704030990600586
0.02061152458190918
0.021638870239257812
0.024295806884765625
0.023016929626464844
0.043936729431152344
0.020734548568725586
0.020671367645263672
0.022943973541259766
0.02170872688293457
0.02171039581298828
0.02520155906677246
0.021335363388061523
0.023136377334594727
0.021142959594726562
0.03268170356750488
0.021489620208740234
0.021551847457885742
0.023340225219726562
0.028066396713256836
0.022912263870239258
0.020455360412597656
0.027538537979125977
0.020416736602783203
0.021186351776123047
0.021984577178955078
0.02240443229675293
0.021098852157592773
0.02226543426513672
0.02268362045288086
0.021153926849365234
0.022690296173095703
0.020865678787231445
0.023819446563720703
0.020821332931518555
0.029935598373413086
