0.038837432861328125
0.023000717163085938
0.02540302276611328
0.040427207946777344
0.022980690002441406
0.025986433029174805
0.023606061935424805
0.025860309600830078
0.026198863983154297
0.025350332260131836
0.022297382354736328
0.02658534049987793
0.02690720558166504
0.02297186851501465
0.027823209762573242
0.02640533447265625
0.02313685417175293
0.024677038192749023
0.026450395584106445
0.022515058517456055
0.02444934844970703
0.026560306549072266
0.02543020248413086
0.027838945388793945
0.02381420135498047
0.022748470306396484
0.02296614646911621
0.02287888526916504
0.02349376678466797
0.03179740905761719
0.025931119918823242
0.025748252868652344
0.026659250259399414
0.024274349212646484
0.023284912109375
0.02458024024963379
0.022623538970947266
0.023916244506835938
0.024640321731567383
0.02523064613342285
0.023345232009887695
0.024725914001464844
0.02301478385925293
0.024593830108642578
0.023989200592041016
0.031018972396850586
0.02716231346130371
0.027398109436035156
0.025296926498413086
0.024190187454223633
