0.03733491897583008
0.0324404239654541
0.028185367584228516
0.03259611129760742
0.02836132049560547
0.031040668487548828
0.0337979793548584
0.03052663803100586
0.030820846557617188
0.027538537979125977
0.028656721115112305
0.02985978126525879
0.026090145111083984
0.030094146728515625
0.026378870010375977
0.030231952667236328
0.02967214584350586
0.028165817260742188
0.035437583923339844
0.03358960151672363
0.02908778190612793
0.025498628616333008
0.032717227935791016
0.02731156349182129
0.03891611099243164
0.026523590087890625
0.028848648071289062
0.027448654174804688
0.030009031295776367
0.029081344604492188
0.03300762176513672
0.028696775436401367
0.029967784881591797
0.02807307243347168
0.02656102180480957
0.03329014778137207
0.02893996238708496
0.02888631820678711
0.0442051887512207
0.030873537063598633
0.0310056209564209
0.02657294273376465
0.031193017959594727
0.02892446517944336
0.02925419807434082
0.03843355178833008
0.029780864715576172
0.032885074615478516
0.03496146202087402
0.04097461700439453
