0.04883456230163574
0.024932146072387695
0.023041486740112305
0.022221803665161133
0.023557186126708984
0.02395176887512207
0.02259516716003418
0.0251617431640625
0.028422832489013672
0.036966562271118164
0.024504661560058594
0.024939537048339844
0.0242919921875
0.024975061416625977
0.02434849739074707
0.02447199821472168
0.02400684356689453
0.02464890480041504
0.03125882148742676
0.028699398040771484
0.025324583053588867
0.02616143226623535
0.024192094802856445
0.023526906967163086
0.023403406143188477
0.024883747100830078
0.02396368980407715
0.028317689895629883
0.023024797439575195
0.0258028507232666
0.023859024047851562
0.03994941711425781
0.024181127548217773
0.028280258178710938
0.02437114715576172
0.023288488388061523
0.024155139923095703
0.024154186248779297
0.02751636505126953
0.027533769607543945
0.028491735458374023
0.02369832992553711
0.024246692657470703
0.024738550186157227
0.02659010887145996
0.025931358337402344
0.02244400978088379
0.023212671279907227
0.028592824935913086
0.0237886905670166
