0.35413122177124023
0.0406494140625
0.03363442420959473
0.038907766342163086
0.031810760498046875
0.034868717193603516
0.038628339767456055
0.037386178970336914
0.03164172172546387
0.04270601272583008
0.03261423110961914
0.04297232627868652
0.037973642349243164
0.031801462173461914
0.05696296691894531
0.05308890342712402
0.0759882926940918
0.04210019111633301
0.03822016716003418
0.05208158493041992
0.043994903564453125
0.04483938217163086
0.03666520118713379
0.03385043144226074
0.03420281410217285
0.0404515266418457
0.03892827033996582
0.03655576705932617
0.06216597557067871
0.04912304878234863
0.0354158878326416
0.038681983947753906
0.04900765419006348
0.05355954170227051
0.046086788177490234
0.0985720157623291
0.04328608512878418
0.06855273246765137
0.039386749267578125
0.15339350700378418
0.04567122459411621
0.0478520393371582
0.043018341064453125
0.035802364349365234
0.05972480773925781
0.038602590560913086
0.047084808349609375
0.03813433647155762
0.037982940673828125
0.04314851760864258
