0.04658102989196777
0.0271453857421875
0.027676820755004883
0.025604724884033203
0.025763988494873047
0.023314952850341797
0.025798320770263672
0.02235269546508789
0.0249178409576416
0.03153109550476074
0.02686309814453125
0.02948474884033203
0.023360252380371094
0.025975465774536133
0.025341272354125977
0.024066925048828125
0.025036096572875977
0.026856660842895508
0.02471160888671875
0.023316621780395508
0.02336406707763672
0.024745941162109375
0.024785757064819336
0.023900985717773438
0.024881839752197266
0.023334503173828125
0.02375197410583496
0.025018692016601562
0.023029804229736328
0.02296590805053711
0.027179718017578125
0.023707151412963867
0.026270627975463867
0.023092985153198242
0.026211023330688477
0.027090072631835938
0.025604724884033203
0.026424169540405273
0.024907350540161133
0.02324843406677246
0.02360248565673828
0.024436235427856445
0.024037837982177734
0.024651288986206055
0.024822473526000977
0.025578737258911133
0.030078887939453125
0.02362847328186035
0.027184247970581055
0.02344989776611328
