0.0470423698425293
0.02098679542541504
0.021492958068847656
0.023961782455444336
0.02200913429260254
0.021016597747802734
0.025822162628173828
0.02083110809326172
0.025353431701660156
0.021333694458007812
0.021532297134399414
0.023018836975097656
0.021209001541137695
0.022734403610229492
0.021031856536865234
0.0236663818359375
0.022706270217895508
0.02074575424194336
0.022424936294555664
0.022161245346069336
0.021813154220581055
0.022769927978515625
0.020843982696533203
0.02152252197265625
0.0207669734954834
0.02246689796447754
0.023519277572631836
0.022617101669311523
0.03358864784240723
0.02165961265563965
0.0216825008392334
0.021907329559326172
0.02162647247314453
0.02270030975341797
0.023728370666503906
0.02317667007446289
0.021935462951660156
0.02050614356994629
0.023344755172729492
0.020723581314086914
0.02646660804748535
0.021624088287353516
0.02166271209716797
0.021397829055786133
0.021280765533447266
0.02064371109008789
0.02127838134765625
0.020689725875854492
0.020845413208007812
0.02067089080810547
