0.04546785354614258
0.025598764419555664
0.027148008346557617
0.026779890060424805
0.023344039916992188
0.026732444763183594
0.031855106353759766
0.026755332946777344
0.028686046600341797
0.03056812286376953
0.026212692260742188
0.025838851928710938
0.03442788124084473
0.025195837020874023
0.026270389556884766
0.02516007423400879
0.022827625274658203
0.025585174560546875
0.027765989303588867
0.026949405670166016
0.026510238647460938
0.023183822631835938
0.030348539352416992
0.03249859809875488
0.025719165802001953
0.025682449340820312
0.028182268142700195
0.025348186492919922
0.025225400924682617
0.028475284576416016
0.025801420211791992
0.023523569107055664
0.0484311580657959
0.02470874786376953
0.030854225158691406
0.029053688049316406
0.03296804428100586
0.02642202377319336
0.031324148178100586
0.024476051330566406
0.02517533302307129
0.024799108505249023
0.029175281524658203
0.024850845336914062
0.0225982666015625
0.02704334259033203
0.023972749710083008
0.02608966827392578
0.027378559112548828
0.025983333587646484
