0.054204702377319336
0.025966167449951172
0.027292728424072266
0.03238081932067871
0.028591394424438477
0.02628302574157715
0.029632568359375
0.025312185287475586
0.03204655647277832
0.025319576263427734
0.028702974319458008
0.030821561813354492
0.0269315242767334
0.03142499923706055
0.028455734252929688
0.026659250259399414
0.026345491409301758
0.029039621353149414
0.027654647827148438
0.028481483459472656
0.03928565979003906
0.026618242263793945
0.025448322296142578
0.030324459075927734
0.02547287940979004
0.033742427825927734
0.03155636787414551
0.027498483657836914
0.028937816619873047
0.03725147247314453
0.032117605209350586
0.025895357131958008
0.030472993850708008
0.0314483642578125
0.039002180099487305
0.03229546546936035
0.029792308807373047
0.026925086975097656
0.036107778549194336
0.0322718620300293
0.029574155807495117
0.033521413803100586
0.027279138565063477
0.02928948402404785
0.03441786766052246
0.03258228302001953
0.029633045196533203
0.029540061950683594
0.030777931213378906
0.0367128849029541
