0.03343772888183594
0.023438215255737305
0.024500370025634766
0.027028799057006836
0.026233434677124023
0.02443528175354004
0.02527022361755371
0.026084423065185547
0.02832341194152832
0.024853229522705078
0.02680182456970215
0.02437448501586914
0.022525787353515625
0.0227353572845459
0.024989843368530273
0.023294925689697266
0.02697587013244629
0.023955345153808594
0.025902748107910156
0.033547163009643555
0.02625441551208496
0.023786067962646484
0.023946285247802734
0.02606344223022461
0.02768540382385254
0.03366827964782715
0.023058176040649414
0.024302244186401367
0.024119138717651367
0.026943206787109375
0.025069236755371094
0.02554917335510254
0.0256807804107666
0.031865596771240234
0.023913145065307617
0.02881002426147461
0.029413223266601562
0.038889169692993164
0.026686906814575195
0.023247480392456055
0.02401256561279297
0.023474693298339844
0.024952173233032227
0.027565956115722656
0.02460503578186035
0.026790380477905273
0.02375030517578125
0.025946617126464844
0.02630472183227539
0.02496504783630371
