0.027622461318969727
0.022237539291381836
0.02102375030517578
0.022045373916625977
0.02695631980895996
0.02128005027770996
0.02231597900390625
0.021584033966064453
0.02191329002380371
0.02266669273376465
0.02074146270751953
0.020913362503051758
0.021529436111450195
0.030562162399291992
0.022313356399536133
0.02160024642944336
0.02196955680847168
0.02662348747253418
0.02155327796936035
0.02148127555847168
0.020533084869384766
0.021645307540893555
0.02408432960510254
0.020852327346801758
0.020795106887817383
0.022191524505615234
0.023910045623779297
0.021472692489624023
0.02154088020324707
0.022634506225585938
0.021871089935302734
0.020366907119750977
0.021207809448242188
0.020162582397460938
0.02173018455505371
0.02248549461364746
0.021085262298583984
0.021752119064331055
0.021583080291748047
0.024594783782958984
0.02172231674194336
0.025426864624023438
0.04189705848693848
0.022991418838500977
0.020934104919433594
0.024867773056030273
0.02127671241760254
0.020786762237548828
0.021899700164794922
0.021776676177978516
