1.037750244140625
1.0417511463165283
1.0274090766906738
1.0275897979736328
1.0351779460906982
1.027371883392334
1.0362977981567383
1.0365805625915527
1.0274043083190918
1.027977466583252
1.0320777893066406
1.0263283252716064
1.0272905826568604
1.0356152057647705
1.0290603637695312
1.028174877166748
1.0313622951507568
1.033618450164795
1.029301404953003
1.028778314590454
1.0337436199188232
1.0290024280548096
1.0341639518737793
1.027897834777832
1.0270462036132812
1.0302619934082031
1.0321400165557861
1.0299232006072998
1.0279107093811035
1.0455830097198486
1.0310006141662598
1.0322370529174805
1.0278258323669434
1.030120849609375
1.027367115020752
1.0244383811950684
1.0273122787475586
1.0277416706085205
1.029963493347168
1.0331971645355225
1.033891201019287
1.027076005935669
1.0387907028198242
1.0301353931427002
1.0279321670532227
1.0284395217895508
1.0355780124664307
1.0294218063354492
1.0381441116333008
1.0290536880493164
