0.035672664642333984
0.024215221405029297
0.026419878005981445
0.027785062789916992
0.024932146072387695
0.025643348693847656
0.028199434280395508
0.024101972579956055
0.025573253631591797
0.026959657669067383
0.025450706481933594
0.0299680233001709
0.02408456802368164
0.0252382755279541
0.025794506072998047
0.02398824691772461
0.024931669235229492
0.02499079704284668
0.026173114776611328
0.029905080795288086
0.024608612060546875
0.024595975875854492
0.02707386016845703
0.024889707565307617
0.026226520538330078
0.027611970901489258
0.025821685791015625
0.023767709732055664
0.028375625610351562
0.02652430534362793
0.02701425552368164
0.02388453483581543
0.024226903915405273
0.027297258377075195
0.02736043930053711
0.024132490158081055
0.030774354934692383
0.02564096450805664
0.028111934661865234
0.028238534927368164
0.02969956398010254
0.029433727264404297
0.025847434997558594
0.027760028839111328
0.03188896179199219
0.03275561332702637
0.025048494338989258
0.025037288665771484
0.025633811950683594
0.024506568908691406
