0.03737497329711914
0.02164745330810547
0.02230095863342285
0.023011207580566406
0.023166418075561523
0.02722024917602539
0.02666783332824707
0.023385286331176758
0.02350616455078125
0.023595809936523438
0.022513628005981445
0.024393796920776367
0.022954940795898438
0.03073906898498535
0.02311110496520996
0.023153066635131836
0.026970863342285156
0.02188396453857422
0.022258996963500977
0.022738933563232422
0.023489713668823242
0.027660131454467773
0.022476673126220703
0.022335052490234375
0.02179718017578125
0.023526668548583984
0.022187471389770508
0.0256655216217041
0.02487659454345703
0.021958112716674805
0.023621559143066406
0.022277116775512695
0.021698713302612305
0.023471593856811523
0.025688648223876953
0.02366161346435547
0.023784875869750977
0.02254343032836914
0.02144622802734375
0.023888826370239258
0.02314591407775879
0.022588729858398438
0.0215914249420166
0.021828889846801758
0.024004220962524414
0.023326635360717773
0.02350926399230957
0.02215743064880371
0.023067951202392578
0.027456998825073242
