1.2543301582336426
1.0352087020874023
1.028853416442871
1.0456652641296387
1.0325138568878174
1.0303761959075928
1.0292179584503174
1.0268726348876953
1.0289413928985596
0.0581059455871582
1.0244016647338867
0.8200428485870361
1.0328304767608643
1.0274970531463623
1.0278732776641846
1.031254768371582
1.036696434020996
1.0308918952941895
1.0298516750335693
1.041717767715454
1.027773141860962
1.0273447036743164
1.0353353023529053
1.0406651496887207
1.0283846855163574
1.0321602821350098
1.027881145477295
1.028458595275879
1.0294721126556396
1.0357575416564941
1.03033447265625
1.0295484066009521
1.0296926498413086
1.038076639175415
1.0288305282592773
1.034806489944458
1.0270111560821533
1.0318603515625
1.0290374755859375
1.0280201435089111
1.029388189315796
1.037100076675415
1.0310935974121094
1.0257701873779297
1.0316519737243652
1.032503366470337
1.025195837020874
1.0343735218048096
1.0274035930633545
1.0308575630187988
