0.026107311248779297
0.027752161026000977
0.03685259819030762
0.024540185928344727
0.02828502655029297
0.034528493881225586
0.030546903610229492
0.031288862228393555
0.029748201370239258
0.026291847229003906
0.02373361587524414
0.021755695343017578
0.022678852081298828
0.024118661880493164
0.024960756301879883
0.021929502487182617
0.022865772247314453
0.021791934967041016
0.021804332733154297
0.022437095642089844
0.027498960494995117
0.027199268341064453
0.022246837615966797
0.03558540344238281
0.022983312606811523
0.028331995010375977
0.026904582977294922
0.023080825805664062
0.02506256103515625
0.026645183563232422
0.0301821231842041
0.023884057998657227
0.022780895233154297
0.027452468872070312
0.02261519432067871
0.025051355361938477
0.025066375732421875
0.02470111846923828
0.02768683433532715
0.023249149322509766
0.03502607345581055
0.030648469924926758
0.02294135093688965
0.023591041564941406
0.02296924591064453
0.027833938598632812
0.02823352813720703
0.02670431137084961
0.06227517127990723
0.02256035804748535
