0.04512453079223633
0.037451982498168945
0.0350489616394043
0.053215980529785156
0.032483577728271484
0.033652305603027344
0.038789987564086914
0.033484697341918945
0.03381156921386719
0.04562020301818848
0.04169797897338867
0.03982806205749512
0.03412032127380371
0.03499650955200195
0.03464341163635254
0.031842708587646484
0.0361480712890625
0.03835105895996094
0.03890800476074219
0.04453921318054199
0.03219246864318848
0.03316950798034668
0.03624296188354492
0.03865647315979004
0.04114365577697754
0.036797285079956055
0.04292583465576172
0.03436112403869629
0.032616615295410156
0.03703665733337402
0.03266334533691406
0.041399478912353516
0.03930306434631348
0.039058685302734375
0.03524279594421387
0.044463396072387695
0.04475688934326172
0.03429293632507324
0.040816307067871094
0.0355985164642334
0.03341841697692871
0.03287959098815918
0.04163646697998047
0.036789894104003906
0.040776729583740234
0.034832000732421875
0.038754940032958984
0.03360271453857422
0.03803300857543945
0.03818798065185547
