0.07107830047607422
0.030393362045288086
0.024939775466918945
0.025181293487548828
0.023494243621826172
0.028398990631103516
0.028139114379882812
0.02530384063720703
0.02700066566467285
0.02501964569091797
0.024028301239013672
0.025594234466552734
0.02399444580078125
0.02368903160095215
0.025563478469848633
0.024428844451904297
0.026517152786254883
0.023547887802124023
0.02385234832763672
0.02783989906311035
0.023621320724487305
0.02871084213256836
0.026812314987182617
0.024588823318481445
0.025498390197753906
0.02484893798828125
0.024225234985351562
0.03362226486206055
0.024561166763305664
0.024085521697998047
0.024443626403808594
0.02399921417236328
0.025019407272338867
0.0273587703704834
0.027715206146240234
0.02560138702392578
0.024050474166870117
0.02414560317993164
0.023698806762695312
0.024960041046142578
0.024328231811523438
0.024756908416748047
0.026688575744628906
0.02622509002685547
0.023441314697265625
0.02450871467590332
0.024532794952392578
0.024019956588745117
0.026775598526000977
0.028504133224487305
