0.04414987564086914
0.023701906204223633
0.02569413185119629
0.02174067497253418
0.02217268943786621
0.032057762145996094
0.026751279830932617
0.024184703826904297
0.022583484649658203
0.028356552124023438
0.02297186851501465
0.024971961975097656
0.02306985855102539
0.024550914764404297
0.024641990661621094
0.023756980895996094
0.0227663516998291
0.021709918975830078
0.023751020431518555
0.022312164306640625
0.02190995216369629
0.023118257522583008
0.02276921272277832
0.022336721420288086
0.022262096405029297
0.02223062515258789
0.02370309829711914
0.022984743118286133
0.032135725021362305
0.023123741149902344
0.022078990936279297
0.023072242736816406
0.026308774948120117
0.022945165634155273
0.02777719497680664
0.022778749465942383
0.0342411994934082
0.024648427963256836
0.022116661071777344
0.023163557052612305
0.026105880737304688
0.024376869201660156
0.02221202850341797
0.02324843406677246
0.02712273597717285
0.022585391998291016
0.02582240104675293
0.03039240837097168
0.02261185646057129
0.024082422256469727
