0.04620814323425293
0.03013896942138672
0.024691104888916016
0.023591041564941406
0.024751901626586914
0.026117801666259766
0.03732419013977051
0.02510666847229004
0.02772831916809082
0.024505615234375
0.025095462799072266
0.026180744171142578
0.025757789611816406
0.026662588119506836
0.0234987735748291
0.023440837860107422
0.02498793601989746
0.026926040649414062
0.027316808700561523
0.02484440803527832
0.02704167366027832
0.02709794044494629
0.025250911712646484
0.023918867111206055
0.025889158248901367
0.025527000427246094
0.02374744415283203
0.024085044860839844
0.025270462036132812
0.023805856704711914
0.027414560317993164
0.024526596069335938
0.03078436851501465
0.023125171661376953
0.02402496337890625
0.02492356300354004
0.0274810791015625
0.022687911987304688
0.026659488677978516
0.025651216506958008
0.028224468231201172
0.02403545379638672
0.028977632522583008
0.023209333419799805
0.02477264404296875
0.026996612548828125
0.026744365692138672
0.024005413055419922
0.025247812271118164
0.025246143341064453
