0.03658914566040039
0.024495601654052734
0.04982185363769531
0.02689075469970703
0.026262283325195312
0.025866985321044922
0.02446269989013672
0.025077104568481445
0.025473594665527344
0.023782968521118164
0.024112224578857422
0.024697303771972656
0.025082111358642578
0.037764549255371094
0.02614903450012207
0.02712225914001465
0.02410292625427246
0.026186466217041016
0.0281064510345459
0.027015209197998047
0.02543330192565918
0.02500462532043457
0.025864124298095703
0.027072906494140625
0.025122404098510742
0.025318145751953125
0.029102325439453125
0.027112960815429688
0.026177644729614258
0.024134397506713867
0.024776935577392578
0.024805068969726562
0.024063587188720703
0.02381420135498047
0.029421091079711914
0.03323936462402344
0.024854660034179688
0.025732040405273438
0.02696967124938965
0.025368928909301758
0.02515268325805664
0.030007362365722656
0.02744603157043457
0.02644968032836914
0.026700258255004883
0.02344489097595215
0.02422189712524414
0.025002241134643555
0.023923873901367188
0.025507688522338867
