0.1367027759552002
0.05732607841491699
0.053658246994018555
0.055883169174194336
0.05317997932434082
0.0586702823638916
0.05710268020629883
0.0556187629699707
0.059693098068237305
0.06328868865966797
0.059606075286865234
0.05203580856323242
0.057503461837768555
0.053559064865112305
0.06121397018432617
0.05699467658996582
0.0626840591430664
0.06862282752990723
0.060405731201171875
0.07918262481689453
0.05553293228149414
0.05416059494018555
0.07454800605773926
0.059462547302246094
0.06816697120666504
0.06847929954528809
0.06931877136230469
0.06257176399230957
0.06344318389892578
0.06384515762329102
0.054767608642578125
0.053121328353881836
0.0703589916229248
0.06338024139404297
0.059197187423706055
0.05288100242614746
0.060228586196899414
0.06286239624023438
0.0524899959564209
0.05900835990905762
0.06144285202026367
0.05311250686645508
0.05723381042480469
0.05495643615722656
0.05697894096374512
0.053572654724121094
0.06141805648803711
0.05755448341369629
0.062197208404541016
0.0585789680480957
