0.17075824737548828
0.03149557113647461
0.051926612854003906
0.0406038761138916
0.03410172462463379
0.040740966796875
0.03504323959350586
0.032321929931640625
0.03504037857055664
0.03645634651184082
0.05161905288696289
0.03786134719848633
0.03842043876647949
0.03386187553405762
0.04026651382446289
0.03824567794799805
0.039515018463134766
0.03635287284851074
0.03754997253417969
0.03478240966796875
0.041898488998413086
0.033110618591308594
0.03237652778625488
0.037506103515625
0.03776073455810547
0.03800845146179199
0.032106637954711914
0.03852581977844238
0.03684854507446289
0.03217887878417969
0.033782958984375
0.055750370025634766
0.032108306884765625
0.03982877731323242
0.032683372497558594
0.045618534088134766
0.03902769088745117
0.04949641227722168
0.041861534118652344
0.036083221435546875
0.03885459899902344
0.03567242622375488
0.04839777946472168
0.0610809326171875
0.036778926849365234
0.040023088455200195
0.03870439529418945
0.04321599006652832
0.03646421432495117
0.040392398834228516
