0.1396951675415039
0.021088361740112305
0.02847123146057129
0.03464794158935547
0.028871536254882812
0.024559497833251953
0.03626418113708496
0.026213884353637695
0.02036118507385254
0.02735757827758789
0.027184247970581055
0.032793283462524414
0.026811838150024414
0.031351566314697266
0.02300572395324707
0.028113603591918945
0.026514530181884766
0.023151636123657227
0.023644447326660156
0.022993087768554688
0.0213315486907959
0.02672100067138672
0.02336859703063965
0.03295779228210449
0.033309221267700195
0.023485898971557617
0.030814647674560547
0.031510114669799805
0.03030872344970703
0.02787494659423828
0.02863931655883789
0.03302288055419922
0.03417253494262695
0.027872085571289062
0.0298154354095459
0.03164052963256836
0.03263282775878906
0.021088838577270508
0.022615671157836914
0.027124404907226562
0.028393983840942383
0.024013996124267578
0.02398228645324707
0.03977560997009277
0.023206472396850586
0.023580074310302734
0.049115896224975586
0.027219295501708984
0.03207135200500488
0.022835493087768555
