0.4971902370452881
0.07552170753479004
0.04689192771911621
0.05834150314331055
0.05927276611328125
0.03917956352233887
0.06572508811950684
0.051664113998413086
0.037251949310302734
0.03784918785095215
0.04935193061828613
0.04542064666748047
0.04108142852783203
0.04837155342102051
0.03455209732055664
0.1567549705505371
0.05133247375488281
0.04514598846435547
0.060308218002319336
0.0384669303894043
0.05639505386352539
0.05156135559082031
0.04358410835266113
0.04946708679199219
0.0521242618560791
0.045264244079589844
0.062494516372680664
0.04638981819152832
0.04092693328857422
0.04240059852600098
0.08525395393371582
0.03920745849609375
0.07192587852478027
0.04964256286621094
0.04617452621459961
0.04478001594543457
0.038336753845214844
0.06681370735168457
0.0385589599609375
0.06869149208068848
0.03682446479797363
0.04090571403503418
0.05541515350341797
0.05067610740661621
0.03708291053771973
0.11406898498535156
0.040393829345703125
0.037267446517944336
0.04933524131774902
0.03707766532897949
