0.036206722259521484
0.02221846580505371
0.02444934844970703
0.02441573143005371
0.02259659767150879
0.025458574295043945
0.022955894470214844
0.0225374698638916
0.02177596092224121
0.025656700134277344
0.022894859313964844
0.02794814109802246
0.022403240203857422
0.022801637649536133
0.023630380630493164
0.022409677505493164
0.02435779571533203
0.026335716247558594
0.023294687271118164
0.023310422897338867
0.02256155014038086
0.024829626083374023
0.026016950607299805
0.021737337112426758
0.02269744873046875
0.023768186569213867
0.02577519416809082
0.024486064910888672
0.023853302001953125
0.0233461856842041
0.02225637435913086
0.024957656860351562
0.022615909576416016
0.022815465927124023
0.022449731826782227
0.026065826416015625
0.024152278900146484
0.023003816604614258
0.02291417121887207
0.024118423461914062
0.0239102840423584
0.025722742080688477
0.027668237686157227
0.022042036056518555
0.03872799873352051
0.022052764892578125
0.026713848114013672
0.025952816009521484
0.023797988891601562
0.02452683448791504
