0.04182124137878418
0.03949093818664551
0.040583133697509766
0.04571723937988281
0.0385591983795166
0.04339480400085449
0.03977322578430176
0.03792977333068848
0.04415321350097656
0.03967905044555664
0.04167008399963379
0.0412449836730957
0.038524627685546875
0.04344940185546875
0.04162859916687012
0.039194345474243164
0.044971466064453125
0.04326677322387695
0.043839216232299805
0.04126763343811035
0.038912057876586914
0.0410304069519043
0.03833603858947754
0.04117465019226074
0.04114532470703125
0.0422060489654541
0.04274868965148926
0.04217958450317383
0.04329323768615723
0.045465707778930664
0.04025387763977051
0.04583883285522461
0.04384136199951172
0.03945350646972656
0.04244422912597656
0.04456019401550293
0.045706987380981445
0.038645029067993164
0.041639089584350586
0.045250892639160156
0.04104208946228027
0.0415341854095459
0.04868817329406738
0.04281282424926758
0.04397726058959961
0.04321146011352539
0.04973793029785156
0.04638528823852539
0.039217233657836914
0.04783201217651367
