0.03181862831115723
0.024918317794799805
0.028700828552246094
0.025873422622680664
0.029505014419555664
0.029233217239379883
0.028690099716186523
0.03459811210632324
0.02788829803466797
0.025691747665405273
0.02635931968688965
0.02607417106628418
0.025847196578979492
0.03294229507446289
0.03353476524353027
0.02952098846435547
0.035692691802978516
0.02739095687866211
0.028023481369018555
0.03128814697265625
0.02682018280029297
0.02626943588256836
0.027918338775634766
0.026535511016845703
0.02713155746459961
0.03544425964355469
0.030500411987304688
0.02783656120300293
0.030455589294433594
0.027143478393554688
0.036813974380493164
0.028294086456298828
0.032030582427978516
0.03104877471923828
0.025717735290527344
0.03681039810180664
0.029150009155273438
0.03200221061706543
0.026737689971923828
0.03068232536315918
0.02884674072265625
0.030022859573364258
0.027924060821533203
0.03410840034484863
0.031473636627197266
0.031124114990234375
0.0282132625579834
0.029669523239135742
0.02716827392578125
0.027971982955932617
