0.06633615493774414
0.018046140670776367
0.02120065689086914
0.016109466552734375
0.02345871925354004
0.015599966049194336
0.01942157745361328
0.017348289489746094
0.024208545684814453
0.018734216690063477
0.025377988815307617
0.028365135192871094
0.024732589721679688
0.018428802490234375
0.01705646514892578
0.020430326461791992
0.020628929138183594
0.023716449737548828
0.025325298309326172
0.01664447784423828
0.019582033157348633
0.01835036277770996
0.024016380310058594
0.02242422103881836
0.024334430694580078
0.02083444595336914
0.019896984100341797
0.02227044105529785
0.0205385684967041
0.024483680725097656
0.0169830322265625
0.019480228424072266
0.021970033645629883
0.017435073852539062
0.020607471466064453
0.01762223243713379
0.018398284912109375
0.018255233764648438
0.027502775192260742
0.02577519416809082
0.022517919540405273
0.01945972442626953
0.017482757568359375
0.025779008865356445
0.020424365997314453
0.021886587142944336
0.016203641891479492
0.02604842185974121
0.024760007858276367
0.02467632293701172
