0.038240671157836914
0.0300753116607666
0.027705669403076172
0.032028913497924805
0.026468276977539062
0.026190996170043945
0.02802729606628418
0.026485204696655273
0.031578779220581055
0.029608726501464844
0.02922201156616211
0.030663728713989258
0.030358552932739258
0.03489041328430176
0.032166242599487305
0.030673742294311523
0.034087419509887695
0.028589487075805664
0.028850317001342773
0.03235173225402832
0.02909541130065918
0.028433561325073242
0.0306396484375
0.027943134307861328
0.032659053802490234
0.03774595260620117
0.03773164749145508
0.02779698371887207
0.028661012649536133
0.03003406524658203
0.03001689910888672
0.03306317329406738
0.03331327438354492
0.04033207893371582
0.029058456420898438
0.027859926223754883
0.029022932052612305
0.028179168701171875
0.032559871673583984
0.03374505043029785
0.03228926658630371
0.029450178146362305
0.03885483741760254
0.03591775894165039
0.03063344955444336
0.031728267669677734
0.03275656700134277
0.033048391342163086
0.03369712829589844
0.04179644584655762
