0.796807050704956
0.05466771125793457
0.03843975067138672
0.04237699508666992
0.03989458084106445
0.04292440414428711
0.04504203796386719
0.049866676330566406
0.05230879783630371
0.1448662281036377
0.04271864891052246
0.05593109130859375
0.10444045066833496
0.06418228149414062
0.04447126388549805
0.06636261940002441
0.047579288482666016
0.07361221313476562
0.05422258377075195
0.06299018859863281
0.28103137016296387
0.05901479721069336
0.054975271224975586
0.06047987937927246
0.058679819107055664
0.06631064414978027
0.0483241081237793
0.05555224418640137
0.0534367561340332
0.06130623817443848
0.11157512664794922
0.07551431655883789
0.05205702781677246
0.06368064880371094
1.0319263935089111
1.0297939777374268
0.04419732093811035
0.08150911331176758
0.038405656814575195
1.0269076824188232
1.0281941890716553
1.0259697437286377
1.025479793548584
1.0266284942626953
1.0251846313476562
1.0257418155670166
0.058923959732055664
0.05169224739074707
0.04800224304199219
0.05604219436645508
