0.34439587593078613
0.03527069091796875
0.0434117317199707
0.044475555419921875
0.03445911407470703
0.04465198516845703
0.03770756721496582
0.04317951202392578
0.06516122817993164
0.03694772720336914
0.04222989082336426
0.04819369316101074
0.03515005111694336
0.0349431037902832
0.03792524337768555
0.04283738136291504
0.05840635299682617
0.03952360153198242
0.04966568946838379
0.039315223693847656
0.03516077995300293
0.03818058967590332
0.03720879554748535
0.04216766357421875
0.04323434829711914
0.03809499740600586
0.04244637489318848
0.038527488708496094
0.038721561431884766
0.045358896255493164
0.096282958984375
0.04015612602233887
0.04905223846435547
0.03667306900024414
0.03990960121154785
0.048619747161865234
0.07947826385498047
0.03543257713317871
0.03544139862060547
0.03580188751220703
0.03541135787963867
0.051216840744018555
0.03668642044067383
0.03547549247741699
0.03805708885192871
0.051641225814819336
0.05785226821899414
0.07555317878723145
0.05200910568237305
0.04718732833862305
