0.030764341354370117
0.02348160743713379
0.022168874740600586
0.023879051208496094
0.03152823448181152
0.02145838737487793
0.021921157836914062
0.026343345642089844
0.02168107032775879
0.02834939956665039
0.022861480712890625
0.023076534271240234
0.025383949279785156
0.02139759063720703
0.022047996520996094
0.026616573333740234
0.02415013313293457
0.02181220054626465
0.02360677719116211
0.02863454818725586
0.021512269973754883
0.02208685874938965
0.024626493453979492
0.023492813110351562
0.023168325424194336
0.0214998722076416
0.021799087524414062
0.023195266723632812
0.023309946060180664
0.023133277893066406
0.021680355072021484
0.0226743221282959
0.02327561378479004
0.02500319480895996
0.02303338050842285
0.02582406997680664
0.028139114379882812
0.021749019622802734
0.02917933464050293
0.022941112518310547
0.023233890533447266
0.023265600204467773
0.023266315460205078
0.025635242462158203
0.022828102111816406
0.023875951766967773
0.030059099197387695
0.022449254989624023
0.023605823516845703
0.023881196975708008
