1.058058500289917
1.0304744243621826
1.0318045616149902
1.0334749221801758
1.0304768085479736
1.0325927734375
1.0318281650543213
1.0291926860809326
1.030304193496704
1.028428316116333
1.0367627143859863
1.0280015468597412
1.0353996753692627
1.0251049995422363
1.0275764465332031
1.0314557552337646
1.0301294326782227
1.0315907001495361
1.0281569957733154
1.0265450477600098
1.0264317989349365
1.0295612812042236
1.0255043506622314
1.0283203125
1.030979871749878
1.0283632278442383
1.0344245433807373
1.0279593467712402
1.0294358730316162
1.0347676277160645
1.0277159214019775
1.0338804721832275
1.0339112281799316
1.0315067768096924
1.0313262939453125
1.027372121810913
1.030519962310791
1.0259597301483154
1.0360395908355713
1.0314228534698486
1.0265698432922363
1.0284841060638428
1.0321879386901855
1.0308921337127686
1.0312225818634033
1.0406906604766846
1.029236078262329
1.0300579071044922
1.029893398284912
1.0330307483673096
