1.0459249019622803
1.0281484127044678
1.0288970470428467
1.050703525543213
1.0295155048370361
1.0320513248443604
1.0292952060699463
1.0225934982299805
1.026623010635376
1.0247676372528076
1.0285155773162842
1.034785509109497
1.0274310111999512
1.032498836517334
1.0505313873291016
1.0316476821899414
1.03013014793396
1.0342121124267578
1.028226375579834
1.0285429954528809
1.0317459106445312
1.0291919708251953
1.0370080471038818
1.025843620300293
1.02531099319458
1.0240740776062012
1.0287001132965088
1.0275795459747314
1.0283379554748535
1.0433039665222168
1.0297458171844482
1.0274262428283691
1.0261008739471436
1.0609591007232666
1.0296669006347656
1.0277881622314453
1.0338029861450195
1.026747465133667
1.029404640197754
1.031684160232544
1.0279808044433594
1.0284216403961182
1.0303893089294434
1.030106544494629
1.0252916812896729
1.042555332183838
1.028899908065796
1.0289769172668457
1.0280556678771973
1.0276777744293213
