0.026677370071411133
0.023188352584838867
0.023977041244506836
0.02435302734375
0.03141307830810547
0.028688430786132812
0.024884700775146484
0.02451777458190918
0.02717280387878418
0.02277064323425293
0.02250957489013672
0.021955251693725586
0.023699045181274414
0.02520895004272461
0.02296733856201172
0.027155399322509766
0.024018049240112305
0.023535728454589844
0.02636265754699707
0.02667832374572754
0.023608922958374023
0.025666236877441406
0.03197884559631348
0.026912450790405273
0.023171186447143555
0.02509307861328125
0.02288651466369629
0.025106191635131836
0.02220749855041504
0.02409076690673828
0.02448868751525879
0.024955034255981445
0.02457284927368164
0.02495574951171875
0.02593398094177246
0.025598764419555664
0.02652740478515625
0.031003236770629883
0.02525472640991211
0.023891210556030273
0.023199796676635742
0.02757120132446289
0.023488521575927734
0.04369544982910156
0.026935100555419922
0.026303529739379883
0.031667232513427734
0.0240323543548584
0.030756473541259766
0.023995161056518555
