0.03329586982727051
0.023885726928710938
0.02565765380859375
0.027248859405517578
0.025352001190185547
0.02565932273864746
0.02442002296447754
0.031046628952026367
0.027767419815063477
0.02676677703857422
0.03349041938781738
0.026058197021484375
0.025483369827270508
0.025890827178955078
0.028524398803710938
0.025879621505737305
0.028864383697509766
0.02413153648376465
0.024981975555419922
0.026804685592651367
0.043123483657836914
0.025248050689697266
0.030124187469482422
0.024393320083618164
0.02569866180419922
0.025452136993408203
0.02599954605102539
0.029896974563598633
0.028115034103393555
0.03100109100341797
0.028400659561157227
0.028473615646362305
0.03413844108581543
0.024443626403808594
0.029901504516601562
0.02696824073791504
0.028352022171020508
0.026648521423339844
0.02752065658569336
0.028412342071533203
0.02771306037902832
0.025449275970458984
0.024727344512939453
0.030153751373291016
0.02624201774597168
0.027392148971557617
0.023575782775878906
0.03644967079162598
0.02665567398071289
0.02661609649658203
