0.929901123046875
0.15526676177978516
0.11438345909118652
0.07619690895080566
0.14800405502319336
0.09548616409301758
0.06679391860961914
0.05689668655395508
0.07334113121032715
0.1278395652770996
0.1123814582824707
0.1412811279296875
0.08305978775024414
0.05278825759887695
0.10771465301513672
0.08047914505004883
0.1370701789855957
0.1175382137298584
0.0783543586730957
0.21114563941955566
0.26364707946777344
0.1746666431427002
0.053116559982299805
0.16286873817443848
0.07094931602478027
0.08259773254394531
0.11042547225952148
0.10197019577026367
0.11701226234436035
0.10215640068054199
0.11698365211486816
0.10371208190917969
0.07974386215209961
0.11793351173400879
0.15543603897094727
0.14147067070007324
0.16123604774475098
0.1620805263519287
0.1241614818572998
0.10128164291381836
0.2931387424468994
0.058422088623046875
0.13338685035705566
0.12931394577026367
0.23698163032531738
0.10706472396850586
0.18950200080871582
0.08009004592895508
0.08282017707824707
0.06514215469360352
