0.044527292251586914
0.02891087532043457
0.027970552444458008
0.0257720947265625
0.028331756591796875
0.026744365692138672
0.027473926544189453
0.029506683349609375
0.03241920471191406
0.024775266647338867
0.029157161712646484
0.025182247161865234
0.030776262283325195
0.028526782989501953
0.030290603637695312
0.027887582778930664
0.03097248077392578
0.0426325798034668
0.026585817337036133
0.029670238494873047
0.029962778091430664
0.030035018920898438
0.029726505279541016
0.02786564826965332
0.027831554412841797
0.027768850326538086
0.025966167449951172
0.026680469512939453
0.0317533016204834
0.03735661506652832
0.0309751033782959
0.030089855194091797
0.03061199188232422
0.026467323303222656
0.028562307357788086
0.03946566581726074
0.027164220809936523
0.026257038116455078
0.027560710906982422
0.02845311164855957
0.026576757431030273
0.028992414474487305
0.03188776969909668
0.02631855010986328
0.030452728271484375
0.03080582618713379
0.03382062911987305
0.028833389282226562
0.03672623634338379
0.026086091995239258
