0.08800935745239258
0.03269553184509277
0.0299069881439209
0.029902935028076172
0.029642343521118164
0.030055761337280273
0.0334169864654541
0.031841278076171875
0.029097318649291992
0.035082101821899414
0.02978348731994629
0.028727293014526367
0.030730724334716797
0.032350778579711914
0.03077220916748047
0.030536651611328125
0.03448128700256348
0.03441977500915527
0.03953671455383301
0.034589290618896484
0.031206369400024414
0.029388427734375
0.0392918586730957
0.03485608100891113
0.0376589298248291
0.029062747955322266
0.04331016540527344
0.03636813163757324
0.03246331214904785
0.03384065628051758
0.030237436294555664
0.03379631042480469
0.031221866607666016
0.03259754180908203
0.035776615142822266
0.03294730186462402
0.03516387939453125
0.030175209045410156
0.031557559967041016
0.0315401554107666
0.031156539916992188
0.037865400314331055
0.04420900344848633
0.03814697265625
0.031323909759521484
0.030648469924926758
0.03473353385925293
0.04320263862609863
0.03833436965942383
0.03872060775756836
