0.4590590000152588
0.0466761589050293
0.07573580741882324
0.04409599304199219
0.040738821029663086
0.04980778694152832
0.037160396575927734
0.03599429130554199
0.045945167541503906
0.03731489181518555
0.03809762001037598
0.04212021827697754
0.10376787185668945
0.04580092430114746
0.04886960983276367
0.04065966606140137
0.03441429138183594
0.0365908145904541
0.050833940505981445
0.05505251884460449
0.0654745101928711
0.04164719581604004
0.07205724716186523
0.07826614379882812
0.037175893783569336
0.0492095947265625
0.04036831855773926
0.03935527801513672
0.06652617454528809
0.04683232307434082
0.03867220878601074
0.04869198799133301
0.03738570213317871
0.045081377029418945
0.05754542350769043
0.0826408863067627
0.044320106506347656
0.0386350154876709
0.039859771728515625
0.09567451477050781
0.03944897651672363
0.03644537925720215
0.08172917366027832
0.039635658264160156
0.08189630508422852
0.04824233055114746
0.06294631958007812
0.039807796478271484
0.043940067291259766
0.04378533363342285
