0.27625274658203125
0.029297590255737305
0.03100299835205078
0.042378902435302734
0.05207538604736328
0.036112070083618164
0.03253054618835449
0.029315710067749023
0.03777647018432617
0.03794288635253906
0.03315591812133789
0.03891468048095703
0.03746294975280762
0.05169796943664551
0.04794478416442871
0.034203290939331055
0.029527664184570312
0.04128456115722656
0.03376150131225586
0.07468724250793457
0.038407325744628906
0.03615212440490723
0.042772769927978516
0.04182839393615723
0.033126115798950195
0.03173184394836426
0.045690059661865234
0.032747745513916016
0.030237197875976562
0.03336286544799805
0.06523752212524414
0.03428149223327637
0.03603720664978027
0.034212589263916016
0.04998373985290527
0.045572757720947266
0.03969907760620117
0.031023263931274414
0.038086652755737305
0.07886719703674316
0.0314631462097168
0.04582405090332031
0.07352185249328613
0.05252814292907715
0.04049539566040039
0.03352713584899902
0.035669565200805664
0.04373931884765625
0.03912186622619629
0.03648257255554199
