0.02426767349243164
0.023460865020751953
0.02225017547607422
0.02307438850402832
0.03066229820251465
0.03133416175842285
0.021410465240478516
0.02411937713623047
0.025776147842407227
0.02194833755493164
0.022083282470703125
0.029502153396606445
0.02463078498840332
0.024491310119628906
0.03302454948425293
0.025945425033569336
0.021800994873046875
0.02261805534362793
0.02213597297668457
0.02456498146057129
0.022626161575317383
0.022707462310791016
0.022988080978393555
0.023262739181518555
0.021635770797729492
0.024269580841064453
0.027657747268676758
0.024433374404907227
0.023449182510375977
0.03344535827636719
0.023087739944458008
0.022447824478149414
0.023249149322509766
0.02680659294128418
0.03277754783630371
0.029746055603027344
0.025540828704833984
0.022601842880249023
0.03619885444641113
0.023538827896118164
0.02864837646484375
0.026053190231323242
0.027845144271850586
0.021839141845703125
0.023088932037353516
0.025742053985595703
0.022887706756591797
0.022233009338378906
0.027271509170532227
0.027871131896972656
