0.03363156318664551
0.02665090560913086
0.024748802185058594
0.024007558822631836
0.026306867599487305
0.029173612594604492
0.023892879486083984
0.02516627311706543
0.024802207946777344
0.025678157806396484
0.02595973014831543
0.028833389282226562
0.026650667190551758
0.026132822036743164
0.026640892028808594
0.024859189987182617
0.024357318878173828
0.02386951446533203
0.02593088150024414
0.02983999252319336
0.027184009552001953
0.026653289794921875
0.027850866317749023
0.027514219284057617
0.02591562271118164
0.023871660232543945
0.02889418601989746
0.024601459503173828
0.026427507400512695
0.02895975112915039
0.027076244354248047
0.025042057037353516
0.024010658264160156
0.028859615325927734
0.024605751037597656
0.027064085006713867
0.027719974517822266
0.02591705322265625
0.02793598175048828
0.025979995727539062
0.02451300621032715
0.023751497268676758
0.030889511108398438
0.027493953704833984
0.02655506134033203
0.02762126922607422
0.024894237518310547
0.025955915451049805
0.027623414993286133
0.025751352310180664
