0.03225088119506836
0.021988868713378906
0.023767709732055664
0.022669076919555664
0.0230257511138916
0.025279998779296875
0.024617433547973633
0.021883487701416016
0.023099422454833984
0.021906375885009766
0.02383589744567871
0.022551298141479492
0.022146224975585938
0.02267289161682129
0.022434234619140625
0.022953510284423828
0.023243427276611328
0.022116422653198242
0.023705482482910156
0.021577835083007812
0.023471593856811523
0.022266626358032227
0.02272319793701172
0.022424936294555664
0.026881694793701172
0.022087574005126953
0.022605180740356445
0.023154735565185547
0.021501779556274414
0.02289724349975586
0.022746801376342773
0.022465944290161133
0.021552324295043945
0.027429580688476562
0.023729324340820312
0.026900529861450195
0.02314162254333496
0.022240400314331055
0.027954816818237305
0.024396181106567383
0.022171497344970703
0.0220339298248291
0.02147364616394043
0.023999929428100586
0.0230257511138916
0.021691083908081055
0.03367161750793457
0.02256464958190918
0.03195977210998535
0.022197246551513672
