0.047266483306884766
0.04876852035522461
0.02719902992248535
0.026717424392700195
0.026597976684570312
0.03422737121582031
0.026082754135131836
0.026323795318603516
0.026910066604614258
0.02668023109436035
0.05844569206237793
0.026702404022216797
0.02973651885986328
0.02662181854248047
0.028072834014892578
0.023795604705810547
0.025599002838134766
0.027138471603393555
0.024918794631958008
0.03130960464477539
0.028968095779418945
0.02487349510192871
0.02881169319152832
0.030003070831298828
0.03112316131591797
0.031445980072021484
0.024672508239746094
0.02498769760131836
0.02665257453918457
0.024881839752197266
0.026644229888916016
0.02743840217590332
0.0244598388671875
0.028892040252685547
0.03032660484313965
0.02646660804748535
0.02440047264099121
0.029168367385864258
0.024700164794921875
0.030562639236450195
0.023375988006591797
0.026209115982055664
0.02420783042907715
0.026656389236450195
0.027012348175048828
0.024452924728393555
0.026263713836669922
0.02754068374633789
0.02596259117126465
0.02765631675720215
