0.03221297264099121
0.02170729637145996
0.022185325622558594
0.022086143493652344
0.022152185440063477
0.02378082275390625
0.022318601608276367
0.025197505950927734
0.023383378982543945
0.022375822067260742
0.0224764347076416
0.022616147994995117
0.02724003791809082
0.02243804931640625
0.022932767868041992
0.023638486862182617
0.02319812774658203
0.023005962371826172
0.021929502487182617
0.02202010154724121
0.028142213821411133
0.02195572853088379
0.02168107032775879
0.034653425216674805
0.02180027961730957
0.024651527404785156
0.026454925537109375
0.02469921112060547
0.024769306182861328
0.022614717483520508
0.024228572845458984
0.022373676300048828
0.021877765655517578
0.023130178451538086
0.021575450897216797
0.023194551467895508
0.030379056930541992
0.024271011352539062
0.03189802169799805
0.023476123809814453
0.023948192596435547
0.02340531349182129
0.021575927734375
0.024818897247314453
0.022528409957885742
0.02236771583557129
0.023485660552978516
0.02136397361755371
0.029560565948486328
0.023624897003173828
