1.058326005935669
1.028836727142334
1.0343284606933594
1.0335662364959717
1.0316712856292725
1.0231494903564453
1.0257580280303955
1.0270891189575195
1.0286142826080322
1.0453341007232666
1.0401146411895752
1.0289595127105713
1.0326991081237793
1.0290424823760986
1.0348732471466064
1.0294289588928223
1.0326690673828125
1.035372018814087
1.0292165279388428
1.0320277214050293
1.026399850845337
1.0272068977355957
1.0319621562957764
1.0342750549316406
1.0340840816497803
1.024601936340332
1.0326564311981201
1.0285115242004395
1.0292580127716064
1.0301144123077393
1.043412446975708
1.0382742881774902
1.031553030014038
1.0340490341186523
1.0290937423706055
1.032576322555542
1.0260646343231201
1.033036708831787
1.0340149402618408
1.0300400257110596
1.0301833152770996
1.0339791774749756
1.0292332172393799
1.037200927734375
1.0273213386535645
1.0319759845733643
1.024970293045044
1.0334086418151855
1.0332045555114746
1.0337848663330078
