0.03805875778198242
0.02880406379699707
0.0239412784576416
0.024281740188598633
0.026261568069458008
0.024325132369995117
0.023813962936401367
0.023665904998779297
0.02679300308227539
0.025441646575927734
0.027211666107177734
0.026380062103271484
0.030736684799194336
0.024410009384155273
0.026604175567626953
0.026364564895629883
0.023956298828125
0.02440023422241211
0.02481555938720703
0.025091886520385742
0.025186538696289062
0.028181791305541992
0.024343490600585938
0.03259682655334473
0.027613401412963867
0.03046441078186035
0.02800607681274414
0.028043031692504883
0.028960704803466797
0.026473045349121094
0.02408742904663086
0.02574324607849121
0.027774333953857422
0.028163433074951172
0.025666236877441406
0.028858423233032227
0.028207778930664062
0.032694101333618164
0.029596805572509766
0.026895999908447266
0.02697443962097168
0.02549910545349121
0.024887800216674805
0.023926496505737305
0.026119232177734375
0.02555704116821289
0.02602696418762207
0.02486729621887207
0.02761673927307129
0.02701854705810547
