0.04201030731201172
0.023005247116088867
0.02157306671142578
0.021510839462280273
0.021916866302490234
0.025244951248168945
0.030328989028930664
0.02183055877685547
0.02145528793334961
0.03025078773498535
0.023104429244995117
0.021431684494018555
0.026787996292114258
0.02327442169189453
0.03811836242675781
0.023452043533325195
0.02513432502746582
0.024203062057495117
0.022011280059814453
0.021600008010864258
0.02276921272277832
0.024099111557006836
0.023106813430786133
0.02297687530517578
0.022782325744628906
0.025284528732299805
0.02288198471069336
0.022283554077148438
0.022741079330444336
0.027392864227294922
0.02225327491760254
0.023442745208740234
0.021548032760620117
0.027266263961791992
0.022132396697998047
0.02537822723388672
0.023573875427246094
0.023953914642333984
0.02212047576904297
0.023085355758666992
0.022623777389526367
0.02152252197265625
0.023751020431518555
0.022896766662597656
0.02280592918395996
0.02176833152770996
0.02327895164489746
0.021266460418701172
0.0219271183013916
0.022031068801879883
