0.025664806365966797
0.02502608299255371
0.025897502899169922
0.025947093963623047
0.026608943939208984
0.028973102569580078
0.02412700653076172
0.026624202728271484
0.025714635848999023
0.024040937423706055
0.02487945556640625
0.024512052536010742
0.0234067440032959
0.02379775047302246
0.024666786193847656
0.024166107177734375
0.026314496994018555
0.024823427200317383
0.027918100357055664
0.02494668960571289
0.022764205932617188
0.02598118782043457
0.02675795555114746
0.024800539016723633
0.02449488639831543
0.023977279663085938
0.027655363082885742
0.024684667587280273
0.025429487228393555
0.025481462478637695
0.025452375411987305
0.02532362937927246
0.025670766830444336
0.024654626846313477
0.026658296585083008
0.02722787857055664
0.026152372360229492
0.02752065658569336
0.02651071548461914
0.028295278549194336
0.023755550384521484
0.024129629135131836
0.025532960891723633
0.02739739418029785
0.023639202117919922
0.02507638931274414
0.02390003204345703
0.023548364639282227
0.027440547943115234
0.028592586517333984
