0.10663270950317383
0.03305459022521973
0.03599834442138672
0.03382730484008789
0.04089856147766113
0.061815500259399414
0.037816524505615234
0.03438520431518555
0.049417972564697266
0.031894683837890625
0.03769207000732422
0.03125429153442383
0.037999629974365234
0.049764394760131836
0.03761720657348633
0.039667606353759766
0.04403519630432129
0.03800344467163086
0.03734874725341797
0.036717891693115234
0.03368711471557617
0.05913400650024414
0.03723549842834473
0.04632902145385742
0.03505420684814453
0.04047203063964844
0.04132366180419922
0.041950225830078125
0.03197431564331055
0.03488731384277344
0.03449106216430664
0.034804344177246094
0.033544063568115234
0.03980612754821777
0.03710603713989258
0.03589057922363281
0.04531264305114746
0.037769317626953125
0.03978991508483887
0.03466176986694336
0.04397296905517578
0.039087772369384766
0.037545204162597656
0.0406651496887207
0.03260445594787598
0.039228200912475586
0.036956071853637695
0.04573392868041992
0.033905744552612305
0.04745936393737793
