1.0372438430786133
0.47156691551208496
0.13378620147705078
0.10506439208984375
0.1496295928955078
0.08144426345825195
0.1781778335571289
0.12310910224914551
0.08497762680053711
0.06464838981628418
0.12221288681030273
0.11062455177307129
0.18629145622253418
0.09109783172607422
0.3636918067932129
0.0598757266998291
0.1965944766998291
0.054628849029541016
0.21663761138916016
0.17674469947814941
0.09725189208984375
0.08673667907714844
0.11026310920715332
0.11727786064147949
0.07685518264770508
0.06476092338562012
0.1342296600341797
0.10243916511535645
0.10267519950866699
0.14243292808532715
0.08531594276428223
0.17240428924560547
0.10280585289001465
0.11392498016357422
0.25763702392578125
0.18753790855407715
0.06435489654541016
0.18543696403503418
0.05690622329711914
0.08996868133544922
0.3832969665527344
0.07719945907592773
0.17348432540893555
0.22672724723815918
0.17193198204040527
0.1418905258178711
0.0941157341003418
0.22362375259399414
0.10265707969665527
0.08608722686767578
