0.03674817085266113
0.02471446990966797
0.024766921997070312
0.02410745620727539
0.0274505615234375
0.024602413177490234
0.024617910385131836
0.026487112045288086
0.026586294174194336
0.027304410934448242
0.027608394622802734
0.026610612869262695
0.02464604377746582
0.02454066276550293
0.024780988693237305
0.032640933990478516
0.02542901039123535
0.027932167053222656
0.026762723922729492
0.028790712356567383
0.02644824981689453
0.0247952938079834
0.025336265563964844
0.024456024169921875
0.026563405990600586
0.024021625518798828
0.025186777114868164
0.025941133499145508
0.024613618850708008
0.024259567260742188
0.026219606399536133
0.028139114379882812
0.027423381805419922
0.028420209884643555
0.02824115753173828
0.02558422088623047
0.03366255760192871
0.024280786514282227
0.02535867691040039
0.024089574813842773
0.027141809463500977
0.02792668342590332
0.026209354400634766
0.026578187942504883
0.028198719024658203
0.024004220962524414
0.025963306427001953
0.026458024978637695
0.025485754013061523
0.030046463012695312
