0.0286557674407959
0.022992610931396484
0.022648096084594727
0.021636009216308594
0.023561954498291016
0.02222442626953125
0.023208141326904297
0.02327132225036621
0.02707386016845703
0.024885177612304688
0.02241992950439453
0.023653268814086914
0.02305889129638672
0.022335290908813477
0.031946420669555664
0.025037288665771484
0.025463342666625977
0.028845548629760742
0.023136615753173828
0.023296356201171875
0.022756099700927734
0.02322697639465332
0.02519822120666504
0.023407459259033203
0.028035879135131836
0.02396368980407715
0.02203369140625
0.02238917350769043
0.021516084671020508
0.02202153205871582
0.02157878875732422
0.024387836456298828
0.023306608200073242
0.022299766540527344
0.02306222915649414
0.02320075035095215
0.022727489471435547
0.023821592330932617
0.024702787399291992
0.02295374870300293
0.022130727767944336
0.023578405380249023
0.02254319190979004
0.02344536781311035
0.023301124572753906
0.02758026123046875
0.022437334060668945
0.02797675132751465
0.022121429443359375
0.02381110191345215
