0.18384122848510742
0.03682398796081543
0.04123520851135254
0.05998945236206055
0.03887057304382324
0.04363441467285156
0.035521507263183594
0.05000638961791992
0.032959699630737305
0.032610416412353516
0.03172039985656738
0.03771257400512695
0.034224748611450195
0.04793047904968262
0.03588747978210449
0.05010676383972168
0.042720794677734375
0.03299856185913086
0.044920921325683594
0.04322052001953125
0.04194951057434082
0.03930020332336426
0.03263592720031738
0.04426097869873047
0.03563976287841797
0.04343986511230469
0.05070972442626953
0.03560996055603027
0.03864264488220215
0.041303396224975586
0.03844571113586426
0.04206967353820801
0.037728071212768555
0.03948569297790527
0.036145687103271484
0.03413653373718262
0.032113075256347656
0.036238670349121094
0.0348052978515625
0.034302473068237305
0.04192662239074707
0.03776717185974121
0.03345489501953125
0.0563054084777832
0.03656768798828125
0.03300809860229492
0.0394895076751709
0.039237260818481445
0.04897642135620117
0.033795833587646484
