0.03477954864501953
0.02410125732421875
0.02228569984436035
0.02220296859741211
0.024071216583251953
0.02274465560913086
0.026423215866088867
0.023911476135253906
0.02285289764404297
0.02886676788330078
0.03287863731384277
0.02424764633178711
0.029981136322021484
0.02173447608947754
0.027476787567138672
0.022155284881591797
0.022030353546142578
0.022329330444335938
0.023494720458984375
0.026881933212280273
0.022792339324951172
0.0217132568359375
0.022291898727416992
0.023557662963867188
0.023401498794555664
0.022237062454223633
0.02310800552368164
0.02393317222595215
0.02329397201538086
0.026426076889038086
0.02394843101501465
0.022608518600463867
0.029809951782226562
0.023996353149414062
0.022548437118530273
0.022669076919555664
0.022303104400634766
0.024082660675048828
0.022382259368896484
0.0238494873046875
0.02494192123413086
0.022937297821044922
0.02350926399230957
0.025189876556396484
0.024946212768554688
0.025712966918945312
0.021612882614135742
0.02192068099975586
0.02318096160888672
0.02402520179748535
