0.19446897506713867
0.05329275131225586
0.057343244552612305
0.05120730400085449
0.055358171463012695
0.054976701736450195
0.0615234375
0.05232429504394531
0.054468393325805664
0.053848981857299805
0.05273294448852539
0.0507504940032959
0.05229330062866211
0.05651974678039551
0.05205202102661133
0.053382158279418945
0.05291414260864258
0.053694963455200195
0.0561673641204834
0.050431013107299805
0.059893131256103516
0.05095100402832031
0.05528068542480469
0.0596470832824707
0.053652048110961914
0.05135488510131836
0.05266857147216797
0.05961322784423828
0.05826878547668457
0.05005025863647461
0.05694103240966797
0.06336760520935059
0.05943918228149414
0.05177640914916992
0.05057334899902344
0.05834841728210449
0.0672757625579834
0.05377769470214844
0.06063985824584961
0.05715155601501465
0.05245351791381836
0.052634239196777344
0.0566554069519043
0.050846099853515625
0.062473297119140625
0.05558586120605469
0.057779550552368164
0.05663943290710449
0.054373741149902344
0.06176567077636719
