0.026724815368652344
0.02672100067138672
0.025645017623901367
0.023789405822753906
0.023442506790161133
0.026181459426879883
0.02492070198059082
0.02745223045349121
0.02672600746154785
0.02660369873046875
0.023867130279541016
0.02492547035217285
0.02483510971069336
0.028583049774169922
0.0251922607421875
0.025023460388183594
0.02299022674560547
0.02543473243713379
0.027320146560668945
0.027985811233520508
0.024094104766845703
0.026509761810302734
0.024611711502075195
0.023488521575927734
0.025310993194580078
0.03430771827697754
0.02289128303527832
0.026844501495361328
0.025699377059936523
0.03201651573181152
0.02691030502319336
0.02493572235107422
0.024843931198120117
0.024378299713134766
0.026959657669067383
0.024599790573120117
0.028399229049682617
0.024875879287719727
0.024411916732788086
0.024034500122070312
0.027155637741088867
0.02496957778930664
0.02445077896118164
0.026184558868408203
0.02424478530883789
0.0284726619720459
0.024451017379760742
0.023792505264282227
0.025018692016601562
0.025394201278686523
