0.04341912269592285
0.022107362747192383
0.021767616271972656
0.022034645080566406
0.022324562072753906
0.027814865112304688
0.024717092514038086
0.025072097778320312
0.023317813873291016
0.02757120132446289
0.024860382080078125
0.021671295166015625
0.023473739624023438
0.028121471405029297
0.021766185760498047
0.021785497665405273
0.021547317504882812
0.02155303955078125
0.0226900577545166
0.023148059844970703
0.022065401077270508
0.024264812469482422
0.021925687789916992
0.021820545196533203
0.023686647415161133
0.02793288230895996
0.02190876007080078
0.024669885635375977
0.02218008041381836
0.021934986114501953
0.0233309268951416
0.02216029167175293
0.022423744201660156
0.022463560104370117
0.02231621742248535
0.02224445343017578
0.021897077560424805
0.02532505989074707
0.022571802139282227
0.02218031883239746
0.022541284561157227
0.02252364158630371
0.0301361083984375
0.02254939079284668
0.022742509841918945
0.02239251136779785
0.030910015106201172
0.022966623306274414
0.02415180206298828
0.0232388973236084
