0.0535125732421875
0.026317119598388672
0.02418828010559082
0.025122642517089844
0.028363466262817383
0.024626970291137695
0.024018526077270508
0.023641109466552734
0.02626633644104004
0.028073787689208984
0.025546789169311523
0.026070833206176758
0.025220870971679688
0.025069713592529297
0.027734994888305664
0.032826900482177734
0.023778438568115234
0.025634050369262695
0.03384685516357422
0.026944398880004883
0.027863025665283203
0.02432417869567871
0.02788400650024414
0.025709867477416992
0.026493310928344727
0.0327908992767334
0.024721860885620117
0.025611162185668945
0.02625417709350586
0.02376389503479004
0.027195453643798828
0.02975916862487793
0.02538323402404785
0.028741121292114258
0.025389671325683594
0.026443004608154297
0.02899622917175293
0.02642965316772461
0.02823615074157715
0.02524852752685547
0.023788928985595703
0.023911476135253906
0.023738861083984375
0.027854204177856445
0.024677753448486328
0.024750947952270508
0.02423834800720215
0.025493621826171875
0.02700352668762207
0.023258447647094727
