0.027408123016357422
0.02530956268310547
0.0237424373626709
0.024902820587158203
0.025191545486450195
0.02372908592224121
0.027509450912475586
0.030519962310791016
0.026369810104370117
0.024748563766479492
0.02633523941040039
0.024736642837524414
0.024651050567626953
0.027162551879882812
0.026750802993774414
0.028388261795043945
0.02558159828186035
0.02831292152404785
0.029474258422851562
0.028282642364501953
0.02383708953857422
0.026553630828857422
0.02464890480041504
0.02613544464111328
0.03419065475463867
0.025089025497436523
0.027512073516845703
0.030603885650634766
0.033147335052490234
0.027827978134155273
0.027418851852416992
0.026555538177490234
0.02617812156677246
0.02743840217590332
0.07643890380859375
0.02647089958190918
0.027922630310058594
0.025968551635742188
0.035273075103759766
0.0262148380279541
0.028755664825439453
0.028055429458618164
0.02926182746887207
0.02526068687438965
0.025258779525756836
0.0249025821685791
0.027267932891845703
0.027619361877441406
0.023813962936401367
0.025326251983642578
