0.038556575775146484
0.02786397933959961
0.023294925689697266
0.024302005767822266
0.024634599685668945
0.025732040405273438
0.024315595626831055
0.02661871910095215
0.026523828506469727
0.02494335174560547
0.02633500099182129
0.02363443374633789
0.025356054306030273
0.026630401611328125
0.052024126052856445
0.030124664306640625
0.024345874786376953
0.027169227600097656
0.02752542495727539
0.0260469913482666
0.026666879653930664
0.02533411979675293
0.026619911193847656
0.02786540985107422
0.025507211685180664
0.026216745376586914
0.034075021743774414
0.033399105072021484
0.02877068519592285
0.024657011032104492
0.027054548263549805
0.02800130844116211
0.02787160873413086
0.02687978744506836
0.029491424560546875
0.025425434112548828
0.04191875457763672
0.02489495277404785
0.025364398956298828
0.0262448787689209
0.02918243408203125
0.029507875442504883
0.02548527717590332
0.04629182815551758
0.02481865882873535
0.02683281898498535
0.029381990432739258
0.025766611099243164
0.024426937103271484
0.02576589584350586
