0.16983985900878906
0.02413153648376465
0.030724763870239258
0.028481721878051758
0.03994297981262207
0.024988889694213867
0.027199745178222656
0.030093669891357422
0.027298450469970703
0.03241324424743652
0.027070999145507812
0.030616044998168945
0.0373837947845459
0.033594608306884766
0.02410435676574707
0.03959941864013672
0.024047374725341797
0.03271937370300293
0.030471086502075195
0.02675032615661621
0.03079962730407715
0.029268741607666016
0.030620813369750977
0.029978275299072266
0.0280914306640625
0.03903055191040039
0.04534649848937988
0.03331589698791504
0.024485349655151367
0.030955076217651367
0.03631258010864258
0.035007476806640625
0.025440216064453125
0.027336835861206055
0.028903961181640625
0.03127455711364746
0.03080439567565918
0.029004573822021484
0.028290510177612305
0.028807640075683594
0.040009498596191406
0.03400778770446777
0.034047842025756836
0.04094648361206055
0.045212507247924805
0.024971485137939453
0.03234744071960449
0.02903127670288086
0.029047489166259766
0.026862144470214844
