0.03980064392089844
0.03143024444580078
0.02519369125366211
0.024791479110717773
0.026114225387573242
0.028095245361328125
0.028725147247314453
0.028911828994750977
0.02971816062927246
0.027997493743896484
0.02726602554321289
0.025887250900268555
0.030390024185180664
0.03198719024658203
0.029735088348388672
0.03038763999938965
0.030725955963134766
0.027484893798828125
0.02712225914001465
0.02696990966796875
0.025716066360473633
0.02497696876525879
0.038405656814575195
0.026206016540527344
0.03372764587402344
0.030083894729614258
0.027707815170288086
0.030398845672607422
0.031545162200927734
0.031049489974975586
0.03429722785949707
0.030307292938232422
0.03307676315307617
0.02871847152709961
0.02654552459716797
0.029150724411010742
0.027881622314453125
0.029768705368041992
0.02872014045715332
0.028818845748901367
0.03577256202697754
0.024708032608032227
0.028742074966430664
0.025788068771362305
0.037340402603149414
0.030129671096801758
0.03467226028442383
0.027751445770263672
0.03237438201904297
0.029623985290527344
