1.0334572792053223
1.0270051956176758
1.0399868488311768
1.0264601707458496
1.042125940322876
1.0261378288269043
1.0288465023040771
1.031618356704712
1.0348446369171143
1.0316596031188965
1.0304429531097412
1.026651382446289
1.0258982181549072
1.0364224910736084
1.0315203666687012
1.02748703956604
1.0279734134674072
1.0305068492889404
1.0314509868621826
1.0309789180755615
1.0324804782867432
1.026994228363037
1.032311201095581
1.025550365447998
1.0243167877197266
1.0245041847229004
1.025634765625
1.0257856845855713
1.0335214138031006
1.0282576084136963
1.030653476715088
1.030228853225708
1.0335919857025146
1.031308889389038
0.041031837463378906
1.0299923419952393
1.0314085483551025
1.030447006225586
1.0277972221374512
1.0296692848205566
1.041358232498169
1.0288593769073486
1.0315861701965332
1.0252430438995361
1.0306518077850342
1.0309441089630127
1.0292587280273438
1.04976487159729
1.037322759628296
1.0288856029510498
