0.07354927062988281
0.032483816146850586
0.03320741653442383
0.028850555419921875
0.03207755088806152
0.031439781188964844
0.03703045845031738
0.028789520263671875
0.03020310401916504
0.044579267501831055
0.03092479705810547
0.04662895202636719
0.03336477279663086
0.029883384704589844
0.03629422187805176
0.03146696090698242
0.04184222221374512
0.03341054916381836
0.04802727699279785
0.03934597969055176
0.035863637924194336
0.034554243087768555
0.0311126708984375
0.039605140686035156
0.043027639389038086
0.03628683090209961
0.035218238830566406
0.04060935974121094
0.030837059020996094
0.032625436782836914
0.035986900329589844
0.03027200698852539
0.030314207077026367
0.034279823303222656
0.03269195556640625
0.036899566650390625
0.03517270088195801
0.0391240119934082
0.03669381141662598
0.03833460807800293
0.03748321533203125
0.03321981430053711
0.038970947265625
0.0508270263671875
0.0316927433013916
0.0366513729095459
0.03791332244873047
0.03843975067138672
0.048183441162109375
0.03382229804992676
