0.3121376037597656
0.04073739051818848
0.034494876861572266
0.03885078430175781
0.03867602348327637
0.03630232810974121
0.04367494583129883
0.035004615783691406
0.043332815170288086
0.03836822509765625
0.035961151123046875
0.03992033004760742
0.0572962760925293
0.06560754776000977
0.03894352912902832
0.040914058685302734
0.05172467231750488
0.041109323501586914
0.03800606727600098
0.047991275787353516
0.03668999671936035
0.0352327823638916
0.06324648857116699
0.05099654197692871
0.04329562187194824
0.043354034423828125
0.052548885345458984
0.04590415954589844
0.03643226623535156
0.03728532791137695
0.040719032287597656
0.04011058807373047
0.04781508445739746
0.047669410705566406
0.03953862190246582
0.05277109146118164
0.06727814674377441
0.07203555107116699
0.06814694404602051
0.045439720153808594
0.049304962158203125
0.037994384765625
0.04530167579650879
0.051989078521728516
0.04189872741699219
0.037088871002197266
0.04015755653381348
0.041861534118652344
0.04563117027282715
0.040917158126831055
