0.4140207767486572
0.059654951095581055
0.045882225036621094
0.03987860679626465
0.04033660888671875
0.057994842529296875
0.04683494567871094
0.05493330955505371
0.04968667030334473
0.053107261657714844
0.056424617767333984
0.04133939743041992
0.05812859535217285
0.04232358932495117
0.06301403045654297
0.05399632453918457
0.05303812026977539
0.04649639129638672
0.04450798034667969
0.043643951416015625
0.05119943618774414
0.04785275459289551
0.04810357093811035
0.0533750057220459
0.04419827461242676
0.04542279243469238
0.04481816291809082
0.04783511161804199
0.05718278884887695
0.05218076705932617
0.05167365074157715
0.049127817153930664
0.05891847610473633
0.051786184310913086
0.0511326789855957
0.044489145278930664
0.04388570785522461
0.05503225326538086
0.04701852798461914
0.04858899116516113
0.06329202651977539
0.0475008487701416
0.05460667610168457
0.05464816093444824
0.04424715042114258
0.05379033088684082
0.052874088287353516
0.04322028160095215
0.06449103355407715
0.04754209518432617
