0.03368020057678223
0.023220062255859375
0.022059917449951172
0.028609275817871094
0.03101634979248047
0.02188563346862793
0.022806406021118164
0.02355217933654785
0.02192854881286621
0.027152061462402344
0.02402019500732422
0.022594451904296875
0.029066801071166992
0.022242307662963867
0.021633625030517578
0.02317070960998535
0.02782583236694336
0.022929906845092773
0.022495269775390625
0.024243593215942383
0.030888080596923828
0.022126436233520508
0.021860599517822266
0.024447917938232422
0.021921873092651367
0.022296428680419922
0.024726152420043945
0.025300025939941406
0.02259683609008789
0.022220849990844727
0.022504806518554688
0.024371862411499023
0.0280611515045166
0.027850627899169922
0.028182268142700195
0.025457382202148438
0.0242002010345459
0.02240729331970215
0.023909330368041992
0.02115321159362793
0.022869586944580078
0.023127317428588867
0.022787094116210938
0.02196216583251953
0.02176523208618164
0.02386641502380371
0.021955013275146484
0.022080659866333008
0.02355670928955078
0.024883270263671875
