0.055489301681518555
0.04886126518249512
0.04605603218078613
0.05962347984313965
0.05369400978088379
0.045514583587646484
0.053385257720947266
0.04572939872741699
0.04607248306274414
0.049323320388793945
0.04633474349975586
0.050215721130371094
0.0508732795715332
0.04988241195678711
0.04897642135620117
0.04858231544494629
0.047826290130615234
0.04953289031982422
0.049468278884887695
0.05034160614013672
0.04485177993774414
0.04875636100769043
0.04542207717895508
0.043708086013793945
0.04780697822570801
0.04702949523925781
0.04570198059082031
0.04751133918762207
0.04741716384887695
0.046173810958862305
0.0434422492980957
0.04797029495239258
0.04597902297973633
0.04654669761657715
0.04584217071533203
0.045070648193359375
0.0484163761138916
0.04581165313720703
0.050006866455078125
0.0491940975189209
0.04709959030151367
0.04608941078186035
0.0496678352355957
0.04722332954406738
0.05081605911254883
0.04802823066711426
0.05153179168701172
0.04867744445800781
0.047151803970336914
0.04519033432006836
