0.025153636932373047
0.02200007438659668
0.023632287979125977
0.02188563346862793
0.02200603485107422
0.022794246673583984
0.02303147315979004
0.02180171012878418
0.0239107608795166
0.022548675537109375
0.02534008026123047
0.022418737411499023
0.02641010284423828
0.022327184677124023
0.026126384735107422
0.024944067001342773
0.021692514419555664
0.021692514419555664
0.025504589080810547
0.022756576538085938
0.024965524673461914
0.021669626235961914
0.0229642391204834
0.023912429809570312
0.025269269943237305
0.02187633514404297
0.02324986457824707
0.02271723747253418
0.02208256721496582
0.023145437240600586
0.022536039352416992
0.022857189178466797
0.021932125091552734
0.02356410026550293
0.02339768409729004
0.022774219512939453
0.022368192672729492
0.023579120635986328
0.02480149269104004
0.022628307342529297
0.023213624954223633
0.021797895431518555
0.02293992042541504
0.023118019104003906
0.03438210487365723
0.025434494018554688
0.02195429801940918
0.022653818130493164
0.025845766067504883
0.022638559341430664
