0.17206907272338867
0.03511381149291992
0.025825977325439453
0.024068355560302734
0.03963637351989746
0.04579758644104004
0.02660655975341797
0.02615976333618164
0.02750706672668457
0.025549650192260742
0.030573368072509766
0.04311203956604004
0.02709484100341797
0.03235602378845215
0.02941608428955078
0.029754638671875
0.02663397789001465
0.023705720901489258
0.02776479721069336
0.026118755340576172
0.028228759765625
0.025399208068847656
0.030832767486572266
0.025779247283935547
0.030272960662841797
0.025660991668701172
0.028501033782958984
0.03839278221130371
0.037172555923461914
0.0282895565032959
0.03050541877746582
0.02788686752319336
0.02909231185913086
0.027003765106201172
0.02808094024658203
0.027243614196777344
0.033901214599609375
0.030614376068115234
0.027974605560302734
0.02824544906616211
0.029482126235961914
0.0319211483001709
0.035807132720947266
0.029898405075073242
0.0369722843170166
0.028067350387573242
0.03157353401184082
0.03955984115600586
0.03126406669616699
0.03355598449707031
