0.043795108795166016
0.0251922607421875
0.02170085906982422
0.021755695343017578
0.02200460433959961
0.022408485412597656
0.021661043167114258
0.023006916046142578
0.02741241455078125
0.024343252182006836
0.033553361892700195
0.02869439125061035
0.03175091743469238
0.02576279640197754
0.023238182067871094
0.02466583251953125
0.022687196731567383
0.021483421325683594
0.02349567413330078
0.022758960723876953
0.02326798439025879
0.02684330940246582
0.02225518226623535
0.028409242630004883
0.022751569747924805
0.022377967834472656
0.022370338439941406
0.024297475814819336
0.03105640411376953
0.02172112464904785
0.022242307662963867
0.027325153350830078
0.02237701416015625
0.021758079528808594
0.02522134780883789
0.022402286529541016
0.02235555648803711
0.02348470687866211
0.02279496192932129
0.02308034896850586
0.022910594940185547
0.023516416549682617
0.023413658142089844
0.02208566665649414
0.029844284057617188
0.031384944915771484
0.02761244773864746
0.02284836769104004
0.023434877395629883
0.023224592208862305
