0.15512466430664062
0.03780245780944824
0.04415297508239746
0.038195133209228516
0.03905844688415527
0.03922605514526367
0.04007840156555176
0.050208330154418945
0.034800052642822266
0.04257988929748535
0.05692768096923828
0.0340573787689209
0.05058145523071289
0.03961968421936035
0.03281235694885254
0.03798270225524902
0.036862850189208984
0.035219430923461914
0.04937934875488281
0.03374648094177246
0.039220333099365234
0.03624296188354492
0.04212450981140137
0.04760169982910156
0.03612923622131348
0.03513765335083008
0.04911661148071289
0.05122518539428711
0.04658675193786621
0.06210803985595703
0.042108774185180664
0.03621268272399902
0.037821292877197266
0.03725004196166992
0.05368852615356445
0.03736424446105957
0.07390666007995605
0.037535905838012695
0.034474849700927734
0.04103589057922363
0.04164910316467285
0.04270029067993164
0.034984588623046875
0.04914045333862305
0.04262590408325195
0.05079460144042969
0.037757158279418945
0.036676883697509766
0.055624961853027344
0.03954625129699707
