0.05986166000366211
0.029763221740722656
0.02517533302307129
0.03206157684326172
0.027298927307128906
0.030174970626831055
0.034725189208984375
0.02846527099609375
0.03122854232788086
0.03232932090759277
0.02494525909423828
0.03324627876281738
0.03933548927307129
0.026516199111938477
0.027440547943115234
0.027626991271972656
0.029682159423828125
0.03379487991333008
0.029671669006347656
0.02575063705444336
0.026160717010498047
0.02606511116027832
0.028838634490966797
0.03187298774719238
0.0317075252532959
0.028275489807128906
0.03395962715148926
0.030378103256225586
0.0366666316986084
0.03034353256225586
0.027950763702392578
0.03266429901123047
0.03155326843261719
0.029816150665283203
0.035169124603271484
0.029834508895874023
0.025832414627075195
0.02728891372680664
0.02635359764099121
0.02728438377380371
0.03239583969116211
0.030512571334838867
0.02873396873474121
0.02914905548095703
0.029745817184448242
0.027361154556274414
0.02649545669555664
0.03275632858276367
0.030043363571166992
0.03510403633117676
