0.0443572998046875
0.02579355239868164
0.026036500930786133
0.028634071350097656
0.0263063907623291
0.024176597595214844
0.02529597282409668
0.026394128799438477
0.02708125114440918
0.026376724243164062
0.023349761962890625
0.04420757293701172
0.023780345916748047
0.025849342346191406
0.025699615478515625
0.025061607360839844
0.02770543098449707
0.024084091186523438
0.025838613510131836
0.02391505241394043
0.02646803855895996
0.023862600326538086
0.026270627975463867
0.025871753692626953
0.024824142456054688
0.028349876403808594
0.02783679962158203
0.02685856819152832
0.02846550941467285
0.025267362594604492
0.029154300689697266
0.02379584312438965
0.026777029037475586
0.026452064514160156
0.025343894958496094
0.025004148483276367
0.028238296508789062
0.02491903305053711
0.0288083553314209
0.026017189025878906
0.02729344367980957
0.02612018585205078
0.02845907211303711
0.027178525924682617
0.02602982521057129
0.024303197860717773
0.02727222442626953
0.027812719345092773
0.026354074478149414
0.02754521369934082
