0.03735232353210449
0.02231740951538086
0.023407459259033203
0.02221226692199707
0.023035764694213867
0.02513265609741211
0.03731536865234375
0.02254509925842285
0.02248859405517578
0.026440143585205078
0.02362203598022461
0.023167848587036133
0.026103973388671875
0.023468971252441406
0.02677464485168457
0.0241546630859375
0.02727031707763672
0.022714614868164062
0.023232460021972656
0.023221492767333984
0.03029656410217285
0.02522110939025879
0.025431394577026367
0.022628068923950195
0.025640249252319336
0.02665114402770996
0.024823427200317383
0.02549266815185547
0.02957940101623535
0.022270679473876953
0.0229647159576416
0.021990299224853516
0.026214122772216797
0.023945093154907227
0.022040367126464844
0.022373437881469727
0.022300004959106445
0.023123979568481445
0.02218914031982422
0.02839517593383789
0.027461528778076172
0.02686619758605957
0.02593541145324707
0.025272130966186523
0.02557373046875
0.027487993240356445
0.027444124221801758
0.028693199157714844
0.022216796875
0.02704930305480957
