0.03375816345214844
0.022936582565307617
0.024482011795043945
0.02404022216796875
0.022834300994873047
0.021830081939697266
0.024953603744506836
0.022130489349365234
0.02225327491760254
0.022768735885620117
0.021305084228515625
0.02771306037902832
0.02730250358581543
0.027759075164794922
0.02188420295715332
0.02463698387145996
0.022465944290161133
0.021614789962768555
0.022325515747070312
0.022135496139526367
0.021350860595703125
0.02237391471862793
0.021974563598632812
0.023831844329833984
0.02685260772705078
0.025667190551757812
0.021755456924438477
0.023767471313476562
0.023661136627197266
0.024482011795043945
0.022436141967773438
0.02196359634399414
0.021990299224853516
0.021921634674072266
0.0320439338684082
0.022234678268432617
0.02205491065979004
0.02327108383178711
0.023445606231689453
0.022463560104370117
0.02210092544555664
0.025314807891845703
0.0233461856842041
0.02228689193725586
0.022885799407958984
0.022968053817749023
0.023790359497070312
0.023383378982543945
0.0256500244140625
0.02767324447631836
