0.037386417388916016
0.02814793586730957
0.027246713638305664
0.03285813331604004
0.029406309127807617
0.025592803955078125
0.026389598846435547
0.025810956954956055
0.025954008102416992
0.029882192611694336
0.028443336486816406
0.023709774017333984
0.025648832321166992
0.025750160217285156
0.02463507652282715
0.030270814895629883
0.025921344757080078
0.023561716079711914
0.027734994888305664
0.02723526954650879
0.026207685470581055
0.02410745620727539
0.025427579879760742
0.024582386016845703
0.024312496185302734
0.02382636070251465
0.026241779327392578
0.02512979507446289
0.024831533432006836
0.026261091232299805
0.026398897171020508
0.02721428871154785
0.03083658218383789
0.02645254135131836
0.026158809661865234
0.027832508087158203
0.02871227264404297
0.025010108947753906
0.024451017379760742
0.023757457733154297
0.024521827697753906
0.027376413345336914
0.02716374397277832
0.02609729766845703
0.025415420532226562
0.027765512466430664
0.026721477508544922
0.030428647994995117
0.025663137435913086
0.02424001693725586
