0.0349431037902832
0.027927875518798828
0.026436805725097656
0.024161338806152344
0.032672882080078125
0.02777838706970215
0.025244474411010742
0.03531789779663086
0.027385234832763672
0.025777101516723633
0.02461862564086914
0.024878263473510742
0.024160385131835938
0.025791645050048828
0.024034500122070312
0.02514052391052246
0.029819726943969727
0.02398228645324707
0.024290800094604492
0.024681568145751953
0.023665189743041992
0.02739429473876953
0.02412581443786621
0.023965835571289062
0.026389360427856445
0.025773286819458008
0.024891376495361328
0.02589702606201172
0.028157949447631836
0.024379491806030273
0.029369354248046875
0.02555537223815918
0.02368927001953125
0.027846813201904297
0.02687215805053711
0.0244748592376709
0.028428316116333008
0.028668880462646484
0.03203701972961426
0.024941205978393555
0.024498462677001953
0.024767398834228516
0.02683258056640625
0.025694608688354492
0.026735782623291016
0.024930715560913086
0.02549457550048828
0.0322110652923584
0.023962974548339844
0.02407240867614746
