1.2595555782318115
0.8999674320220947
1.0289287567138672
1.0318410396575928
1.0338342189788818
1.030484914779663
1.0252032279968262
1.031900405883789
1.033215045928955
0.04104018211364746
1.0355708599090576
1.0350916385650635
1.0269405841827393
1.0318498611450195
1.031104326248169
1.0339686870574951
1.0296735763549805
1.0299923419952393
1.0352210998535156
1.0359628200531006
1.0289251804351807
1.0233426094055176
1.0444269180297852
1.0282208919525146
1.0399112701416016
1.029336929321289
1.0293073654174805
1.0296258926391602
1.0293951034545898
1.0340392589569092
1.034278392791748
1.0292956829071045
1.0266010761260986
1.0298759937286377
1.0379087924957275
1.0290806293487549
1.0287108421325684
1.0356440544128418
1.027644395828247
1.0334150791168213
1.025782823562622
1.030803918838501
1.0284509658813477
1.1047217845916748
1.0261600017547607
1.0264911651611328
1.0268468856811523
1.0344929695129395
1.0351190567016602
1.0264942646026611
