0.05044102668762207
0.029935836791992188
0.041858673095703125
0.02794933319091797
0.030098915100097656
0.027829885482788086
0.031569480895996094
0.028241634368896484
0.03661394119262695
0.04428672790527344
0.028523683547973633
0.03431200981140137
0.0328211784362793
0.028356075286865234
0.04582524299621582
0.02897477149963379
0.04095029830932617
0.02876901626586914
0.04087948799133301
0.029998302459716797
0.031215190887451172
0.031625986099243164
0.036623239517211914
0.03466296195983887
0.033119916915893555
0.031279802322387695
0.04405975341796875
0.05721783638000488
0.03159475326538086
0.03455209732055664
0.03006911277770996
0.04051065444946289
0.03477287292480469
0.039400339126586914
0.03133845329284668
0.032450199127197266
0.03298473358154297
0.03526735305786133
0.02902984619140625
0.042469024658203125
0.029037952423095703
0.02938246726989746
0.03158712387084961
0.03995919227600098
0.03272271156311035
0.032179832458496094
0.030886411666870117
0.03097844123840332
0.04331707954406738
0.038411855697631836
