0.025948286056518555
0.025458812713623047
0.02193164825439453
0.02291703224182129
0.02427387237548828
0.023731470108032227
0.023368358612060547
0.025009870529174805
0.021856069564819336
0.022126197814941406
0.02230358123779297
0.02270674705505371
0.023059368133544922
0.024132490158081055
0.022529125213623047
0.022734403610229492
0.022583484649658203
0.02411627769470215
0.02350163459777832
0.027513742446899414
0.023040294647216797
0.037446022033691406
0.022400617599487305
0.0293426513671875
0.023057937622070312
0.026188135147094727
0.024451017379760742
0.025326967239379883
0.02562403678894043
0.027251243591308594
0.02183246612548828
0.02437281608581543
0.024246692657470703
0.022397994995117188
0.02278280258178711
0.02184748649597168
0.023207902908325195
0.023204803466796875
0.022755861282348633
0.02150130271911621
0.022068500518798828
0.024092435836791992
0.02876114845275879
0.022588014602661133
0.023835182189941406
0.02421283721923828
0.02332472801208496
0.02278923988342285
0.02231740951538086
0.022555828094482422
