0.03589510917663574
0.028306961059570312
0.035928964614868164
0.030452489852905273
0.029795408248901367
0.026998519897460938
0.033344268798828125
0.025832414627075195
0.026532888412475586
0.028603792190551758
0.029529571533203125
0.029488086700439453
0.029103517532348633
0.030771493911743164
0.03270387649536133
0.026979446411132812
0.03138399124145508
0.030925750732421875
0.03222799301147461
0.03069329261779785
0.0322418212890625
0.029684782028198242
0.030082225799560547
0.027976274490356445
0.02819347381591797
0.028145790100097656
0.027429580688476562
0.026134490966796875
0.029217004776000977
0.033167362213134766
0.031638145446777344
0.02689838409423828
0.029915332794189453
0.03328967094421387
0.029537200927734375
0.027411937713623047
0.03811526298522949
0.029833316802978516
0.028855323791503906
0.031658172607421875
0.02866840362548828
0.028403282165527344
0.0291597843170166
0.02759575843811035
0.03211092948913574
0.028400421142578125
0.02958536148071289
0.03446006774902344
0.027461528778076172
0.03206300735473633
