0.12276625633239746
0.052724599838256836
0.11922764778137207
0.04229736328125
0.03851032257080078
0.04248499870300293
0.05687427520751953
0.04533958435058594
0.049664974212646484
0.04451179504394531
0.06330585479736328
0.0491938591003418
0.06661868095397949
0.05148959159851074
0.06733584403991699
0.12208819389343262
0.11003375053405762
0.1097097396850586
0.0656745433807373
0.04629254341125488
0.10233068466186523
0.05784273147583008
0.049886465072631836
0.06445956230163574
0.06847214698791504
0.22917389869689941
0.07659769058227539
0.07910990715026855
0.04975271224975586
0.05016756057739258
0.11057567596435547
0.05059504508972168
0.047441720962524414
0.044097900390625
0.06359624862670898
0.13483786582946777
0.07716774940490723
0.0578458309173584
0.1098775863647461
0.5099434852600098
0.06899452209472656
0.17624974250793457
0.04797506332397461
0.1833174228668213
0.07691025733947754
0.058751821517944336
0.8369297981262207
1.0511550903320312
1.0301873683929443
1.0304605960845947
