0.04990100860595703
0.03949928283691406
0.03255724906921387
0.0365903377532959
0.03605365753173828
0.03422665596008301
0.035114288330078125
0.03691554069519043
0.040120601654052734
0.03807854652404785
0.03227519989013672
0.047673940658569336
0.03959941864013672
0.03425192832946777
0.03264594078063965
0.035599470138549805
0.03229522705078125
0.03491950035095215
0.03806900978088379
0.03442716598510742
0.03390669822692871
0.04218459129333496
0.03514719009399414
0.03978276252746582
0.03464174270629883
0.039457082748413086
0.03645181655883789
0.052597999572753906
0.039923667907714844
0.036405086517333984
0.04181814193725586
0.03771829605102539
0.035642385482788086
0.03419780731201172
0.03607463836669922
0.03983354568481445
0.0368657112121582
0.03657269477844238
0.032375335693359375
0.032694339752197266
0.03882098197937012
0.03587818145751953
0.03801107406616211
0.042418479919433594
0.032819509506225586
0.036127328872680664
0.033522605895996094
0.03862810134887695
0.036164045333862305
0.05114269256591797
