0.4820120334625244
0.42208194732666016
0.086578369140625
0.06844520568847656
0.03997993469238281
0.061696529388427734
0.04990196228027344
0.04099225997924805
0.04429483413696289
0.08861041069030762
0.06192350387573242
0.051522254943847656
0.10790729522705078
0.0553131103515625
0.08416128158569336
0.23206186294555664
0.09763336181640625
0.04288148880004883
0.046962738037109375
0.0467076301574707
0.0614926815032959
0.05530953407287598
0.09372210502624512
0.08330440521240234
0.0437319278717041
0.056098222732543945
0.06705999374389648
0.11503410339355469
0.11713624000549316
0.06087040901184082
0.05072736740112305
0.10845780372619629
0.04607272148132324
0.1663501262664795
0.08616757392883301
0.09612083435058594
0.06952309608459473
0.2993340492248535
0.3029470443725586
0.04213094711303711
0.06014227867126465
0.13063454627990723
0.09228515625
1.026390552520752
1.0293667316436768
1.0271522998809814
1.0274879932403564
1.0266785621643066
1.0288782119750977
1.034118413925171
