0.2317979335784912
0.03902149200439453
0.03705120086669922
0.04155611991882324
0.04324698448181152
0.060056209564208984
0.03631186485290527
0.03295087814331055
0.0382077693939209
0.03686213493347168
0.052962541580200195
0.03789854049682617
0.033267974853515625
0.04674720764160156
0.0388185977935791
0.04570913314819336
0.04015374183654785
0.0542600154876709
0.04432868957519531
0.037384748458862305
0.03688669204711914
0.04431319236755371
0.03627729415893555
0.045691728591918945
0.0398869514465332
0.048711299896240234
0.046975135803222656
0.03917956352233887
0.03847861289978027
0.044619083404541016
0.041176795959472656
0.04005718231201172
0.039345741271972656
0.037194013595581055
0.0373227596282959
0.036725759506225586
0.057378292083740234
0.03818559646606445
0.03509855270385742
0.03846120834350586
0.037043094635009766
0.04039335250854492
0.039319753646850586
0.08903717994689941
0.05928921699523926
0.05759906768798828
0.03698253631591797
0.04140424728393555
0.09514379501342773
0.04354357719421387
