0.05323958396911621
0.030985116958618164
0.029227018356323242
0.029495954513549805
0.026800870895385742
0.03849601745605469
0.029086589813232422
0.02919626235961914
0.026784181594848633
0.0322880744934082
0.03442692756652832
0.026730775833129883
0.025767803192138672
0.02665567398071289
0.033308982849121094
0.03476285934448242
0.031531572341918945
0.0403132438659668
0.03144359588623047
0.028428077697753906
0.04593801498413086
0.031118154525756836
0.02870321273803711
0.028324365615844727
0.02944016456604004
0.04103970527648926
0.028494596481323242
0.03052353858947754
0.0274813175201416
0.0301666259765625
0.030205488204956055
0.027318477630615234
0.028746843338012695
0.029647350311279297
0.03004598617553711
0.028081417083740234
0.03272438049316406
0.030515193939208984
0.03128623962402344
0.038631439208984375
0.03249478340148926
0.027149438858032227
0.03290200233459473
0.029019594192504883
0.026487112045288086
0.029857873916625977
0.028548479080200195
0.031670331954956055
0.026844024658203125
0.028653860092163086
