0.029584646224975586
0.023575305938720703
0.026957988739013672
0.03455471992492676
0.024681806564331055
0.04232287406921387
0.028183698654174805
0.026057958602905273
0.026780128479003906
0.025545835494995117
0.024644136428833008
0.024088382720947266
0.024701833724975586
0.023419857025146484
0.026648759841918945
0.023410320281982422
0.02515697479248047
0.027451515197753906
0.028101205825805664
0.02626204490661621
0.0252230167388916
0.025549888610839844
0.025531530380249023
0.028392314910888672
0.03119802474975586
0.02642822265625
0.025928020477294922
0.027182817459106445
0.02604389190673828
0.026156902313232422
0.028168439865112305
0.028226613998413086
0.024825572967529297
0.026623249053955078
0.025887012481689453
0.027831077575683594
0.027384281158447266
0.03595304489135742
0.025649547576904297
0.025418996810913086
0.02537059783935547
0.02936697006225586
0.026065587997436523
0.026489734649658203
0.028250932693481445
0.024506092071533203
0.02854132652282715
0.024173259735107422
0.02418661117553711
0.028030872344970703
