0.05789041519165039
0.02674579620361328
0.02869701385498047
0.03100442886352539
0.029549598693847656
0.029991865158081055
0.03351616859436035
0.030072450637817383
0.03398633003234863
0.02616119384765625
0.029272794723510742
0.027461767196655273
0.03162813186645508
0.02794337272644043
0.0347747802734375
0.0292050838470459
0.027946949005126953
0.02980637550354004
0.03266787528991699
0.03859519958496094
0.029402494430541992
0.038038015365600586
0.0363163948059082
0.030153751373291016
0.027112483978271484
0.028056859970092773
0.02945542335510254
0.033550262451171875
0.03159451484680176
0.03153800964355469
0.036406755447387695
0.03612518310546875
0.03982377052307129
0.03943610191345215
0.027536392211914062
0.03181147575378418
0.031009435653686523
0.035750627517700195
0.03841876983642578
0.03483271598815918
0.0279543399810791
0.03975939750671387
0.03639674186706543
0.02958083152770996
0.029413461685180664
0.028100967407226562
0.029834270477294922
0.030481815338134766
0.029445648193359375
0.030187368392944336
