0.3253936767578125
0.04404807090759277
0.041089773178100586
0.03575873374938965
0.04427528381347656
0.038356781005859375
0.033025264739990234
0.04578971862792969
0.05762600898742676
0.034917354583740234
0.03614616394042969
0.033811330795288086
0.04402637481689453
0.04179263114929199
0.03457307815551758
0.0431826114654541
0.05278158187866211
0.03602862358093262
0.03905320167541504
0.035158395767211914
0.04569530487060547
0.03743767738342285
0.03613018989562988
0.0384829044342041
0.04475092887878418
0.03947019577026367
0.03539443016052246
0.04629969596862793
0.038080692291259766
0.04583334922790527
0.04195880889892578
0.06158089637756348
0.040787696838378906
0.04240274429321289
0.04143548011779785
0.04499006271362305
0.03828263282775879
0.05374598503112793
0.05068516731262207
0.053984642028808594
0.039308786392211914
0.04150223731994629
0.04404258728027344
0.041010379791259766
0.03610420227050781
0.034938812255859375
0.06932282447814941
0.0402984619140625
0.03675532341003418
0.03528189659118652
