0.03130078315734863
0.03411412239074707
0.027383089065551758
0.025412797927856445
0.027238130569458008
0.02839517593383789
0.02655959129333496
0.031000137329101562
0.030141830444335938
0.029882431030273438
0.026108980178833008
0.02719569206237793
0.03323674201965332
0.02623152732849121
0.027778148651123047
0.037737131118774414
0.02839517593383789
0.029324054718017578
0.03301548957824707
0.03163766860961914
0.03417849540710449
0.034279584884643555
0.026389122009277344
0.033415794372558594
0.03170299530029297
0.030983924865722656
0.025893688201904297
0.02810382843017578
0.03480648994445801
0.030840158462524414
0.026647567749023438
0.028038978576660156
0.02561044692993164
0.026305675506591797
0.02687811851501465
0.03010702133178711
0.02731943130493164
0.029692649841308594
0.03239583969116211
0.026549816131591797
0.026075124740600586
0.028431177139282227
0.029472827911376953
0.034093379974365234
0.03375124931335449
0.02936387062072754
0.02724003791809082
0.030057907104492188
0.03273439407348633
0.029340744018554688
