0.026448726654052734
0.022585391998291016
0.022031784057617188
0.021793365478515625
0.022907018661499023
0.022962093353271484
0.0218353271484375
0.02203822135925293
0.02277660369873047
0.02235579490661621
0.022114992141723633
0.022454261779785156
0.026990652084350586
0.02156209945678711
0.023551225662231445
0.022046566009521484
0.0224001407623291
0.02325296401977539
0.022495269775390625
0.02245020866394043
0.022667884826660156
0.024018526077270508
0.021485567092895508
0.024168014526367188
0.022151947021484375
0.021515607833862305
0.02276754379272461
0.024669408798217773
0.02257561683654785
0.024468183517456055
0.026697158813476562
0.023247480392456055
0.0253603458404541
0.029109954833984375
0.026561975479125977
0.02266979217529297
0.022554636001586914
0.02230978012084961
0.02275681495666504
0.021763324737548828
0.02174091339111328
0.028684616088867188
0.023568153381347656
0.024158477783203125
0.023319482803344727
0.025219202041625977
0.022263050079345703
0.026427268981933594
0.03077077865600586
0.026028871536254883
