0.09647107124328613
0.04374432563781738
0.04555964469909668
0.038123369216918945
0.03893470764160156
0.0379488468170166
0.04726600646972656
0.03525662422180176
0.034677743911743164
0.04256033897399902
0.04178738594055176
0.03431868553161621
0.05174541473388672
0.03465628623962402
0.03941917419433594
0.06207561492919922
0.047019004821777344
0.04324173927307129
0.0374448299407959
0.05302262306213379
0.035125732421875
0.03639960289001465
0.03433108329772949
0.03483271598815918
0.03716301918029785
0.047829627990722656
0.05075407028198242
0.04945993423461914
0.03628993034362793
0.038840532302856445
0.03412938117980957
0.05071210861206055
0.03365945816040039
0.037685394287109375
0.03703427314758301
0.040582895278930664
0.03575468063354492
0.03663349151611328
0.06672906875610352
0.03481125831604004
0.03294086456298828
0.06075429916381836
0.03685784339904785
0.0491485595703125
0.05644416809082031
0.12374448776245117
0.043646812438964844
0.0393671989440918
0.03667044639587402
0.0409245491027832
