0.04210662841796875
0.0328373908996582
0.03652691841125488
0.03546404838562012
0.02956247329711914
0.031469106674194336
0.03541994094848633
0.029850482940673828
0.029705047607421875
0.037320613861083984
0.0375971794128418
0.031249284744262695
0.030315160751342773
0.029274463653564453
0.031812429428100586
0.033502817153930664
0.03523969650268555
0.03591585159301758
0.03159832954406738
0.02917623519897461
0.040950775146484375
0.04161190986633301
0.037699222564697266
0.029802322387695312
0.03399181365966797
0.034739017486572266
0.04515838623046875
0.042059898376464844
0.037133216857910156
0.03517317771911621
0.05509376525878906
0.029711246490478516
0.03498506546020508
0.035741567611694336
0.050249338150024414
0.03857898712158203
0.030161142349243164
0.03354072570800781
0.0424504280090332
0.03551149368286133
0.037923336029052734
0.03388476371765137
0.05142641067504883
0.03919339179992676
0.050668954849243164
0.029821395874023438
0.0379338264465332
0.04052472114562988
0.0396728515625
0.03751707077026367
