0.028020143508911133
0.0228726863861084
0.022010087966918945
0.02162337303161621
0.022762060165405273
0.023488283157348633
0.023515939712524414
0.024398088455200195
0.02327132225036621
0.02164435386657715
0.03646564483642578
0.02257680892944336
0.021655559539794922
0.022718429565429688
0.022705793380737305
0.022794246673583984
0.022582530975341797
0.021755695343017578
0.021791696548461914
0.022255420684814453
0.024976015090942383
0.02279973030090332
0.021604061126708984
0.0297086238861084
0.021947860717773438
0.022929668426513672
0.022420406341552734
0.02252507209777832
0.022415637969970703
0.0319364070892334
0.02329874038696289
0.026484966278076172
0.02420330047607422
0.02190256118774414
0.0218813419342041
0.023516178131103516
0.023061752319335938
0.02310633659362793
0.02362346649169922
0.0234072208404541
0.024407625198364258
0.023098468780517578
0.024878501892089844
0.0239870548248291
0.022399425506591797
0.02302408218383789
0.026393890380859375
0.022675275802612305
0.023673295974731445
0.022299528121948242
