0.06453180313110352
0.026385784149169922
0.02849888801574707
0.02546858787536621
0.024132490158081055
0.03072071075439453
0.02584052085876465
0.025769948959350586
0.024893999099731445
0.026244640350341797
0.02541971206665039
0.026766538619995117
0.028035879135131836
0.028394460678100586
0.026346921920776367
0.024285316467285156
0.025180578231811523
0.026355504989624023
0.02484869956970215
0.02488231658935547
0.02626490592956543
0.02786874771118164
0.030083656311035156
0.02501201629638672
0.027756452560424805
0.032441139221191406
0.025075912475585938
0.0252838134765625
0.026475906372070312
0.026324987411499023
0.025475740432739258
0.02651667594909668
0.027641773223876953
0.02718353271484375
0.02704787254333496
0.032357215881347656
0.024637222290039062
0.02490711212158203
0.025701045989990234
0.024097681045532227
0.026235580444335938
0.026985883712768555
0.024161100387573242
0.025176048278808594
0.02508068084716797
0.025349855422973633
0.024866580963134766
0.027843475341796875
0.03168463706970215
0.025696992874145508
