0.023863554000854492
0.02370905876159668
0.023337125778198242
0.026927471160888672
0.022573471069335938
0.023613929748535156
0.02213001251220703
0.027013778686523438
0.026651382446289062
0.023169279098510742
0.022274017333984375
0.022831439971923828
0.022796154022216797
0.022065162658691406
0.02216815948486328
0.025876283645629883
0.023791074752807617
0.02268362045288086
0.029745817184448242
0.022912979125976562
0.025661945343017578
0.02225470542907715
0.022641658782958984
0.023506879806518555
0.024367809295654297
0.031162261962890625
0.02895498275756836
0.024723052978515625
0.030767440795898438
0.03002142906188965
0.022211313247680664
0.02404046058654785
0.022796630859375
0.02580571174621582
0.022696733474731445
0.02222156524658203
0.022431135177612305
0.025655269622802734
0.025043249130249023
0.026301860809326172
0.0235135555267334
0.02352619171142578
0.026564836502075195
0.023239850997924805
0.02660226821899414
0.031649112701416016
0.02312946319580078
0.022841691970825195
0.024018049240112305
0.023946523666381836
