0.054772377014160156
0.026103973388671875
0.030269384384155273
0.0237424373626709
0.02301764488220215
0.026387691497802734
0.02129364013671875
0.022280454635620117
0.026871204376220703
0.023819923400878906
0.02680802345275879
0.022644519805908203
0.022038698196411133
0.02263355255126953
0.024909257888793945
0.022508621215820312
0.02215886116027832
0.022933244705200195
0.030655860900878906
0.023248672485351562
0.0234224796295166
0.025091886520385742
0.021842002868652344
0.024008989334106445
0.0228426456451416
0.02294325828552246
0.025641202926635742
0.03373074531555176
0.02152848243713379
0.021523475646972656
0.022289752960205078
0.029973983764648438
0.02617788314819336
0.023365497589111328
0.027236461639404297
0.0230560302734375
0.022794008255004883
0.02325606346130371
0.02256035804748535
0.02494215965270996
0.027868032455444336
0.025380849838256836
0.022785425186157227
0.024502038955688477
0.021451711654663086
0.027862071990966797
0.02403426170349121
0.02186441421508789
0.022394657135009766
0.023413658142089844
