1.0435106754302979
1.0317151546478271
1.0262799263000488
1.0264976024627686
1.03123140335083
1.0255508422851562
1.027172327041626
1.0316689014434814
1.028550386428833
1.025813341140747
1.0284042358398438
1.0347275733947754
1.0274670124053955
1.030754566192627
1.025160312652588
1.0311992168426514
1.0310378074645996
1.0336318016052246
1.0246672630310059
1.0275328159332275
1.0303971767425537
1.0295236110687256
1.029806137084961
1.0328748226165771
1.0256736278533936
1.0270512104034424
1.034099817276001
1.0246806144714355
1.0271353721618652
1.0261399745941162
1.0333828926086426
1.0383408069610596
1.029639720916748
1.0372676849365234
1.0276391506195068
1.0324676036834717
1.0375192165374756
1.0247972011566162
1.0237252712249756
1.0314970016479492
1.0295677185058594
1.0288090705871582
1.0278139114379883
1.026599407196045
1.031963586807251
1.0311386585235596
1.030479907989502
1.030644416809082
1.0284650325775146
1.0351040363311768
