0.137894868850708
0.06271123886108398
0.06148838996887207
0.06232571601867676
0.05448293685913086
0.057511329650878906
0.05777716636657715
0.06606245040893555
0.06595683097839355
0.05414843559265137
0.05683565139770508
0.055095672607421875
0.06644010543823242
0.05611228942871094
0.09529757499694824
0.06822633743286133
0.058986663818359375
0.0593419075012207
0.05985260009765625
0.0661160945892334
0.05977034568786621
0.05402040481567383
0.05794239044189453
0.055936336517333984
0.058896780014038086
0.06015133857727051
0.06594204902648926
0.060826778411865234
0.05995988845825195
0.07409191131591797
0.057747840881347656
0.07240700721740723
0.058052778244018555
0.05547475814819336
0.05971693992614746
0.05506539344787598
0.06125950813293457
0.05377554893493652
0.0580446720123291
0.060187339782714844
0.0628654956817627
0.05625033378601074
0.06082272529602051
0.06036829948425293
0.06369471549987793
0.055151939392089844
0.0603029727935791
0.06086397171020508
0.06077146530151367
0.05948948860168457
