0.24546313285827637
1.029991626739502
1.02360200881958
1.0326802730560303
1.0344998836517334
1.0314128398895264
1.0280265808105469
1.0289440155029297
1.0290775299072266
1.031038761138916
1.0312683582305908
1.0328774452209473
1.035156011581421
1.0292789936065674
1.0300929546356201
1.0241682529449463
1.0270841121673584
1.0347490310668945
1.0290396213531494
1.027571439743042
1.0349678993225098
1.026803731918335
1.0302257537841797
1.0287094116210938
1.0295860767364502
1.0373313426971436
1.032618522644043
1.0321922302246094
1.0333256721496582
1.0247514247894287
1.0292625427246094
1.040952444076538
1.0297167301177979
1.0305404663085938
1.0323190689086914
1.0306284427642822
1.027651071548462
1.0313546657562256
1.030195713043213
1.0274832248687744
1.0300407409667969
1.035309076309204
1.0275113582611084
1.0308568477630615
1.0315635204315186
1.0289957523345947
1.030132532119751
1.027696132659912
1.028158187866211
1.0316503047943115
