0.05667853355407715
0.024939298629760742
0.022710561752319336
0.026440858840942383
0.022607803344726562
0.02222418785095215
0.021978378295898438
0.02708148956298828
0.022334575653076172
0.024001359939575195
0.02381730079650879
0.02165985107421875
0.02209925651550293
0.023321151733398438
0.022820711135864258
0.02299046516418457
0.021570682525634766
0.023012638092041016
0.025562047958374023
0.025107860565185547
0.02605891227722168
0.02321791648864746
0.023632526397705078
0.02423834800720215
0.025881290435791016
0.02231597900390625
0.02193307876586914
0.024739742279052734
0.025780916213989258
0.0212399959564209
0.02510547637939453
0.022954463958740234
0.025884151458740234
0.022925615310668945
0.024123668670654297
0.026389598846435547
0.025339126586914062
0.03276801109313965
0.023940324783325195
0.023717403411865234
0.02300858497619629
0.02178215980529785
0.02717113494873047
0.02272510528564453
0.02175760269165039
0.023263931274414062
0.024280786514282227
0.022313594818115234
0.021827220916748047
0.02311229705810547
