0.02953338623046875
0.023203134536743164
0.02257370948791504
0.022442340850830078
0.025086641311645508
0.02337932586669922
0.02277207374572754
0.022439241409301758
0.024840593338012695
0.02317953109741211
0.023867130279541016
0.027517318725585938
0.022225618362426758
0.03502774238586426
0.02327585220336914
0.023850679397583008
0.023116111755371094
0.02181696891784668
0.02784252166748047
0.025705814361572266
0.02271270751953125
0.02205681800842285
0.02319478988647461
0.024009227752685547
0.024075031280517578
0.022019624710083008
0.022386789321899414
0.024593353271484375
0.021747827529907227
0.022650957107543945
0.021548986434936523
0.022574901580810547
0.02160048484802246
0.022801876068115234
0.022760868072509766
0.02483820915222168
0.022698640823364258
0.03135514259338379
0.023214101791381836
0.022477388381958008
0.024082183837890625
0.024890661239624023
0.02207493782043457
0.045354366302490234
0.026821613311767578
0.023653507232666016
0.02567005157470703
0.0231173038482666
0.02151775360107422
0.025908708572387695
