0.04192805290222168
0.022588253021240234
0.036206722259521484
0.022619247436523438
0.021668195724487305
0.02556777000427246
0.023204326629638672
0.02263331413269043
0.023194074630737305
0.02197122573852539
0.025917530059814453
0.02208995819091797
0.02229619026184082
0.027777433395385742
0.027102947235107422
0.02270054817199707
0.02913641929626465
0.022515058517456055
0.021838903427124023
0.021843671798706055
0.022591114044189453
0.022864103317260742
0.02268505096435547
0.026795625686645508
0.02507948875427246
0.024946928024291992
0.02317047119140625
0.031170129776000977
0.02441549301147461
0.022705554962158203
0.027570486068725586
0.023281335830688477
0.023131370544433594
0.023458242416381836
0.024033069610595703
0.022138118743896484
0.02462005615234375
0.028614521026611328
0.022862911224365234
0.022411108016967773
0.023943662643432617
0.022503376007080078
0.02333998680114746
0.021899938583374023
0.02387261390686035
0.028221845626831055
0.024444580078125
0.021931171417236328
0.023880958557128906
0.023810625076293945
