0.041799068450927734
0.031023502349853516
0.03127789497375488
0.0300750732421875
0.03246808052062988
0.026724576950073242
0.0369718074798584
0.027315378189086914
0.028731584548950195
0.032874107360839844
0.026881933212280273
0.03343772888183594
0.031025171279907227
0.0322108268737793
0.031027555465698242
0.0363154411315918
0.032276153564453125
0.03412222862243652
0.035285234451293945
0.029592037200927734
0.03294873237609863
0.03069281578063965
0.04243111610412598
0.028101205825805664
0.028026580810546875
0.03371787071228027
0.030182838439941406
0.03625679016113281
0.03432106971740723
0.030495882034301758
0.02905130386352539
0.03239321708679199
0.03319382667541504
0.026794910430908203
0.029646635055541992
0.03680682182312012
0.027950048446655273
0.028101444244384766
0.03129076957702637
0.03375649452209473
0.03752255439758301
0.02788400650024414
0.027879953384399414
0.03078460693359375
0.029877901077270508
0.030516624450683594
0.03311777114868164
0.028118610382080078
0.03209042549133301
0.03302931785583496
