0.033141374588012695
0.024836063385009766
0.027532100677490234
0.02344036102294922
0.021882057189941406
0.02199268341064453
0.022130250930786133
0.022751331329345703
0.02294325828552246
0.021355867385864258
0.022886037826538086
0.023244619369506836
0.02172374725341797
0.02375960350036621
0.03153491020202637
0.022395849227905273
0.022904157638549805
0.024373292922973633
0.021806716918945312
0.02975773811340332
0.024068117141723633
0.03172802925109863
0.022890567779541016
0.0234835147857666
0.0260312557220459
0.023105621337890625
0.02323150634765625
0.02532172203063965
0.02380824089050293
0.023095369338989258
0.02229595184326172
0.03171658515930176
0.023529529571533203
0.02344536781311035
0.021975040435791016
0.022777080535888672
0.028653383255004883
0.02230668067932129
0.024176359176635742
0.02377009391784668
0.02791881561279297
0.025275230407714844
0.024950027465820312
0.022528886795043945
0.02346634864807129
0.021780014038085938
0.02968001365661621
0.025246143341064453
0.023059606552124023
0.027608871459960938
