0.028122663497924805
0.025903701782226562
0.024593353271484375
0.023955345153808594
0.023700714111328125
0.02494525909423828
0.0383760929107666
0.029060840606689453
0.025501251220703125
0.02698230743408203
0.029874086380004883
0.02929997444152832
0.024959325790405273
0.028740406036376953
0.024730205535888672
0.02539515495300293
0.024254798889160156
0.031494855880737305
0.024254322052001953
0.025398731231689453
0.024585962295532227
0.028054475784301758
0.025896310806274414
0.025892972946166992
0.02490830421447754
0.0255279541015625
0.02438044548034668
0.029607057571411133
0.025324106216430664
0.02772355079650879
0.02303290367126465
0.03272843360900879
0.028769493103027344
0.026775598526000977
0.02649545669555664
0.03177356719970703
0.02939152717590332
0.024290084838867188
0.02753162384033203
0.0242006778717041
0.028922557830810547
0.024112701416015625
0.025601863861083984
0.026851892471313477
0.025139570236206055
0.026663780212402344
0.02484440803527832
0.025573253631591797
0.02500438690185547
0.027082443237304688
