0.05274248123168945
0.024232149124145508
0.02773284912109375
0.026134014129638672
0.0271759033203125
0.024629592895507812
0.025058984756469727
0.02689647674560547
0.024362802505493164
0.025827646255493164
0.024147510528564453
0.03182172775268555
0.024098634719848633
0.02689814567565918
0.029333829879760742
0.025482654571533203
0.023638248443603516
0.030721426010131836
0.030684232711791992
0.024126291275024414
0.023195505142211914
0.02328801155090332
0.02691364288330078
0.024349689483642578
0.025471925735473633
0.02575206756591797
0.026051998138427734
0.025493860244750977
0.027440786361694336
0.030999422073364258
0.025960445404052734
0.025373220443725586
0.024325132369995117
0.02849602699279785
0.03395962715148926
0.023979663848876953
0.026401281356811523
0.026042699813842773
0.026153564453125
0.023903608322143555
0.0246431827545166
0.026517629623413086
0.02845907211303711
0.02382683753967285
0.027425765991210938
0.0252077579498291
0.02622675895690918
0.024953126907348633
0.02762007713317871
0.022820234298706055
