1.045621395111084
1.0288736820220947
1.0296571254730225
1.03071928024292
1.028470516204834
1.0298669338226318
1.0370280742645264
1.035017728805542
1.0411033630371094
1.0310194492340088
1.0280225276947021
1.0303075313568115
1.0490126609802246
1.0271415710449219
1.0356462001800537
1.0286202430725098
1.034557819366455
1.0257868766784668
1.0267927646636963
1.029383659362793
1.0369515419006348
1.032172679901123
1.0281939506530762
1.0303237438201904
1.028698205947876
1.036240816116333
1.033494234085083
1.0324256420135498
1.0288870334625244
1.0306005477905273
1.029151201248169
1.0388994216918945
1.0334806442260742
1.0331861972808838
1.0346229076385498
1.0297021865844727
1.027406930923462
1.0407586097717285
1.0245568752288818
1.0271167755126953
1.0290157794952393
1.0351262092590332
1.032318115234375
1.0261199474334717
1.027439832687378
1.0304193496704102
1.031538963317871
1.028512954711914
1.0403192043304443
1.0388340950012207
