0.04692411422729492
0.024384737014770508
0.025979995727539062
0.026124000549316406
0.02730417251586914
0.02717137336730957
0.029047489166259766
0.026903152465820312
0.028714656829833984
0.02537393569946289
0.025647640228271484
0.025360584259033203
0.026346921920776367
0.025791645050048828
0.032997846603393555
0.024383544921875
0.027865171432495117
0.0272674560546875
0.026934385299682617
0.024859905242919922
0.027469396591186523
0.025966882705688477
0.027050256729125977
0.026046037673950195
0.027617454528808594
0.023746967315673828
0.02666759490966797
0.025487422943115234
0.02397441864013672
0.024356842041015625
0.02417755126953125
0.02338409423828125
0.025387048721313477
0.024379491806030273
0.026344776153564453
0.024886369705200195
0.025430679321289062
0.024808645248413086
0.026462078094482422
0.0251309871673584
0.026608705520629883
0.030082225799560547
0.027776002883911133
0.027021408081054688
0.026072978973388672
0.02783036231994629
0.028221607208251953
0.02841043472290039
0.024175643920898438
0.02735757827758789
