0.22084951400756836
0.042220115661621094
0.04319643974304199
0.03959512710571289
0.04127645492553711
0.03696894645690918
0.035837411880493164
0.03660869598388672
0.04920148849487305
0.06613898277282715
0.04437065124511719
0.04455423355102539
0.06038856506347656
0.03915047645568848
0.03443503379821777
0.03704118728637695
0.037374258041381836
0.03668498992919922
0.03814291954040527
0.049657583236694336
0.04140877723693848
0.04593491554260254
0.041173696517944336
0.036375999450683594
0.03668951988220215
0.034926414489746094
0.03744196891784668
0.04378700256347656
0.032033681869506836
0.03141927719116211
0.0518951416015625
0.038220882415771484
0.04459095001220703
0.04054570198059082
0.04366326332092285
0.0337979793548584
0.04139232635498047
0.03750252723693848
0.03755545616149902
0.04741263389587402
0.03842329978942871
0.033396005630493164
0.04366731643676758
0.03455638885498047
0.033556222915649414
0.044996023178100586
0.037596702575683594
0.03472423553466797
0.03575420379638672
0.03817319869995117
