0.026043415069580078
0.021682024002075195
0.02690291404724121
0.02209329605102539
0.022799015045166016
0.02296733856201172
0.023713350296020508
0.02310919761657715
0.022676467895507812
0.022505760192871094
0.022905588150024414
0.02288365364074707
0.022001981735229492
0.02307868003845215
0.022713422775268555
0.027059316635131836
0.02244281768798828
0.02756357192993164
0.021760940551757812
0.0215761661529541
0.022296667098999023
0.02168560028076172
0.02328801155090332
0.024428367614746094
0.024477005004882812
0.022019147872924805
0.022443771362304688
0.02612614631652832
0.021844863891601562
0.022319316864013672
0.02886056900024414
0.022443532943725586
0.022449731826782227
0.022312641143798828
0.023854970932006836
0.023450851440429688
0.022669553756713867
0.023829221725463867
0.02169489860534668
0.022391557693481445
0.02223682403564453
0.023548126220703125
0.023200035095214844
0.029790639877319336
0.022855758666992188
0.028510093688964844
0.023024559020996094
0.022350788116455078
0.02460169792175293
0.02664971351623535
