0.04875373840332031
0.04207944869995117
0.03686714172363281
0.037535667419433594
0.04036688804626465
0.03516530990600586
0.03417229652404785
0.04604363441467285
0.03644514083862305
0.03636646270751953
0.03446650505065918
0.03854060173034668
0.03473043441772461
0.039292335510253906
0.04143548011779785
0.03613853454589844
0.0451502799987793
0.03698921203613281
0.037370920181274414
0.03824639320373535
0.03721189498901367
0.03662109375
0.03772139549255371
0.04333329200744629
0.038156986236572266
0.03781294822692871
0.03815650939941406
0.03436446189880371
0.03795981407165527
0.03883814811706543
0.03861379623413086
0.044506072998046875
0.03597879409790039
0.041091203689575195
0.03643941879272461
0.03748822212219238
0.04028797149658203
0.03616046905517578
0.03912949562072754
0.03454446792602539
0.039923667907714844
0.03506970405578613
0.03459453582763672
0.04490375518798828
0.042534589767456055
0.04050421714782715
0.03713345527648926
0.03425002098083496
0.03673815727233887
0.03539872169494629
