0.032094478607177734
0.02208542823791504
0.023389816284179688
0.027247190475463867
0.023137807846069336
0.022070884704589844
0.02534794807434082
0.022052764892578125
0.022268056869506836
0.023666858673095703
0.024332046508789062
0.022940874099731445
0.022161483764648438
0.022011995315551758
0.022431612014770508
0.02264571189880371
0.022086143493652344
0.024539709091186523
0.0225522518157959
0.021801233291625977
0.021700143814086914
0.021769046783447266
0.02197575569152832
0.021923542022705078
0.02357792854309082
0.0283200740814209
0.03465533256530762
0.023073673248291016
0.024379491806030273
0.02169632911682129
0.02265477180480957
0.022006511688232422
0.0214993953704834
0.021847963333129883
0.025318622589111328
0.02203536033630371
0.025217771530151367
0.0256955623626709
0.02259349822998047
0.022121191024780273
0.021855592727661133
0.02191901206970215
0.02285289764404297
0.024173498153686523
0.02245306968688965
0.022489547729492188
0.022035837173461914
0.024699926376342773
0.022551536560058594
0.022895336151123047
