0.03294706344604492
0.022695064544677734
0.023558616638183594
0.023064851760864258
0.02307581901550293
0.021869182586669922
0.02239227294921875
0.023688554763793945
0.02361750602722168
0.0235745906829834
0.02205181121826172
0.02134108543395996
0.022963285446166992
0.021380186080932617
0.026860713958740234
0.021710634231567383
0.030991792678833008
0.023434162139892578
0.02463817596435547
0.025078296661376953
0.023258686065673828
0.022460222244262695
0.027797460556030273
0.024161338806152344
0.022360801696777344
0.022398710250854492
0.022696256637573242
0.02240610122680664
0.02340102195739746
0.023039817810058594
0.024273157119750977
0.025146007537841797
0.021573543548583984
0.02525162696838379
0.026086807250976562
0.02306365966796875
0.022957563400268555
0.023360729217529297
0.02258586883544922
0.021431446075439453
0.02354741096496582
0.023494958877563477
0.02390432357788086
0.022874832153320312
0.02265310287475586
0.02687358856201172
0.023802995681762695
0.021717309951782227
0.024191617965698242
0.0269620418548584
