0.04137444496154785
0.023083925247192383
0.023572921752929688
0.0220489501953125
0.021554946899414062
0.02463388442993164
0.02404952049255371
0.023557424545288086
0.021961688995361328
0.022713422775268555
0.02324080467224121
0.022440433502197266
0.02170085906982422
0.021549701690673828
0.027606725692749023
0.022031545639038086
0.021647214889526367
0.021511316299438477
0.022583484649658203
0.0241546630859375
0.022265195846557617
0.021846532821655273
0.02337169647216797
0.022715091705322266
0.023120403289794922
0.021772146224975586
0.023365259170532227
0.0231473445892334
0.023308277130126953
0.02689671516418457
0.02225637435913086
0.021236658096313477
0.022115707397460938
0.02494978904724121
0.021833419799804688
0.022394180297851562
0.022638559341430664
0.02317190170288086
0.023430347442626953
0.022091150283813477
0.02323603630065918
0.022162437438964844
0.024152040481567383
0.027758359909057617
0.024066448211669922
0.022170543670654297
0.024749755859375
0.029703855514526367
0.022029399871826172
0.028146743774414062
