0.032291412353515625
0.02267003059387207
0.022175073623657227
0.021907329559326172
0.023033618927001953
0.023083925247192383
0.02240777015686035
0.022528409957885742
0.02220773696899414
0.022099971771240234
0.021867990493774414
0.022408246994018555
0.024110078811645508
0.03124547004699707
0.024812936782836914
0.025287628173828125
0.02182316780090332
0.023317337036132812
0.023031949996948242
0.028336524963378906
0.02427387237548828
0.022806406021118164
0.02767777442932129
0.024820804595947266
0.029246091842651367
0.022406578063964844
0.02395153045654297
0.022665977478027344
0.02238178253173828
0.022739171981811523
0.023883819580078125
0.029064655303955078
0.030500411987304688
0.023633956909179688
0.02179121971130371
0.023474931716918945
0.027127981185913086
0.02281665802001953
0.024952411651611328
0.021982192993164062
0.028447866439819336
0.02320551872253418
0.029225587844848633
0.02291703224182129
0.022471189498901367
0.021975278854370117
0.023527860641479492
0.023265600204467773
0.022991180419921875
0.022136211395263672
