0.042551517486572266
0.02580714225769043
0.02391529083251953
0.02218484878540039
0.02166748046875
0.022841453552246094
0.023958444595336914
0.0220186710357666
0.023821353912353516
0.02258586883544922
0.023268461227416992
0.027042388916015625
0.022130250930786133
0.02237224578857422
0.02290630340576172
0.023366212844848633
0.022703886032104492
0.023123741149902344
0.021662473678588867
0.0238344669342041
0.035070180892944336
0.021572113037109375
0.021895408630371094
0.02215099334716797
0.023029804229736328
0.023181676864624023
0.022098064422607422
0.0218350887298584
0.023308753967285156
0.023448944091796875
0.024715185165405273
0.022500991821289062
0.022124290466308594
0.02243971824645996
0.02207159996032715
0.023813247680664062
0.02211928367614746
0.021444082260131836
0.024120330810546875
0.022037029266357422
0.022240638732910156
0.0225067138671875
0.025134563446044922
0.021764278411865234
0.024157285690307617
0.022044658660888672
0.02229595184326172
0.023894548416137695
0.022998332977294922
0.021435022354125977
