0.05099058151245117
0.0242307186126709
0.03176999092102051
0.027790546417236328
0.02674269676208496
0.02700042724609375
0.029210805892944336
0.0283203125
0.028687238693237305
0.02708268165588379
0.03537297248840332
0.026504993438720703
0.030548572540283203
0.03446340560913086
0.029021024703979492
0.024456501007080078
0.02988147735595703
0.024684429168701172
0.025255680084228516
0.03221416473388672
0.03377962112426758
0.03012537956237793
0.024803876876831055
0.02730870246887207
0.030441761016845703
0.024857759475708008
0.02580094337463379
0.028390884399414062
0.027284622192382812
0.02525949478149414
0.03206658363342285
0.0395359992980957
0.02940678596496582
0.029523611068725586
0.026830196380615234
0.030751705169677734
0.03595113754272461
0.02733159065246582
0.02696847915649414
0.029036760330200195
0.0322115421295166
0.029603958129882812
0.025050878524780273
0.028712987899780273
0.03148770332336426
0.04389524459838867
0.030045032501220703
0.02581000328063965
0.027622222900390625
0.029658079147338867
