0.04095602035522461
0.028119802474975586
0.03023552894592285
0.029642105102539062
0.026755571365356445
0.02823805809020996
0.025194406509399414
0.02723526954650879
0.029665231704711914
0.028638124465942383
0.03087306022644043
0.026409626007080078
0.03570222854614258
0.033231496810913086
0.026582717895507812
0.025161266326904297
0.0284423828125
0.02748584747314453
0.025369882583618164
0.026747703552246094
0.028050899505615234
0.028740882873535156
0.03261613845825195
0.02752089500427246
0.026019811630249023
0.02614736557006836
0.025794267654418945
0.02603745460510254
0.03316664695739746
0.027779102325439453
0.03154611587524414
0.027013778686523438
0.026525020599365234
0.027875900268554688
0.02841043472290039
0.0315699577331543
0.027826309204101562
0.02910447120666504
0.030111312866210938
0.029871463775634766
0.034384965896606445
0.026995420455932617
0.0377805233001709
0.027027368545532227
0.030670642852783203
0.03625798225402832
0.03258776664733887
0.02776312828063965
0.029465436935424805
0.027765512466430664
