0.0359644889831543
0.02217698097229004
0.023265600204467773
0.022056102752685547
0.022043943405151367
0.022104740142822266
0.02279067039489746
0.021755456924438477
0.024364948272705078
0.022930145263671875
0.022156715393066406
0.024489164352416992
0.02208542823791504
0.022667884826660156
0.023381710052490234
0.024760961532592773
0.023920536041259766
0.022171497344970703
0.021261930465698242
0.022214174270629883
0.022579669952392578
0.023035764694213867
0.022061824798583984
0.039548397064208984
0.022704124450683594
0.02237224578857422
0.02295851707458496
0.023158788681030273
0.025357961654663086
0.030469894409179688
0.022223472595214844
0.022625446319580078
0.022422075271606445
0.023195743560791016
0.021884918212890625
0.029055356979370117
0.02206707000732422
0.021930932998657227
0.024146080017089844
0.02377009391784668
0.023064613342285156
0.02645277976989746
0.022380590438842773
0.02415299415588379
0.022370576858520508
0.023792505264282227
0.021915197372436523
0.021502256393432617
0.023441791534423828
0.022044658660888672
