0.056673526763916016
0.024398088455200195
0.02514338493347168
0.026099205017089844
0.024060487747192383
0.027309417724609375
0.025832653045654297
0.02578282356262207
0.02615499496459961
0.02976703643798828
0.028636932373046875
0.024836301803588867
0.025866985321044922
0.025224924087524414
0.024155378341674805
0.024669647216796875
0.03163766860961914
0.025674819946289062
0.02720046043395996
0.024344921112060547
0.0249173641204834
0.028037548065185547
0.0282137393951416
0.02564263343811035
0.025127887725830078
0.02819681167602539
0.02532052993774414
0.02663421630859375
0.026682615280151367
0.027812957763671875
0.03410840034484863
0.024662494659423828
0.024880647659301758
0.02590179443359375
0.025783538818359375
0.025717735290527344
0.02538275718688965
0.02850937843322754
0.026633739471435547
0.02645587921142578
0.024990320205688477
0.02471923828125
0.029071569442749023
0.02631998062133789
0.024159669876098633
0.02833271026611328
0.03530597686767578
0.03297090530395508
0.04403090476989746
0.02685070037841797
