0.0391080379486084
0.030194520950317383
0.0257565975189209
0.028323650360107422
0.025244474411010742
0.027347326278686523
0.024958133697509766
0.024119853973388672
0.02572178840637207
0.02587580680847168
0.02673625946044922
0.02878594398498535
0.02783489227294922
0.02735733985900879
0.027622699737548828
0.030330657958984375
0.03895378112792969
0.026980161666870117
0.027187824249267578
0.029824256896972656
0.031833648681640625
0.029092073440551758
0.0288240909576416
0.03254842758178711
0.029642343521118164
0.028350114822387695
0.02604818344116211
0.026474475860595703
0.027019023895263672
0.031002283096313477
0.028561830520629883
0.027512550354003906
0.027283668518066406
0.027555465698242188
0.026844263076782227
0.02700018882751465
0.027719974517822266
0.02744126319885254
0.026218414306640625
0.030598163604736328
0.027611255645751953
0.030648469924926758
0.02602696418762207
0.0377345085144043
0.027159452438354492
0.03222250938415527
0.02570962905883789
0.028862476348876953
0.030689716339111328
0.03139162063598633
