0.029803037643432617
0.025412559509277344
0.026432514190673828
0.03645038604736328
0.02625298500061035
0.0273897647857666
0.028534650802612305
0.028023481369018555
0.028428077697753906
0.02934408187866211
0.025634050369262695
0.026577472686767578
0.02837061882019043
0.03448033332824707
0.028984546661376953
0.03180360794067383
0.02438640594482422
0.02408909797668457
0.02526402473449707
0.024982929229736328
0.028851985931396484
0.02875995635986328
0.0260007381439209
0.02492690086364746
0.02397441864013672
0.02730417251586914
0.030527353286743164
0.02483844757080078
0.029992103576660156
0.02513718605041504
0.024845123291015625
0.023940324783325195
0.026250839233398438
0.02844381332397461
0.02631521224975586
0.02832627296447754
0.029852867126464844
0.028197288513183594
0.02768683433532715
0.023827075958251953
0.028310537338256836
0.027497291564941406
0.02848649024963379
0.03342247009277344
0.026183605194091797
0.027520418167114258
0.03159475326538086
0.03096914291381836
0.03106093406677246
0.026213407516479492
