0.033701181411743164
0.022516965866088867
0.023007869720458984
0.022208690643310547
0.023454666137695312
0.022798776626586914
0.028642654418945312
0.024419546127319336
0.02330183982849121
0.023876667022705078
0.021245718002319336
0.02381730079650879
0.024252653121948242
0.02490997314453125
0.022347211837768555
0.0237581729888916
0.02201557159423828
0.02232193946838379
0.03178882598876953
0.02167987823486328
0.022360801696777344
0.022399187088012695
0.022200345993041992
0.024089574813842773
0.02807474136352539
0.023987770080566406
0.02247309684753418
0.022709369659423828
0.02263927459716797
0.026675701141357422
0.02769017219543457
0.02409982681274414
0.044632911682128906
0.02230978012084961
0.022402048110961914
0.023049354553222656
0.022283077239990234
0.02192234992980957
0.02321791648864746
0.024086713790893555
0.022500991821289062
0.021878719329833984
0.022232770919799805
0.023637056350708008
0.023044347763061523
0.02449488639831543
0.02269721031188965
0.024259567260742188
0.0326075553894043
0.022196292877197266
