0.03535795211791992
0.031241893768310547
0.035459280014038086
0.027214527130126953
0.03168153762817383
0.03744697570800781
0.030686616897583008
0.028278112411499023
0.03500485420227051
0.02694988250732422
0.02864384651184082
0.024466514587402344
0.026062965393066406
0.028807640075683594
0.03256511688232422
0.02980637550354004
0.03029656410217285
0.03207731246948242
0.030106306076049805
0.027167320251464844
0.03265786170959473
0.027754545211791992
0.033556222915649414
0.030121803283691406
0.03114795684814453
0.03404593467712402
0.02602529525756836
0.026998281478881836
0.029798507690429688
0.0458371639251709
0.0273129940032959
0.03000354766845703
0.03511214256286621
0.032404422760009766
0.03570199012756348
0.02590322494506836
0.027842044830322266
0.027453184127807617
0.025959491729736328
0.03285717964172363
0.029183626174926758
0.03439736366271973
0.03239083290100098
0.031893014907836914
0.02763533592224121
0.028098583221435547
0.026404142379760742
0.0300748348236084
0.03290104866027832
0.029791831970214844
