0.056519269943237305
0.025419235229492188
0.027055025100708008
0.02421116828918457
0.023647546768188477
0.029247760772705078
0.02646636962890625
0.02416396141052246
0.024014949798583984
0.0246279239654541
0.026101112365722656
0.023948192596435547
0.026055097579956055
0.02316904067993164
0.02657175064086914
0.02403426170349121
0.02525615692138672
0.024396181106567383
0.025522708892822266
0.02462029457092285
0.02449345588684082
0.024553775787353516
0.023864269256591797
0.030304908752441406
0.025876998901367188
0.024893999099731445
0.024039030075073242
0.02633190155029297
0.023348569869995117
0.023921728134155273
0.028054237365722656
0.025075435638427734
0.026290416717529297
0.024707794189453125
0.02469325065612793
0.02594780921936035
0.027477502822875977
0.02950763702392578
0.025042295455932617
0.023717403411865234
0.026816606521606445
0.02653813362121582
0.024744510650634766
0.02359747886657715
0.02388620376586914
0.02579808235168457
0.023666858673095703
0.028125524520874023
0.026861906051635742
0.026738643646240234
