0.04046511650085449
0.0248410701751709
0.027338743209838867
0.02890753746032715
0.024837732315063477
0.025765180587768555
0.026766538619995117
0.03358912467956543
0.027844667434692383
0.027317523956298828
0.038292646408081055
0.0248873233795166
0.024152517318725586
0.029035329818725586
0.02698230743408203
0.024954795837402344
0.03023362159729004
0.031212806701660156
0.024449825286865234
0.025133132934570312
0.025545358657836914
0.029918670654296875
0.026876449584960938
0.02733325958251953
0.03163480758666992
0.03109288215637207
0.02640700340270996
0.024249553680419922
0.02722764015197754
0.023344039916992188
0.025836944580078125
0.027998924255371094
0.023467063903808594
0.02686142921447754
0.02381443977355957
0.024115800857543945
0.025902509689331055
0.026817798614501953
0.02932000160217285
0.042580604553222656
0.02440476417541504
0.02631354331970215
0.023939132690429688
0.026648998260498047
0.023969173431396484
0.02890944480895996
0.028995990753173828
0.026727914810180664
0.029649972915649414
0.028583526611328125
