1.0511679649353027
0.21880412101745605
1.0493218898773193
1.0586521625518799
1.0483810901641846
1.0567035675048828
1.0544309616088867
1.049694299697876
1.0492572784423828
1.0498416423797607
1.0488927364349365
1.0448217391967773
1.0570993423461914
1.058739423751831
1.050706148147583
1.046928882598877
1.047111988067627
1.0628025531768799
1.0510063171386719
1.0592079162597656
1.0473964214324951
1.0542340278625488
1.0512635707855225
1.055774450302124
1.0539178848266602
1.0543930530548096
1.0457181930541992
1.056044578552246
1.0483570098876953
1.0451264381408691
1.049098014831543
1.051093578338623
1.0595247745513916
1.0472462177276611
1.0465500354766846
1.0492608547210693
1.0538671016693115
1.050340175628662
1.051469087600708
1.0535221099853516
1.0508220195770264
1.050248146057129
1.0485279560089111
1.0479485988616943
1.0743756294250488
1.051990032196045
1.0463533401489258
1.052138328552246
1.0514805316925049
1.0497310161590576
