0.04197263717651367
0.02869272232055664
0.026325702667236328
0.026039838790893555
0.0237276554107666
0.0293276309967041
0.026082754135131836
0.02650904655456543
0.02707219123840332
0.02951216697692871
0.03218865394592285
0.02340841293334961
0.025938749313354492
0.023959875106811523
0.030430316925048828
0.026433229446411133
0.023935317993164062
0.023323774337768555
0.024715185165405273
0.026573896408081055
0.029032230377197266
0.0268402099609375
0.023497343063354492
0.023856401443481445
0.02625250816345215
0.026308536529541016
0.02495741844177246
0.02570509910583496
0.025903701782226562
0.028682947158813477
0.023648977279663086
0.024851322174072266
0.028833627700805664
0.02457261085510254
0.024397850036621094
0.028776168823242188
0.023897886276245117
0.024699926376342773
0.02499699592590332
0.022840023040771484
0.02402973175048828
0.0243680477142334
0.02643561363220215
0.026344776153564453
0.02428126335144043
0.024042844772338867
0.029337644577026367
0.024152755737304688
0.027681350708007812
0.02455735206604004
