0.03224349021911621
0.026213407516479492
0.028631925582885742
0.027546167373657227
0.0247039794921875
0.024405717849731445
0.026572227478027344
0.026885032653808594
0.033347129821777344
0.02857184410095215
0.028649330139160156
0.03297543525695801
0.024367332458496094
0.024108171463012695
0.028720617294311523
0.029541730880737305
0.030240297317504883
0.025291919708251953
0.03119969367980957
0.02750563621520996
0.027107954025268555
0.025394916534423828
0.027471542358398438
0.02665877342224121
0.023308515548706055
0.03278994560241699
0.02821803092956543
0.025349855422973633
0.024905681610107422
0.0257565975189209
0.024820804595947266
0.024263858795166016
0.024032115936279297
0.024658679962158203
0.025505781173706055
0.025292158126831055
0.026140689849853516
0.03043842315673828
0.024309873580932617
0.025079727172851562
0.02416229248046875
0.023643970489501953
0.029143571853637695
0.026246309280395508
0.02764439582824707
0.025196313858032227
0.023671865463256836
0.024940013885498047
0.023619413375854492
0.026314258575439453
