0.03352522850036621
0.022615671157836914
0.02880573272705078
0.024590492248535156
0.021863460540771484
0.0231020450592041
0.026830196380615234
0.027611732482910156
0.023534774780273438
0.02252483367919922
0.021750926971435547
0.028365135192871094
0.023639917373657227
0.024194955825805664
0.023485422134399414
0.024817705154418945
0.022292613983154297
0.023970603942871094
0.025237560272216797
0.02220439910888672
0.022464752197265625
0.04006242752075195
0.024678707122802734
0.022383451461791992
0.025471210479736328
0.02138233184814453
0.022028207778930664
0.022329092025756836
0.022130966186523438
0.02394247055053711
0.022307157516479492
0.02291417121887207
0.021596431732177734
0.02190113067626953
0.023352622985839844
0.02310776710510254
0.025289297103881836
0.02219247817993164
0.023118972778320312
0.02322673797607422
0.025959014892578125
0.02314472198486328
0.021810293197631836
0.028670787811279297
0.022559642791748047
0.02823019027709961
0.023007869720458984
0.026245594024658203
0.022237062454223633
0.026920795440673828
