0.044356346130371094
0.03163766860961914
0.024738073348999023
0.023405075073242188
0.02478170394897461
0.027467966079711914
0.02822089195251465
0.027398109436035156
0.02943277359008789
0.02516341209411621
0.026068449020385742
0.02530956268310547
0.024323701858520508
0.025716066360473633
0.026535511016845703
0.03016495704650879
0.02546238899230957
0.024759531021118164
0.026655912399291992
0.02541184425354004
0.025777339935302734
0.023087024688720703
0.03267669677734375
0.025494813919067383
0.02564406394958496
0.025304079055786133
0.02472686767578125
0.025512218475341797
0.027127742767333984
0.02560567855834961
0.026486635208129883
0.024970054626464844
0.026345491409301758
0.029044389724731445
0.025553464889526367
0.023609399795532227
0.023450613021850586
0.026153564453125
0.031043291091918945
0.02423715591430664
0.024579763412475586
0.02570629119873047
0.027805328369140625
0.02909064292907715
0.02742791175842285
0.029276609420776367
0.0264585018157959
0.024932146072387695
0.02776169776916504
0.027125120162963867
