0.06054067611694336
0.030474424362182617
0.023049116134643555
0.025783538818359375
0.028503894805908203
0.026424646377563477
0.024211645126342773
0.023882150650024414
0.026309490203857422
0.027091026306152344
0.024811983108520508
0.023679018020629883
0.0319674015045166
0.03310036659240723
0.02510213851928711
0.025509119033813477
0.02700972557067871
0.023930072784423828
0.0276029109954834
0.024954557418823242
0.023656368255615234
0.02664637565612793
0.027878522872924805
0.025410890579223633
0.024389028549194336
0.026636600494384766
0.023453235626220703
0.026599407196044922
0.027785062789916992
0.02366471290588379
0.026411771774291992
0.026564836502075195
0.027035236358642578
0.024526119232177734
0.02411675453186035
0.02856731414794922
0.025899648666381836
0.0242917537689209
0.02550792694091797
0.02380824089050293
0.028960227966308594
0.025876998901367188
0.024850130081176758
0.03244590759277344
0.02770256996154785
0.028319358825683594
0.02638983726501465
0.02658677101135254
0.028874635696411133
0.02696704864501953
