0.05312776565551758
0.023706674575805664
0.029188156127929688
0.024373769760131836
0.022828102111816406
0.025437593460083008
0.021917343139648438
0.022543668746948242
0.02269268035888672
0.022295713424682617
0.02309441566467285
0.022707700729370117
0.0217587947845459
0.028378009796142578
0.02333235740661621
0.021724939346313477
0.022621631622314453
0.02710103988647461
0.022889137268066406
0.02234935760498047
0.0220944881439209
0.023828983306884766
0.023127317428588867
0.02243494987487793
0.02161240577697754
0.021808147430419922
0.02232670783996582
0.021185636520385742
0.02209329605102539
0.02251577377319336
0.02339911460876465
0.021706342697143555
0.023076295852661133
0.02319169044494629
0.021718263626098633
0.02345752716064453
0.02208089828491211
0.02489471435546875
0.026914596557617188
0.022943496704101562
0.023531198501586914
0.027381420135498047
0.027988672256469727
0.021829605102539062
0.02225661277770996
0.023198604583740234
0.02268385887145996
0.02385115623474121
0.02181220054626465
0.02235269546508789
