1.0501635074615479
1.0464916229248047
1.0514483451843262
1.0527985095977783
1.0509121417999268
1.0535566806793213
1.05501127243042
1.0499234199523926
1.0535528659820557
1.0491316318511963
1.0514190196990967
1.0471432209014893
1.046982765197754
1.0523133277893066
1.0470716953277588
1.0481390953063965
1.0477626323699951
1.0486936569213867
1.0505061149597168
1.0479214191436768
1.0475308895111084
1.0539143085479736
1.0540721416473389
1.0560152530670166
1.0521748065948486
1.0509943962097168
1.0512158870697021
1.0468826293945312
1.0492994785308838
1.0513949394226074
1.059549331665039
1.0509366989135742
1.0484437942504883
1.0639276504516602
1.0488605499267578
1.0485785007476807
1.0484287738800049
1.0566794872283936
1.0521724224090576
1.0541653633117676
1.0604116916656494
1.047867774963379
1.045241117477417
1.054976463317871
1.0511870384216309
1.0510241985321045
1.0568957328796387
1.0682096481323242
1.0577125549316406
1.0525898933410645
