0.0387113094329834
0.023198604583740234
0.021982908248901367
0.02233409881591797
0.022373437881469727
0.02433013916015625
0.02301955223083496
0.02290630340576172
0.021340608596801758
0.022995948791503906
0.02161717414855957
0.02166581153869629
0.02221512794494629
0.021422624588012695
0.022017478942871094
0.02150750160217285
0.027347803115844727
0.02457284927368164
0.025601625442504883
0.02301192283630371
0.022280454635620117
0.023976564407348633
0.022316694259643555
0.023096561431884766
0.023163318634033203
0.023588180541992188
0.022053956985473633
0.02317643165588379
0.021834135055541992
0.021784543991088867
0.021411418914794922
0.02209186553955078
0.0218048095703125
0.021854639053344727
0.023926258087158203
0.022536039352416992
0.024166107177734375
0.025342226028442383
0.024642467498779297
0.024829387664794922
0.025762557983398438
0.02218031883239746
0.023585081100463867
0.022211790084838867
0.023031949996948242
0.02329230308532715
0.021875858306884766
0.024320363998413086
0.022623538970947266
0.025194168090820312
