0.02908635139465332
0.029694080352783203
0.025708913803100586
0.026287317276000977
0.024019956588745117
0.026097536087036133
0.024906396865844727
0.026307106018066406
0.0260469913482666
0.027708053588867188
0.024883270263671875
0.025223255157470703
0.027097225189208984
0.024122953414916992
0.024326086044311523
0.024847984313964844
0.025135278701782227
0.027700185775756836
0.025178194046020508
0.024922847747802734
0.024477720260620117
0.02673959732055664
0.026401281356811523
0.026547670364379883
0.023647308349609375
0.027479887008666992
0.02662515640258789
0.02486705780029297
0.026813030242919922
0.02392864227294922
0.02463221549987793
0.025330781936645508
0.04342150688171387
0.02440166473388672
0.02333378791809082
0.026611804962158203
0.024164199829101562
0.024750471115112305
0.026401281356811523
0.03809666633605957
0.023881912231445312
0.02453303337097168
0.024083852767944336
0.028518199920654297
0.023714303970336914
0.026934385299682617
0.025822162628173828
0.0285646915435791
0.030997276306152344
0.024616479873657227
