0.05130767822265625
0.03161811828613281
0.028914690017700195
0.03455066680908203
0.02689337730407715
0.030056476593017578
0.02940225601196289
0.045241594314575195
0.028863906860351562
0.04533576965332031
0.028289079666137695
0.029688119888305664
0.028872251510620117
0.03225874900817871
0.03606581687927246
0.031082868576049805
0.03292083740234375
0.03204345703125
0.029870033264160156
0.037285566329956055
0.039046287536621094
0.0347137451171875
0.02859663963317871
0.03328418731689453
0.030003070831298828
0.029402494430541992
0.029341697692871094
0.03388237953186035
0.03876900672912598
0.03877449035644531
0.031386613845825195
0.03004622459411621
0.042551517486572266
0.03479623794555664
0.04144859313964844
0.03139829635620117
0.04810953140258789
0.030640840530395508
0.03093719482421875
0.030300378799438477
0.04180598258972168
0.02966475486755371
0.04093480110168457
0.04186415672302246
0.04209446907043457
0.033102989196777344
0.0402524471282959
0.030292272567749023
0.031073570251464844
0.04923367500305176
