0.03318643569946289
0.02466893196105957
0.024806499481201172
0.025748014450073242
0.026856184005737305
0.025376081466674805
0.034033775329589844
0.03135395050048828
0.048665523529052734
0.028226613998413086
0.026397705078125
0.028130769729614258
0.03304123878479004
0.030521154403686523
0.02878427505493164
0.02823185920715332
0.024569034576416016
0.026255369186401367
0.024004459381103516
0.024620532989501953
0.027545928955078125
0.02811908721923828
0.024243593215942383
0.028748035430908203
0.023052215576171875
0.030482053756713867
0.027606725692749023
0.027413368225097656
0.030213594436645508
0.0237271785736084
0.027240753173828125
0.024480342864990234
0.025676727294921875
0.02538275718688965
0.030161380767822266
0.028819799423217773
0.026131391525268555
0.024956941604614258
0.025516986846923828
0.024460554122924805
0.02352142333984375
0.02502131462097168
0.024204254150390625
0.023520946502685547
0.026454925537109375
0.03318953514099121
0.025970935821533203
0.031128406524658203
0.02503490447998047
0.029038667678833008
