0.03867673873901367
0.02590775489807129
0.03378558158874512
0.030269145965576172
0.027081966400146484
0.024914264678955078
0.02306818962097168
0.0242767333984375
0.02603316307067871
0.02678537368774414
0.02412581443786621
0.027350664138793945
0.024235963821411133
0.0262601375579834
0.02441573143005371
0.026836872100830078
0.025639057159423828
0.023590087890625
0.02869892120361328
0.02374434471130371
0.024524450302124023
0.024980545043945312
0.02578115463256836
0.026442527770996094
0.024622678756713867
0.026845693588256836
0.024759292602539062
0.025967121124267578
0.026036977767944336
0.02574467658996582
0.02727198600769043
0.026352643966674805
0.024240493774414062
0.027884244918823242
0.024429798126220703
0.024921894073486328
0.02504277229309082
0.027687788009643555
0.029160022735595703
0.025901079177856445
0.023985624313354492
0.02713298797607422
0.031485557556152344
0.02392745018005371
0.02753615379333496
0.026371240615844727
0.030680418014526367
0.026267528533935547
0.02479100227355957
0.027142047882080078
