1.1014623641967773
1.0522520542144775
1.0535378456115723
1.0512654781341553
1.0615122318267822
1.0465500354766846
1.0588572025299072
1.0495572090148926
1.0588650703430176
1.0511925220489502
1.0562019348144531
1.0518510341644287
1.0539207458496094
1.0591611862182617
1.0494368076324463
1.0526492595672607
1.0519275665283203
1.0533277988433838
1.0509672164916992
1.0486900806427002
1.052011489868164
1.0473346710205078
1.0511019229888916
1.0565454959869385
1.0493454933166504
1.0482258796691895
1.0461714267730713
1.0483427047729492
1.060605764389038
1.0521352291107178
1.0622351169586182
1.051271677017212
1.0545611381530762
1.0516748428344727
1.04575514793396
1.0553271770477295
1.05633544921875
1.0483729839324951
1.0498101711273193
1.0517148971557617
1.0574462413787842
1.0511469841003418
1.0461053848266602
1.0471727848052979
1.0476069450378418
1.0510263442993164
1.0449855327606201
1.052527904510498
1.0683729648590088
1.0571684837341309
