0.04764699935913086
0.024427413940429688
0.023394346237182617
0.023195266723632812
0.022134065628051758
0.02271294593811035
0.02232837677001953
0.02271413803100586
0.021366119384765625
0.02909231185913086
0.022690773010253906
0.028119564056396484
0.02262735366821289
0.02165532112121582
0.022480249404907227
0.023188114166259766
0.022474288940429688
0.0229184627532959
0.02339458465576172
0.02110910415649414
0.02337813377380371
0.02449178695678711
0.021446704864501953
0.02398681640625
0.02217578887939453
0.024965763092041016
0.023485660552978516
0.022408485412597656
0.03210306167602539
0.022030115127563477
0.02616095542907715
0.022544145584106445
0.02800917625427246
0.021913528442382812
0.02595686912536621
0.022397994995117188
0.022429466247558594
0.022611379623413086
0.022198915481567383
0.02600693702697754
0.02888941764831543
0.0233917236328125
0.021695375442504883
0.023204565048217773
0.026238441467285156
0.021352529525756836
0.023029088973999023
0.02174091339111328
0.022083520889282227
0.02373981475830078
