1.0928421020507812
1.0489728450775146
1.0503346920013428
1.0484514236450195
1.0488817691802979
1.0498268604278564
1.0482854843139648
1.054229974746704
1.0508499145507812
1.0468430519104004
1.0484862327575684
1.0523805618286133
1.0536296367645264
1.0537028312683105
1.0649542808532715
1.0476949214935303
1.045466423034668
1.0425951480865479
1.0488061904907227
1.0532054901123047
1.0555529594421387
1.0524096488952637
1.0466570854187012
1.0580112934112549
1.0472896099090576
1.0503637790679932
1.0542120933532715
1.0463526248931885
1.0503437519073486
1.054504156112671
1.0540752410888672
1.069033145904541
1.047957181930542
1.0473501682281494
1.0488519668579102
1.0516109466552734
1.0457425117492676
1.0542428493499756
1.0477349758148193
1.058485984802246
1.049774169921875
1.0527915954589844
1.061607837677002
1.0458929538726807
1.0610361099243164
1.054502248764038
1.0534694194793701
1.0495760440826416
1.054934024810791
1.0464057922363281
