0.03481459617614746
0.024169445037841797
0.030063390731811523
0.025249242782592773
0.027231931686401367
0.02631068229675293
0.024465322494506836
0.02806997299194336
0.024106502532958984
0.025030851364135742
0.029941082000732422
0.02582836151123047
0.02476024627685547
0.0309295654296875
0.0250856876373291
0.029180526733398438
0.02702498435974121
0.02630019187927246
0.024136066436767578
0.029527902603149414
0.023834943771362305
0.025725364685058594
0.024533987045288086
0.026147127151489258
0.030705928802490234
0.024459123611450195
0.02681255340576172
0.028123140335083008
0.025449514389038086
0.024765729904174805
0.026683807373046875
0.025586366653442383
0.025606870651245117
0.023860931396484375
0.027630329132080078
0.02587270736694336
0.02798771858215332
0.024625539779663086
0.024539709091186523
0.026337862014770508
0.028887510299682617
0.02474236488342285
0.027152299880981445
0.025458812713623047
0.02399134635925293
0.024288654327392578
0.025060176849365234
0.02652573585510254
0.023828506469726562
0.024046659469604492
