0.03169131278991699
0.023596763610839844
0.02324652671813965
0.023087024688720703
0.0244753360748291
0.02332925796508789
0.022409439086914062
0.03174638748168945
0.02205491065979004
0.02345561981201172
0.024193763732910156
0.02143096923828125
0.022577762603759766
0.021610021591186523
0.022867441177368164
0.02193307876586914
0.022405385971069336
0.025796175003051758
0.025550365447998047
0.024117469787597656
0.021892547607421875
0.02242755889892578
0.02361011505126953
0.023431062698364258
0.02944207191467285
0.022348880767822266
0.02230358123779297
0.0235595703125
0.024877548217773438
0.023356914520263672
0.024953603744506836
0.027182579040527344
0.02350783348083496
0.025250673294067383
0.022917747497558594
0.02199721336364746
0.022149324417114258
0.02419137954711914
0.02675461769104004
0.02258777618408203
0.024228572845458984
0.025583982467651367
0.0233609676361084
0.023691654205322266
0.023728132247924805
0.026386260986328125
0.02247452735900879
0.025661945343017578
0.021625280380249023
0.028815746307373047
