0.025070905685424805
0.024335622787475586
0.02294754981994629
0.021939992904663086
0.035221099853515625
0.02176213264465332
0.022282123565673828
0.023180246353149414
0.0238497257232666
0.02211928367614746
0.022791624069213867
0.022835969924926758
0.02337932586669922
0.02662181854248047
0.02800130844116211
0.03423047065734863
0.022560596466064453
0.022165298461914062
0.022135019302368164
0.025279521942138672
0.02377462387084961
0.022650480270385742
0.026102304458618164
0.03341341018676758
0.02511143684387207
0.02280902862548828
0.02230072021484375
0.02706456184387207
0.022757291793823242
0.02361440658569336
0.022254467010498047
0.022539377212524414
0.023190736770629883
0.027219057083129883
0.02314591407775879
0.022114038467407227
0.02226853370666504
0.03363919258117676
0.022963523864746094
0.022016286849975586
0.02804398536682129
0.02985382080078125
0.024473190307617188
0.023326396942138672
0.023099899291992188
0.026926279067993164
0.022413015365600586
0.02275872230529785
0.02513718605041504
0.023899078369140625
