0.035778045654296875
0.021650314331054688
0.022316694259643555
0.024086713790893555
0.025925159454345703
0.02233719825744629
0.021686077117919922
0.024047136306762695
0.024771451950073242
0.02507758140563965
0.022185087203979492
0.02309441566467285
0.022682905197143555
0.023230552673339844
0.021860361099243164
0.026789188385009766
0.022853851318359375
0.022466182708740234
0.023714542388916016
0.02199530601501465
0.022670507431030273
0.022192955017089844
0.02704024314880371
0.02205348014831543
0.02259087562561035
0.022795438766479492
0.02223372459411621
0.02380824089050293
0.02420496940612793
0.02264118194580078
0.022957563400268555
0.02663731575012207
0.02242732048034668
0.021333694458007812
0.021880626678466797
0.022484779357910156
0.02320241928100586
0.022479772567749023
0.022147417068481445
0.022731542587280273
0.025395870208740234
0.022105932235717773
0.023003578186035156
0.02328014373779297
0.022430896759033203
0.022542238235473633
0.021582841873168945
0.021648406982421875
0.021280765533447266
0.02190685272216797
