0.02844381332397461
0.023638010025024414
0.02502155303955078
0.022637367248535156
0.02213430404663086
0.0221560001373291
0.023901939392089844
0.02164602279663086
0.026648521423339844
0.032006263732910156
0.022901535034179688
0.02361440658569336
0.0240323543548584
0.02261829376220703
0.02178788185119629
0.021439313888549805
0.025950908660888672
0.02299785614013672
0.022400856018066406
0.0217740535736084
0.02558732032775879
0.0228269100189209
0.026221513748168945
0.02272629737854004
0.02154684066772461
0.022228479385375977
0.030573129653930664
0.022881031036376953
0.02300286293029785
0.022855043411254883
0.021434307098388672
0.0248410701751709
0.024596452713012695
0.023457050323486328
0.022922277450561523
0.02263665199279785
0.02332472801208496
0.023928403854370117
0.03251314163208008
0.023762226104736328
0.022649765014648438
0.025110244750976562
0.02352118492126465
0.025043010711669922
0.022526979446411133
0.023530244827270508
0.02215886116027832
0.022493362426757812
0.022624969482421875
0.03616786003112793
