1.0529513359069824
1.029439926147461
1.0322613716125488
1.031195878982544
1.0356700420379639
1.0338902473449707
1.031456470489502
1.0328972339630127
1.0273003578186035
1.0312488079071045
1.024332046508789
1.0312120914459229
1.026782512664795
1.0277607440948486
1.0269720554351807
1.0296404361724854
1.0363438129425049
1.0320658683776855
1.0303730964660645
1.0301973819732666
1.0278735160827637
1.027618408203125
1.031569480895996
1.0321850776672363
1.0299103260040283
1.0272696018218994
1.0306205749511719
1.04056978225708
1.0362060070037842
1.028557538986206
1.028196096420288
1.0278129577636719
1.0276777744293213
1.0330886840820312
1.0347375869750977
1.0259640216827393
1.0224545001983643
1.0269677639007568
1.0295534133911133
1.028977870941162
1.0303127765655518
1.0313475131988525
1.0305402278900146
1.029412031173706
1.0293738842010498
1.029282569885254
1.029294729232788
1.0259878635406494
1.031247854232788
1.0261890888214111
