1.0545904636383057
0.06499719619750977
0.05289649963378906
0.20089983940124512
0.05678820610046387
1.0222856998443604
0.06139564514160156
0.055442094802856445
0.07958245277404785
0.08573222160339355
0.09468770027160645
0.07622289657592773
0.04758858680725098
0.14030885696411133
0.06212782859802246
0.060186147689819336
0.05647397041320801
0.07727789878845215
0.0666193962097168
0.26004505157470703
0.0517268180847168
0.05570816993713379
0.07831215858459473
0.06368255615234375
0.061339616775512695
0.05689668655395508
0.05617332458496094
0.21139240264892578
1.0254182815551758
1.0426504611968994
1.0321052074432373
1.0262138843536377
1.031635046005249
1.0307238101959229
1.0297260284423828
1.02817702293396
1.0326335430145264
1.0282716751098633
1.0293469429016113
1.0361311435699463
1.0370628833770752
1.033400535583496
1.030808925628662
1.02671217918396
1.0294013023376465
1.0355572700500488
1.0303921699523926
1.029797077178955
1.0319669246673584
1.0398223400115967
