0.0407109260559082
0.028353214263916016
0.0253446102142334
0.02705836296081543
0.028291702270507812
0.03179574012756348
0.030701398849487305
0.02642226219177246
0.028882741928100586
0.027699708938598633
0.031149625778198242
0.029107332229614258
0.027213335037231445
0.02971673011779785
0.026659488677978516
0.025006771087646484
0.027744531631469727
0.02483963966369629
0.025346994400024414
0.0305330753326416
0.025359392166137695
0.026128292083740234
0.030063390731811523
0.02844834327697754
0.026711225509643555
0.02715778350830078
0.029786109924316406
0.02815532684326172
0.03417706489562988
0.029164552688598633
0.02617478370666504
0.027268409729003906
0.02511906623840332
0.02732682228088379
0.035521507263183594
0.02638721466064453
0.033910274505615234
0.027240991592407227
0.04063868522644043
0.025726795196533203
0.027014970779418945
0.027789831161499023
0.03023505210876465
0.030063390731811523
0.026990890502929688
0.03217291831970215
0.031618356704711914
0.026534557342529297
0.04350686073303223
0.03073596954345703
