0.029355764389038086
0.022704124450683594
0.02327704429626465
0.023145198822021484
0.021968841552734375
0.02378678321838379
0.022388696670532227
0.028609514236450195
0.023127317428588867
0.022843360900878906
0.021683454513549805
0.023319244384765625
0.022011995315551758
0.02323150634765625
0.026923418045043945
0.023504257202148438
0.02187514305114746
0.027642250061035156
0.022198915481567383
0.02205824851989746
0.03901076316833496
0.022406816482543945
0.02385258674621582
0.021559953689575195
0.023148536682128906
0.0226132869720459
0.02158379554748535
0.023122549057006836
0.022546052932739258
0.022067546844482422
0.027938127517700195
0.022616863250732422
0.026680707931518555
0.026102304458618164
0.0231630802154541
0.023513078689575195
0.02448129653930664
0.029867887496948242
0.02289581298828125
0.02672123908996582
0.02363872528076172
0.03152608871459961
0.022070646286010742
0.02225184440612793
0.028442859649658203
0.02190876007080078
0.0249481201171875
0.02257061004638672
0.02253127098083496
0.02634739875793457
