0.04682016372680664
0.02214217185974121
0.022443294525146484
0.02649068832397461
0.022251129150390625
0.026495933532714844
0.026308774948120117
0.023600101470947266
0.02251911163330078
0.022190332412719727
0.027696847915649414
0.022030115127563477
0.025308847427368164
0.02338266372680664
0.027487993240356445
0.02204275131225586
0.022150039672851562
0.022150039672851562
0.021465539932250977
0.022004365921020508
0.02456974983215332
0.02303290367126465
0.023422718048095703
0.02267622947692871
0.022817134857177734
0.022820234298706055
0.0225369930267334
0.023351430892944336
0.022781848907470703
0.02266383171081543
0.021446943283081055
0.025884628295898438
0.026086091995239258
0.028191804885864258
0.027621030807495117
0.022356033325195312
0.022385120391845703
0.023923873901367188
0.024383068084716797
0.02438831329345703
0.021831274032592773
0.0260164737701416
0.02197742462158203
0.021860361099243164
0.02291560173034668
0.02193307876586914
0.023868083953857422
0.023830652236938477
0.02215290069580078
0.024070024490356445
