0.040374755859375
0.02826714515686035
0.035970449447631836
0.02853989601135254
0.02818584442138672
0.03299307823181152
0.02734088897705078
0.02821660041809082
0.029959917068481445
0.030683040618896484
0.027558088302612305
0.03161883354187012
0.028050661087036133
0.02956700325012207
0.027040719985961914
0.02830338478088379
0.028676271438598633
0.03475761413574219
0.027743101119995117
0.032888174057006836
0.03595232963562012
0.031159162521362305
0.03484797477722168
0.032804250717163086
0.03202629089355469
0.026874065399169922
0.027326107025146484
0.028885602951049805
0.030404090881347656
0.03268241882324219
0.03011488914489746
0.028439998626708984
0.03203701972961426
0.030254840850830078
0.03237318992614746
0.03307461738586426
0.027178049087524414
0.02737593650817871
0.035369157791137695
0.02849555015563965
0.029591798782348633
0.029621601104736328
0.0345616340637207
0.03206324577331543
0.03192019462585449
0.02889418601989746
0.029880046844482422
0.03350830078125
0.02881622314453125
0.028758525848388672
