1.0426673889160156
1.0247914791107178
1.024259090423584
1.0268490314483643
1.0298950672149658
1.0265090465545654
1.0269665718078613
1.025618553161621
1.02772855758667
1.0296943187713623
1.0258235931396484
1.0278544425964355
1.027498483657837
1.0250043869018555
1.0236022472381592
1.0256156921386719
1.0241661071777344
1.0300047397613525
1.025646686553955
1.0239896774291992
1.0274407863616943
1.0248844623565674
1.0269873142242432
1.0275976657867432
1.0282433032989502
1.0247385501861572
1.0253937244415283
1.0234301090240479
1.0271730422973633
1.0256762504577637
1.0279130935668945
1.0254590511322021
1.0287017822265625
1.0257854461669922
1.0267302989959717
1.026942491531372
1.0239300727844238
1.0297198295593262
1.0270586013793945
1.025552749633789
1.0274999141693115
1.0252835750579834
1.0288739204406738
1.0245957374572754
1.0241711139678955
1.0312633514404297
1.0261526107788086
1.0253140926361084
1.0266821384429932
1.0247962474822998
