0.3126709461212158
0.06889581680297852
0.049404144287109375
0.12203288078308105
0.026403427124023438
1.0240166187286377
0.08119344711303711
0.06353306770324707
0.05557656288146973
0.09464573860168457
0.06203198432922363
0.10544681549072266
0.11822247505187988
0.05687665939331055
0.06736350059509277
0.05338859558105469
0.06218218803405762
0.05516839027404785
0.147691011428833
0.09123468399047852
0.05663871765136719
0.06418299674987793
0.09736275672912598
0.10788106918334961
0.05616021156311035
0.10314083099365234
0.2592592239379883
0.09098553657531738
1.0248422622680664
1.0240097045898438
1.0275847911834717
1.034658432006836
1.0264484882354736
1.0315449237823486
1.02970552444458
1.0288896560668945
1.0271012783050537
1.0335650444030762
1.0334868431091309
1.0317516326904297
1.0260009765625
1.0284473896026611
1.028775930404663
1.0327932834625244
1.03511381149292
1.0377614498138428
1.025212287902832
1.028001070022583
1.0247313976287842
1.024799108505249
