0.034728050231933594
0.021328210830688477
0.022023439407348633
0.021678924560546875
0.023632049560546875
0.025829315185546875
0.023067235946655273
0.02184009552001953
0.022669553756713867
0.022859811782836914
0.0214846134185791
0.022539615631103516
0.024661779403686523
0.02226996421813965
0.02321767807006836
0.024474620819091797
0.02269721031188965
0.022973060607910156
0.022278308868408203
0.023879289627075195
0.022600650787353516
0.02211165428161621
0.026213645935058594
0.024225234985351562
0.024950742721557617
0.022641897201538086
0.023947715759277344
0.02270984649658203
0.023119449615478516
0.02547001838684082
0.023737668991088867
0.02351522445678711
0.034702301025390625
0.023177385330200195
0.025635719299316406
0.023868083953857422
0.023831605911254883
0.022975683212280273
0.02312946319580078
0.024628162384033203
0.023159503936767578
0.021503686904907227
0.023205280303955078
0.02495265007019043
0.022766828536987305
0.023578405380249023
0.025578022003173828
0.02210712432861328
0.021653175354003906
0.029241085052490234
