0.043031930923461914
0.02472519874572754
0.025157928466796875
0.024909257888793945
0.024672269821166992
0.027526378631591797
0.03306317329406738
0.025819063186645508
0.028667211532592773
0.0251312255859375
0.027349233627319336
0.03088068962097168
0.024983644485473633
0.024453163146972656
0.023682117462158203
0.026929616928100586
0.026264667510986328
0.024923086166381836
0.024480104446411133
0.028856277465820312
0.02736949920654297
0.025470972061157227
0.02572941780090332
0.026740312576293945
0.024031639099121094
0.023403406143188477
0.024543046951293945
0.02484869956970215
0.024492263793945312
0.03812980651855469
0.02623128890991211
0.02634572982788086
0.02480292320251465
0.023618459701538086
0.024164915084838867
0.027667760848999023
0.025893688201904297
0.026615619659423828
0.026661157608032227
0.02682971954345703
0.02679753303527832
0.028495311737060547
0.024674177169799805
0.032028913497924805
0.02636575698852539
0.02416515350341797
0.026821374893188477
0.029415130615234375
0.02549433708190918
0.024321556091308594
