0.0414125919342041
0.027124404907226562
0.026605606079101562
0.023482561111450195
0.023836612701416016
0.02314901351928711
0.023697614669799805
0.023810625076293945
0.026364564895629883
0.025777578353881836
0.026598691940307617
0.02498149871826172
0.02745199203491211
0.026763916015625
0.02344036102294922
0.026908397674560547
0.024045467376708984
0.025296688079833984
0.026177167892456055
0.024753332138061523
0.02480912208557129
0.025016307830810547
0.025497913360595703
0.02370285987854004
0.025438547134399414
0.025092363357543945
0.02949976921081543
0.025979042053222656
0.025100231170654297
0.029152870178222656
0.025708436965942383
0.025662899017333984
0.024785757064819336
0.026423215866088867
0.025546789169311523
0.025103092193603516
0.024367332458496094
0.02658987045288086
0.025038480758666992
0.02617621421813965
0.02738499641418457
0.025575637817382812
0.027944564819335938
0.024141788482666016
0.028124094009399414
0.025902509689331055
0.024088144302368164
0.02498483657836914
0.028049707412719727
0.0245816707611084
