0.03662919998168945
0.02175116539001465
0.02935338020324707
0.021991968154907227
0.02276158332824707
0.028284549713134766
0.02339649200439453
0.02475762367248535
0.022733688354492188
0.022937297821044922
0.0219268798828125
0.023551464080810547
0.0223233699798584
0.02348780632019043
0.025535106658935547
0.02150583267211914
0.022554636001586914
0.027208566665649414
0.023751020431518555
0.022755146026611328
0.024991750717163086
0.022581815719604492
0.0222015380859375
0.02263927459716797
0.022852182388305664
0.021659135818481445
0.02339315414428711
0.024610519409179688
0.022053241729736328
0.02282261848449707
0.024216175079345703
0.022161245346069336
0.0228726863861084
0.022459983825683594
0.021830320358276367
0.030947208404541016
0.022272348403930664
0.022720813751220703
0.02410149574279785
0.021424293518066406
0.022083759307861328
0.021730661392211914
0.023383617401123047
0.023559093475341797
0.021288394927978516
0.02138042449951172
0.021798372268676758
0.02299952507019043
0.023827075958251953
0.022302865982055664
