1.0509462356567383
1.032604694366455
1.028653860092163
1.034273624420166
1.030449628829956
1.033691167831421
1.033914566040039
1.0255155563354492
1.0314140319824219
1.0239994525909424
1.0300097465515137
1.0283899307250977
1.0294594764709473
1.031324863433838
1.0315220355987549
1.0256574153900146
1.028184175491333
1.030189037322998
1.0324032306671143
1.031590461730957
1.025503158569336
1.0302221775054932
1.032102108001709
1.0363895893096924
1.0297701358795166
1.0316035747528076
1.030224323272705
1.0334408283233643
1.0308845043182373
1.027968406677246
1.029498815536499
1.0310392379760742
1.0276074409484863
1.0304570198059082
1.0281262397766113
1.0322930812835693
1.0335350036621094
1.0290651321411133
1.0321464538574219
1.0332269668579102
1.026259183883667
1.03171706199646
1.0308458805084229
1.030564785003662
1.0279591083526611
1.0276539325714111
1.0302009582519531
1.0267772674560547
1.0267608165740967
1.0302886962890625
