1.0803508758544922
1.0553882122039795
1.0490927696228027
1.0521903038024902
1.0499207973480225
1.0485146045684814
1.0569651126861572
1.0478641986846924
1.0521485805511475
1.0503525733947754
1.0547254085540771
1.0501298904418945
1.053473949432373
1.046161413192749
1.0580799579620361
1.0474941730499268
1.0658516883850098
1.0527043342590332
1.0442078113555908
1.0500760078430176
1.0478076934814453
1.055420160293579
1.0551018714904785
1.0474488735198975
1.0483667850494385
1.0470032691955566
1.0460319519042969
1.051534652709961
1.04941987991333
1.0521621704101562
1.0532796382904053
1.0479483604431152
1.0549767017364502
1.0492706298828125
1.0485060214996338
1.0513520240783691
1.0496852397918701
1.056124210357666
1.0581436157226562
1.0524821281433105
1.0562880039215088
1.0546674728393555
1.0510022640228271
1.0537281036376953
1.082261562347412
1.0464897155761719
1.047191858291626
1.0537559986114502
1.0494751930236816
1.0573604106903076
