0.2044849395751953
0.03601670265197754
0.03772902488708496
0.036400794982910156
0.04046964645385742
0.040056467056274414
0.03427290916442871
0.04122161865234375
0.0333404541015625
0.05449104309082031
0.04313492774963379
0.03540682792663574
0.04184269905090332
0.03193330764770508
0.04103541374206543
0.03995776176452637
0.03269791603088379
0.0442357063293457
0.03511929512023926
0.03287005424499512
0.0332493782043457
0.03507089614868164
0.03557705879211426
0.04131817817687988
0.044768571853637695
0.03708219528198242
0.039060115814208984
0.04745817184448242
0.03650021553039551
0.04436063766479492
0.0447230339050293
0.03239083290100098
0.039455413818359375
0.036167144775390625
0.03652501106262207
0.03849029541015625
0.03969740867614746
0.048105478286743164
0.05253767967224121
0.036240577697753906
0.03651118278503418
0.037604331970214844
0.04595637321472168
0.03707408905029297
0.03975796699523926
0.04043316841125488
0.0434880256652832
0.04385209083557129
0.03745269775390625
0.03851652145385742
