1.055915117263794
0.05742216110229492
0.13408613204956055
0.06746983528137207
0.06927943229675293
1.0255181789398193
0.05562400817871094
0.06734395027160645
0.04809713363647461
0.061920166015625
0.07159113883972168
0.09768319129943848
0.05056881904602051
0.09183287620544434
0.16637897491455078
0.06680440902709961
0.06631350517272949
0.0763247013092041
0.054908037185668945
0.06098055839538574
0.12416315078735352
0.049861907958984375
0.053488731384277344
0.11255812644958496
0.08614540100097656
0.05144333839416504
0.12143397331237793
0.07670331001281738
0.05317211151123047
0.2803804874420166
1.0259361267089844
1.030142068862915
1.0293140411376953
1.0250763893127441
1.0365753173828125
1.0313992500305176
1.0248563289642334
1.0394811630249023
1.0330455303192139
1.0343515872955322
1.0314595699310303
1.028470754623413
1.0243635177612305
1.031430721282959
1.0353038311004639
1.0336871147155762
1.0315475463867188
1.0302798748016357
1.0298399925231934
1.032599687576294
