0.03114938735961914
0.023367643356323242
0.022813081741333008
0.02399444580078125
0.02904200553894043
0.030306577682495117
0.022695302963256836
0.0241544246673584
0.022220373153686523
0.02369070053100586
0.02347564697265625
0.02748250961303711
0.03339815139770508
0.023090600967407227
0.023404359817504883
0.022571325302124023
0.02233433723449707
0.022352218627929688
0.023781538009643555
0.03767251968383789
0.030176162719726562
0.02274489402770996
0.023861169815063477
0.024098873138427734
0.02194809913635254
0.02456378936767578
0.03114175796508789
0.023752450942993164
0.024030208587646484
0.026353120803833008
0.027053117752075195
0.023521900177001953
0.023590087890625
0.023615360260009766
0.022884130477905273
0.022780418395996094
0.024751663208007812
0.02613091468811035
0.023091554641723633
0.022949695587158203
0.023099899291992188
0.02216482162475586
0.022124528884887695
0.023303747177124023
0.023125171661376953
0.026000499725341797
0.02288079261779785
0.02716827392578125
0.022716045379638672
0.02536153793334961
