0.033342838287353516
0.02784442901611328
0.039177894592285156
0.02578115463256836
0.025267601013183594
0.029033422470092773
0.024941205978393555
0.025487184524536133
0.023237228393554688
0.02321338653564453
0.030400514602661133
0.03129172325134277
0.024036169052124023
0.023973464965820312
0.02712273597717285
0.025194883346557617
0.024869441986083984
0.025250911712646484
0.023878812789916992
0.02807140350341797
0.02704906463623047
0.025011062622070312
0.025756120681762695
0.02479863166809082
0.02471613883972168
0.02474665641784668
0.030428409576416016
0.026993989944458008
0.027525663375854492
0.028055906295776367
0.025918960571289062
0.02527904510498047
0.04490375518798828
0.02764105796813965
0.024140119552612305
0.02886652946472168
0.027919530868530273
0.025324106216430664
0.02406620979309082
0.02811264991760254
0.024105310440063477
0.025090456008911133
0.028507709503173828
0.026456356048583984
0.027608633041381836
0.03184080123901367
0.025908946990966797
0.024995803833007812
0.02383136749267578
0.030745744705200195
