0.024100542068481445
0.021855592727661133
0.02834916114807129
0.022770166397094727
0.0217893123626709
0.02230381965637207
0.022158384323120117
0.022239208221435547
0.02415156364440918
0.0242464542388916
0.023131132125854492
0.021892547607421875
0.022428512573242188
0.022215843200683594
0.02250385284423828
0.023656606674194336
0.021765708923339844
0.022223472595214844
0.022433996200561523
0.022846460342407227
0.022435903549194336
0.021782875061035156
0.02145981788635254
0.021265745162963867
0.025320053100585938
0.021525859832763672
0.024022817611694336
0.02350926399230957
0.02334284782409668
0.021810293197631836
0.03395366668701172
0.02263188362121582
0.022925138473510742
0.022757768630981445
0.023650646209716797
0.021336078643798828
0.0219576358795166
0.0270540714263916
0.024026870727539062
0.02284860610961914
0.023047447204589844
0.02198624610900879
0.022125959396362305
0.02344536781311035
0.02195262908935547
0.027208328247070312
0.021754026412963867
0.02417159080505371
0.024192094802856445
0.021630287170410156
