0.044370174407958984
0.02262568473815918
0.023106813430786133
0.023038148880004883
0.02202892303466797
0.022871732711791992
0.022412538528442383
0.022229909896850586
0.02257061004638672
0.02207040786743164
0.02282857894897461
0.022445201873779297
0.026006460189819336
0.024340391159057617
0.022934675216674805
0.029355287551879883
0.026218414306640625
0.023908138275146484
0.021653413772583008
0.023047924041748047
0.022381067276000977
0.021661758422851562
0.05259132385253906
0.024181127548217773
0.021878957748413086
0.022149085998535156
0.024802684783935547
0.02186298370361328
0.023665189743041992
0.024439573287963867
0.024425983428955078
0.025415897369384766
0.022187471389770508
0.033010244369506836
0.024799346923828125
0.022912263870239258
0.023365497589111328
0.02188897132873535
0.02323293685913086
0.024591922760009766
0.025088787078857422
0.023547887802124023
0.022944927215576172
0.022067546844482422
0.02323174476623535
0.022616147994995117
0.022794246673583984
0.024845361709594727
0.021604299545288086
0.02148127555847168
