0.21690821647644043
0.040505170822143555
0.037309885025024414
0.07097840309143066
0.03917860984802246
0.040700435638427734
0.04383277893066406
0.03784966468811035
0.06277108192443848
0.03872537612915039
0.034645795822143555
0.039072275161743164
0.032083988189697266
0.04321789741516113
0.07720828056335449
0.040413856506347656
0.035323381423950195
0.041023969650268555
0.0481112003326416
0.05833888053894043
0.04412674903869629
0.040236711502075195
0.04264712333679199
0.038266897201538086
0.0449826717376709
0.05983138084411621
0.04076027870178223
0.05196213722229004
0.05800962448120117
0.06260275840759277
0.06927895545959473
0.039786577224731445
0.04947090148925781
0.03886985778808594
0.04170107841491699
0.060521602630615234
0.04081845283508301
0.0537869930267334
0.03899550437927246
0.04097437858581543
0.0417935848236084
0.06178021430969238
0.03973031044006348
0.03861498832702637
0.04356789588928223
0.03038191795349121
1.0267269611358643
0.0580744743347168
0.04681730270385742
0.039916038513183594
