0.32124996185302734
0.03642535209655762
0.04619741439819336
0.03447103500366211
0.04123735427856445
0.05933070182800293
0.04703259468078613
0.03456616401672363
0.03392767906188965
0.03368115425109863
0.05062437057495117
0.04211091995239258
0.042624473571777344
0.07000422477722168
0.04556417465209961
0.03742027282714844
0.04043698310852051
0.03518176078796387
0.042676448822021484
0.05014824867248535
0.038103580474853516
0.03579568862915039
0.03659462928771973
0.035317420959472656
0.03616905212402344
0.0361170768737793
0.04170036315917969
0.04023551940917969
0.0659170150756836
0.04191327095031738
0.0387578010559082
0.04725480079650879
0.09188175201416016
0.05523538589477539
0.04114055633544922
0.04198265075683594
0.06182742118835449
0.03889775276184082
0.06412768363952637
0.04080986976623535
0.04343104362487793
0.03692126274108887
0.04119992256164551
0.026278018951416016
1.0281414985656738
0.043900489807128906
0.0567929744720459
0.04745078086853027
0.04252195358276367
0.044579505920410156
