1.0892622470855713
1.0489330291748047
1.0514049530029297
1.048255443572998
1.053131341934204
1.0545647144317627
1.0476207733154297
1.0529899597167969
1.0482192039489746
1.0561246871948242
1.0480883121490479
1.0523357391357422
1.0505635738372803
1.0511987209320068
1.0530452728271484
1.0528788566589355
1.0479700565338135
1.0465757846832275
1.0423438549041748
1.0460619926452637
1.051041603088379
1.0627052783966064
1.0543692111968994
1.050412654876709
1.0499544143676758
1.0529379844665527
1.0560355186462402
1.0478665828704834
1.0572426319122314
1.0517594814300537
1.0531253814697266
1.0435481071472168
1.0471596717834473
1.0647861957550049
1.062633991241455
1.0472519397735596
1.0569496154785156
1.0517702102661133
1.0479016304016113
1.0485799312591553
1.0492115020751953
1.0561165809631348
1.050213098526001
1.0481374263763428
1.0535264015197754
1.0455050468444824
1.052053451538086
1.0446064472198486
1.0449450016021729
1.056154489517212
