0.028254032135009766
0.025213956832885742
0.02821660041809082
0.025602102279663086
0.02917027473449707
0.024137496948242188
0.026731252670288086
0.02541661262512207
0.025896072387695312
0.02486419677734375
0.023668289184570312
0.0279843807220459
0.028804302215576172
0.0241546630859375
0.025159358978271484
0.030784130096435547
0.023688316345214844
0.023651123046875
0.025050640106201172
0.024398326873779297
0.024351835250854492
0.02724909782409668
0.023795604705810547
0.02639293670654297
0.02506399154663086
0.02416682243347168
0.025259971618652344
0.04258441925048828
0.02499246597290039
0.02542591094970703
0.02373361587524414
0.026607513427734375
0.025191307067871094
0.025876522064208984
0.024953842163085938
0.026988983154296875
0.02389240264892578
0.02351212501525879
0.028469085693359375
0.024016618728637695
0.025700092315673828
0.024699687957763672
0.026012659072875977
0.023091554641723633
0.02702498435974121
0.02480173110961914
0.030836820602416992
0.0312952995300293
0.02341151237487793
0.024492979049682617
