0.27915358543395996
1.026458978652954
1.0252797603607178
1.034515380859375
1.0257549285888672
1.0231044292449951
1.0246949195861816
0.0463566780090332
0.04770469665527344
0.07311105728149414
0.045508623123168945
0.041593074798583984
0.043637752532958984
0.06003975868225098
0.055716514587402344
0.08292746543884277
0.06876277923583984
0.05308413505554199
0.04400491714477539
0.05116915702819824
0.09505724906921387
0.05402183532714844
0.08093023300170898
0.1686556339263916
0.042151451110839844
0.06234550476074219
0.06815552711486816
0.05308890342712402
0.06497383117675781
0.05922341346740723
0.04745984077453613
0.04250073432922363
0.05076861381530762
0.05771064758300781
0.07643294334411621
0.0539546012878418
0.04902386665344238
0.06580591201782227
0.0318753719329834
1.024024486541748
1.0264990329742432
1.0287723541259766
1.024899959564209
1.0287668704986572
1.0305404663085938
1.028752326965332
1.0264804363250732
1.0247306823730469
1.0265555381774902
1.0292084217071533
