0.31108760833740234
0.09514379501342773
0.0995025634765625
0.09577798843383789
0.09249544143676758
0.09706616401672363
0.10185503959655762
0.09387683868408203
0.0949709415435791
0.09056854248046875
0.0993814468383789
0.08955001831054688
0.08933138847351074
0.0909736156463623
0.12114906311035156
0.09806561470031738
0.09551382064819336
0.09733057022094727
0.09154891967773438
0.09761881828308105
0.09404540061950684
0.09483766555786133
0.09544062614440918
0.09069681167602539
0.09703421592712402
0.0914304256439209
0.09851717948913574
0.09585452079772949
0.0959782600402832
0.09815454483032227
0.09097027778625488
0.09605956077575684
0.10224246978759766
0.11052823066711426
0.10215592384338379
0.0988302230834961
0.09437179565429688
0.0959315299987793
0.09618139266967773
0.09481382369995117
0.09247255325317383
0.09199213981628418
0.0972440242767334
0.10570883750915527
0.09874486923217773
0.09443807601928711
0.09508299827575684
0.09683513641357422
0.10458207130432129
0.09649252891540527
