0.0388336181640625
0.02577829360961914
0.024982452392578125
0.0263364315032959
0.02883005142211914
0.026311159133911133
0.024225711822509766
0.024741172790527344
0.024466276168823242
0.02444171905517578
0.02437114715576172
0.025939464569091797
0.024522066116333008
0.026326417922973633
0.02456045150756836
0.023706912994384766
0.02376270294189453
0.027190446853637695
0.023093223571777344
0.02469944953918457
0.024204015731811523
0.0227510929107666
0.026745319366455078
0.03108072280883789
0.026169776916503906
0.02365565299987793
0.023106098175048828
0.028515100479125977
0.026591062545776367
0.028821229934692383
0.02562570571899414
0.024543285369873047
0.02785205841064453
0.024914979934692383
0.026122331619262695
0.025333166122436523
0.02793097496032715
0.024654150009155273
0.028908491134643555
0.024703264236450195
0.024596452713012695
0.024904489517211914
0.02277088165283203
0.02729058265686035
0.023680925369262695
0.022846460342407227
0.025102615356445312
0.02406787872314453
0.02368640899658203
0.02506852149963379
