0.04911541938781738
0.027898311614990234
0.028532743453979492
0.027345657348632812
0.030858516693115234
0.03505539894104004
0.026381969451904297
0.03013157844543457
0.02788519859313965
0.03616142272949219
0.026392698287963867
0.029386043548583984
0.027468204498291016
0.0258023738861084
0.0312502384185791
0.03319573402404785
0.03035426139831543
0.0288238525390625
0.0293576717376709
0.029033899307250977
0.034529685974121094
0.028637170791625977
0.026726961135864258
0.03000783920288086
0.027805566787719727
0.028993844985961914
0.027950286865234375
0.030072927474975586
0.033503055572509766
0.031563520431518555
0.031064510345458984
0.02729320526123047
0.02563333511352539
0.0299990177154541
0.027799129486083984
0.030651092529296875
0.02822732925415039
0.03840065002441406
0.029946088790893555
0.032708168029785156
0.027790307998657227
0.028752565383911133
0.0346066951751709
0.02729487419128418
0.027622461318969727
0.029282808303833008
0.02910447120666504
0.03206586837768555
0.0284271240234375
0.031117916107177734
