0.04686331748962402
0.02358269691467285
0.02421855926513672
0.03323006629943848
0.02399420738220215
0.02414727210998535
0.02589559555053711
0.025186538696289062
0.02361154556274414
0.02316761016845703
0.02444767951965332
0.026226520538330078
0.02427363395690918
0.027497291564941406
0.023787975311279297
0.023970365524291992
0.025832653045654297
0.023988008499145508
0.024940967559814453
0.028206825256347656
0.026168346405029297
0.02541065216064453
0.026144742965698242
0.025038957595825195
0.02538013458251953
0.02776050567626953
0.02744317054748535
0.024414539337158203
0.023653507232666016
0.024933576583862305
0.024692535400390625
0.02409529685974121
0.027022838592529297
0.025210857391357422
0.02457714080810547
0.026355981826782227
0.02548980712890625
0.025333642959594727
0.02381110191345215
0.02517867088317871
0.024837732315063477
0.025028705596923828
0.02503490447998047
0.023417949676513672
0.028131723403930664
0.025333166122436523
0.024908065795898438
0.027679443359375
0.02575373649597168
0.027073383331298828
