0.043343544006347656
0.033860206604003906
0.03200387954711914
0.031023740768432617
0.02988147735595703
0.03495216369628906
0.034450531005859375
0.027840614318847656
0.029115676879882812
0.033225297927856445
0.026999711990356445
0.029903650283813477
0.036531925201416016
0.03177499771118164
0.03653240203857422
0.031638145446777344
0.036821603775024414
0.030530929565429688
0.03070831298828125
0.029885292053222656
0.028778791427612305
0.032518625259399414
0.05477094650268555
0.03544974327087402
0.03974556922912598
0.0316157341003418
0.029355764389038086
0.030197620391845703
0.03232312202453613
0.03272247314453125
0.03496503829956055
0.032941341400146484
0.036225080490112305
0.030148029327392578
0.031699180603027344
0.028538227081298828
0.0338587760925293
0.035386085510253906
0.035809993743896484
0.030689477920532227
0.04064631462097168
0.028580904006958008
0.03365969657897949
0.04206109046936035
0.03808307647705078
0.031447649002075195
0.03130340576171875
0.031897544860839844
0.0311737060546875
0.04532027244567871
