0.05424857139587402
0.02284526824951172
0.03269553184509277
0.024587392807006836
0.022626638412475586
0.02176189422607422
0.02214789390563965
0.02345418930053711
0.022037506103515625
0.023537158966064453
0.024263858795166016
0.022755146026611328
0.02271556854248047
0.022905826568603516
0.024779319763183594
0.03159213066101074
0.023137569427490234
0.025518417358398438
0.02430891990661621
0.02159595489501953
0.023224353790283203
0.02268671989440918
0.021403074264526367
0.022390365600585938
0.026649951934814453
0.022536277770996094
0.022884607315063477
0.021932363510131836
0.023409605026245117
0.023038864135742188
0.028046369552612305
0.02467966079711914
0.026302814483642578
0.02292037010192871
0.024590253829956055
0.0227203369140625
0.022319316864013672
0.02328944206237793
0.0229952335357666
0.0217740535736084
0.021773815155029297
0.024196624755859375
0.02256011962890625
0.022260665893554688
0.02881765365600586
0.021623849868774414
0.023688554763793945
0.029007911682128906
0.02388739585876465
0.026505470275878906
