0.04686617851257324
0.02525615692138672
0.0261688232421875
0.025635242462158203
0.0231475830078125
0.02431344985961914
0.026844024658203125
0.026093721389770508
0.026067495346069336
0.023381471633911133
0.027931690216064453
0.027579069137573242
0.025331974029541016
0.024062395095825195
0.02553272247314453
0.02481842041015625
0.02439713478088379
0.03808093070983887
0.024554729461669922
0.02550792694091797
0.023949861526489258
0.023703813552856445
0.026173114776611328
0.029341697692871094
0.024252891540527344
0.02428126335144043
0.024982452392578125
0.025300025939941406
0.02509927749633789
0.026031017303466797
0.023438215255737305
0.024146318435668945
0.023478984832763672
0.02429962158203125
0.028978586196899414
0.024636268615722656
0.023493528366088867
0.027046918869018555
0.02467489242553711
0.026689529418945312
0.023713111877441406
0.05243849754333496
0.026107311248779297
0.028406143188476562
0.02394890785217285
0.023617267608642578
0.02480459213256836
0.025162220001220703
0.023336410522460938
0.024462223052978516
