0.0517735481262207
0.029838085174560547
0.025593042373657227
0.027573347091674805
0.02492547035217285
0.024084091186523438
0.02754974365234375
0.0241091251373291
0.023982763290405273
0.025209903717041016
0.0267331600189209
0.02424311637878418
0.02419281005859375
0.02669978141784668
0.024283170700073242
0.026458024978637695
0.023548603057861328
0.025702238082885742
0.028597116470336914
0.026284456253051758
0.02410411834716797
0.024721622467041016
0.024105548858642578
0.024498701095581055
0.02431941032409668
0.024833202362060547
0.02884531021118164
0.0266115665435791
0.028026103973388672
0.026532649993896484
0.02373981475830078
0.02397918701171875
0.02577042579650879
0.024321794509887695
0.02296304702758789
0.026558876037597656
0.025861024856567383
0.02908158302307129
0.03008437156677246
0.03330802917480469
0.0250091552734375
0.029649019241333008
0.025360822677612305
0.030864953994750977
0.0263063907623291
0.0282895565032959
0.02315235137939453
0.024910688400268555
0.027448177337646484
0.03212380409240723
