0.03171563148498535
0.02329421043395996
0.0257720947265625
0.026000261306762695
0.023743629455566406
0.0216677188873291
0.022650480270385742
0.028342485427856445
0.024729490280151367
0.021328210830688477
0.021537303924560547
0.02214813232421875
0.022513389587402344
0.021741628646850586
0.021454572677612305
0.021955013275146484
0.021914005279541016
0.023130416870117188
0.02204108238220215
0.022938251495361328
0.022373676300048828
0.023003578186035156
0.025530338287353516
0.026343822479248047
0.024040937423706055
0.029148340225219727
0.030815839767456055
0.021680355072021484
0.022875070571899414
0.02118706703186035
0.02403879165649414
0.02248215675354004
0.021536588668823242
0.022562742233276367
0.022738218307495117
0.02217841148376465
0.02338886260986328
0.022386550903320312
0.024340152740478516
0.02417159080505371
0.023370742797851562
0.021953582763671875
0.022509098052978516
0.025197744369506836
0.026499032974243164
0.022083759307861328
0.022928237915039062
0.021721363067626953
0.028612136840820312
0.0279538631439209
