0.038613319396972656
0.034967660903930664
0.02623152732849121
0.03467869758605957
0.031233787536621094
0.02744746208190918
0.02806854248046875
0.027406930923461914
0.026684999465942383
0.031036853790283203
0.025955677032470703
0.028481483459472656
0.0316617488861084
0.02988743782043457
0.025218725204467773
0.030411720275878906
0.029808759689331055
0.041274070739746094
0.041333913803100586
0.025832176208496094
0.026682376861572266
0.025038480758666992
0.0326542854309082
0.028995990753173828
0.04759621620178223
0.030207157135009766
0.03189873695373535
0.02988147735595703
0.027874231338500977
0.029754638671875
0.026582956314086914
0.03054213523864746
0.0286562442779541
0.032033681869506836
0.030448436737060547
0.025814533233642578
0.025574445724487305
0.031020164489746094
0.032414913177490234
0.028545856475830078
0.026891469955444336
0.027040958404541016
0.028961896896362305
0.034865379333496094
0.029761075973510742
0.028447628021240234
0.0269320011138916
0.02566695213317871
0.02621150016784668
0.027214765548706055
