0.04600644111633301
0.029011249542236328
0.02335381507873535
0.0257723331451416
0.025245189666748047
0.023799896240234375
0.02786421775817871
0.02626776695251465
0.02759075164794922
0.0235137939453125
0.0235288143157959
0.024981975555419922
0.02752542495727539
0.03055715560913086
0.02892279624938965
0.023680925369262695
0.024445772171020508
0.025915861129760742
0.025577068328857422
0.026885032653808594
0.03210163116455078
0.02647256851196289
0.025090694427490234
0.023350000381469727
0.024412155151367188
0.024638652801513672
0.024095535278320312
0.023992300033569336
0.027535438537597656
0.03195357322692871
0.03074193000793457
0.025331497192382812
0.02739405632019043
0.02695298194885254
0.02494502067565918
0.02533698081970215
0.02372884750366211
0.0257260799407959
0.025129079818725586
0.024616718292236328
0.02472710609436035
0.027018308639526367
0.023833036422729492
0.024124860763549805
0.02764582633972168
0.02443218231201172
0.07546639442443848
0.025794029235839844
0.02361297607421875
0.02454543113708496
