0.05335521697998047
0.02390289306640625
0.02120208740234375
0.022541046142578125
0.02498912811279297
0.02695178985595703
0.02265763282775879
0.030821561813354492
0.021895170211791992
0.021926164627075195
0.021790266036987305
0.025196313858032227
0.022237062454223633
0.023592710494995117
0.02432990074157715
0.022872209548950195
0.021937847137451172
0.024985790252685547
0.021662473678588867
0.02688145637512207
0.022681236267089844
0.021448612213134766
0.02277350425720215
0.022756338119506836
0.02211904525756836
0.022121191024780273
0.033713340759277344
0.032015323638916016
0.02160787582397461
0.023825407028198242
0.02275848388671875
0.027853727340698242
0.027737140655517578
0.022329092025756836
0.02691936492919922
0.021899938583374023
0.022914409637451172
0.023648500442504883
0.025821208953857422
0.02269768714904785
0.024092674255371094
0.02240920066833496
0.02148604393005371
0.024625062942504883
0.022804737091064453
0.022388935089111328
0.029645919799804688
0.023355722427368164
0.025326013565063477
0.027225255966186523
