0.21689748764038086
0.030201196670532227
0.034177541732788086
0.025368213653564453
0.02573370933532715
0.0323481559753418
0.028156757354736328
0.024243831634521484
0.02859663963317871
0.030512094497680664
0.03464818000793457
0.03222179412841797
0.023236751556396484
0.026545047760009766
0.030059099197387695
0.025176286697387695
0.033274173736572266
0.026868343353271484
0.039603471755981445
0.02950429916381836
0.02780437469482422
0.023484230041503906
0.035787105560302734
0.03091716766357422
0.02789926528930664
0.03664350509643555
0.03294968605041504
0.02433180809020996
0.02898573875427246
0.02514505386352539
0.03048396110534668
0.03078150749206543
0.03032231330871582
0.02763080596923828
0.030869722366333008
0.028451919555664062
0.029563426971435547
0.027033329010009766
0.03294491767883301
0.03211402893066406
0.03611898422241211
0.02780628204345703
0.026361703872680664
0.026625633239746094
0.03016972541809082
0.030267715454101562
0.03361845016479492
0.036221981048583984
0.03832650184631348
0.0378110408782959
