0.17026233673095703
0.036715030670166016
0.030653953552246094
0.031107664108276367
0.03498029708862305
0.03540372848510742
0.036665916442871094
0.03693342208862305
0.036510467529296875
0.03436899185180664
0.035631656646728516
0.03261566162109375
0.03889012336730957
0.03461050987243652
0.031987905502319336
0.03400087356567383
0.06272459030151367
0.03438615798950195
0.03505349159240723
0.036325931549072266
0.03415799140930176
0.03885340690612793
0.034447669982910156
0.03531312942504883
0.045517683029174805
0.030313491821289062
0.03445935249328613
0.03211641311645508
0.034749746322631836
0.041468143463134766
0.040554046630859375
0.050212860107421875
0.0374753475189209
0.030794620513916016
0.029392004013061523
0.03520083427429199
0.03614449501037598
0.03481340408325195
0.033493757247924805
0.03842639923095703
0.04074740409851074
0.032015323638916016
0.03635811805725098
0.07336831092834473
0.039160966873168945
0.033734798431396484
0.04421830177307129
0.03951621055603027
0.03738546371459961
0.029312610626220703
