0.25383949279785156
0.03440713882446289
0.032536983489990234
0.03248262405395508
0.03736734390258789
0.0313570499420166
0.03448891639709473
0.037360429763793945
0.03902411460876465
0.046042442321777344
0.037105560302734375
0.03742170333862305
0.029793977737426758
0.036925554275512695
0.031514883041381836
0.038327932357788086
0.03822612762451172
0.039948225021362305
0.03173232078552246
0.03671669960021973
0.03421354293823242
0.03380584716796875
0.03014826774597168
0.03972172737121582
0.0441434383392334
0.0340113639831543
0.034662485122680664
0.04063296318054199
0.034607887268066406
0.034638166427612305
0.03135943412780762
0.04567694664001465
0.0400395393371582
0.03595542907714844
0.05093717575073242
0.03814244270324707
0.0326077938079834
0.033081769943237305
0.03386974334716797
0.03486490249633789
0.0352475643157959
0.03525853157043457
0.03846025466918945
0.037550926208496094
0.03249859809875488
0.04641413688659668
0.03231453895568848
0.03174853324890137
0.03227376937866211
0.0379948616027832
