0.05787777900695801
0.03152751922607422
0.027174711227416992
0.0315546989440918
0.056609392166137695
0.03002476692199707
0.02804875373840332
0.030512332916259766
0.04863619804382324
0.03281283378601074
0.030225753784179688
0.026995182037353516
0.025136232376098633
0.029034852981567383
0.02949357032775879
0.032538652420043945
0.02590012550354004
0.02895188331604004
0.030715465545654297
0.03395366668701172
0.03350090980529785
0.039348602294921875
0.02880120277404785
0.03306698799133301
0.025903940200805664
0.030529022216796875
0.035684823989868164
0.026598453521728516
0.031142473220825195
0.03304743766784668
0.03231406211853027
0.05340003967285156
0.030916452407836914
0.02788686752319336
0.029674768447875977
0.025810718536376953
0.029340744018554688
0.02596116065979004
0.03063225746154785
0.028250932693481445
0.027482032775878906
0.029526948928833008
0.025618791580200195
0.027470827102661133
0.05018305778503418
0.027691364288330078
0.04025840759277344
0.03297591209411621
0.03347921371459961
0.02611398696899414
