0.2384495735168457
0.04880714416503906
0.05095100402832031
0.04712557792663574
0.050972700119018555
0.05636429786682129
0.08568501472473145
0.0493922233581543
0.05762434005737305
0.0547332763671875
0.04742312431335449
0.05402970314025879
0.0693199634552002
0.05517101287841797
0.058836936950683594
0.05054759979248047
0.056090354919433594
0.0479283332824707
0.061251163482666016
0.051148176193237305
0.05425906181335449
0.07467007637023926
0.05332803726196289
0.05363869667053223
0.0530858039855957
0.05673933029174805
0.05777263641357422
0.05510902404785156
0.057450294494628906
0.04763388633728027
0.06633520126342773
0.0524439811706543
0.06813907623291016
0.05586361885070801
0.0601191520690918
0.04912924766540527
0.05749082565307617
0.04820060729980469
0.04711723327636719
0.04982900619506836
0.045710086822509766
0.05151176452636719
0.046889543533325195
0.05347084999084473
0.04769444465637207
0.04724311828613281
0.05629396438598633
0.051789045333862305
0.0522918701171875
0.050330162048339844
