0.07107411790639162
0.0
0.09595966339111328
0.09595966339111328
0.0648503489792347
0.0
0.04167604446411133
0.04167604446411133
0.05919708590954542
0.0
0.07314193900674582
0.0
0.0267407251521945
0.0
0.04627418518066406
0.04627418518066406
0.030159950256347656
0.030159950256347656
0.02821516990661621
0.02821516990661621
0.05972830904647708
0.0
0.056070804595947266
0.056070804595947266
0.05688994936645031
0.0
0.03150474792346358
0.0
0.07095885276794434
0.0
0.0338289737701416
0.0338289737701416
0.04171299934387207
0.04171299934387207
0.04049110412597656
0.04049110412597656
0.05675030732527375
0.0
0.06550909439101815
0.0
0.03727555274963379
0.03727555274963379
0.033215452916920185
0.0
0.0721368477679789
0.0
0.058362666983157396
0.0
0.041831016540527344
0.041831016540527344
0.053731679916381836
0.053731679916381836
0.047708749771118164
0.047708749771118164
0.025274276733398438
0.025274276733398438
0.06900956993922591
0.0
0.06015515513718128
0.0
0.03701746882870793
0.0
0.044753313064575195
0.044753313064575195
0.032230377197265625
0.032230377197265625
0.062827467918396
0.0
0.030851125717163086
0.030851125717163086
0.031427470967173576
0.0
0.050189971923828125
0.050189971923828125
0.0641597150824964
0.0
0.05878670420497656
0.0
0.03416132926940918
0.03416132926940918
0.05519563518464565
0.0
0.04448390007019043
0.04448390007019043
0.0452416380867362
0.0
0.04868721589446068
0.0
0.05533480644226074
0.05533480644226074
0.04122471809387207
0.04122471809387207
0.038703203201293945
0.038703203201293945
0.043436527252197266
0.043436527252197266
0.055434465408325195
0.055434465408325195
0.031131982803344727
0.031131982803344727
