0.06694894097745419
0.0
0.05675151385366917
0.0
0.030109405517578125
0.030109405517578125
0.026688814163208008
0.026688814163208008
0.02881455421447754
0.02881455421447754
0.05918603204190731
0.0
0.03682971000671387
0.03682971000671387
0.033309569116681814
0.0
0.027825819328427315
0.0
0.026850317139178514
0.0
0.02949810028076172
0.02949810028076172
0.05617481516674161
0.0
0.023432658053934574
0.0
0.03359084064140916
0.0
0.056027533020824194
0.0
0.02683335915207863
0.0
0.06108494522050023
0.0
0.04107809066772461
0.04107809066772461
0.02913069725036621
0.02913069725036621
0.05622907867655158
0.0
0.060899925883859396
0.0
0.05691459309309721
0.0
0.0364682674407959
0.0364682674407959
0.027925968170166016
0.027925968170166016
0.03278827667236328
0.03278827667236328
0.030107498168945312
0.030107498168945312
0.05923798168078065
0.0
0.03892660140991211
0.03892660140991211
0.05154848098754883
0.05154848098754883
0.031926870346069336
0.031926870346069336
0.02973309112712741
0.0
0.030191661790013313
0.0
0.03293156623840332
0.03293156623840332
0.03007054328918457
0.03007054328918457
0.02753138542175293
0.02753138542175293
0.0381467342376709
0.0381467342376709
0.03295302391052246
0.03295302391052246
0.02754807472229004
0.02754807472229004
0.026663780212402344
0.026663780212402344
0.03724980354309082
0.03724980354309082
0.026433229446411133
0.026433229446411133
0.03211045265197754
0.03211045265197754
0.05615933611989021
0.0
0.03518080711364746
0.03518080711364746
0.029442310333251953
0.029442310333251953
0.02978974673897028
0.0
0.025011260993778706
0.0
0.03140139579772949
0.03140139579772949
0.026805639266967773
0.026805639266967773
0.03273963928222656
0.03273963928222656
