0.1412949562072754
0.1412949562072754
0.043305397033691406
0.043305397033691406
0.05230879783630371
0.05230879783630371
0.03121629497036338
0.0
0.029300689697265625
0.029300689697265625
0.056074685882776976
0.0
0.030254692770540714
0.0
0.03222966194152832
0.03222966194152832
0.032651662826538086
0.032651662826538086
0.03294968605041504
0.03294968605041504
0.03680157661437988
0.03680157661437988
0.035318851470947266
0.035318851470947266
0.30763058038428426
0.0
0.04171525500714779
0.0
0.026232481002807617
0.026232481002807617
0.032892704010009766
0.032892704010009766
0.02572774887084961
0.02572774887084961
0.040169715881347656
0.040169715881347656
0.03388237953186035
0.03388237953186035
0.02598201809450984
0.0
0.0338902473449707
0.0338902473449707
0.06472469959408045
0.0
0.029868364334106445
0.029868364334106445
0.06369900703430176
0.06369900703430176
0.030205249786376953
0.030205249786376953
0.28163800993934274
0.0
0.025998348835855722
0.0
0.15995473368093371
0.0
0.02393655013293028
0.0
0.032730817794799805
0.032730817794799805
0.026402232702821493
0.0
0.0914669600315392
0.0
0.028126001358032227
0.028126001358032227
0.37635348038747907
0.0
0.031046628952026367
0.031046628952026367
0.024915761314332485
0.0
0.02946758270263672
0.02946758270263672
0.029367685317993164
0.029367685317993164
0.02423708699643612
0.0
0.036347150802612305
0.036347150802612305
0.1690961169078946
0.0
0.028908382169902325
0.0
0.03469491004943848
0.03469491004943848
0.033094167709350586
0.033094167709350586
0.029556262772530317
0.0
0.027829885482788086
0.027829885482788086
0.029047461226582527
0.0
0.028914213180541992
0.028914213180541992
0.034039974212646484
0.034039974212646484
0.028963804244995117
0.028963804244995117
