0.1524873310700059
0.0
1.026155948638916
1.026155948638916
0.3459941139444709
0.0
0.08304726518690586
0.0
1.4599547386169434
1.4599547386169434
0.07863688468933105
0.07863688468933105
0.24032306671142578
0.24032306671142578
1.541564702987671
1.541564702987671
0.29854481760412455
0.0
3.7662549018859863
3.7662549018859863
0.06393402814865112
0.0
1.255338191986084
1.255338191986084
1.1071524620056152
1.1071524620056152
1.0485684871673584
1.0485684871673584
0.07202315330505371
0.07202315330505371
0.14982271194458008
0.14982271194458008
1.159040927886963
1.159040927886963
0.15764394169673324
0.0
1.1119544506072998
1.1119544506072998
0.03911535209044814
0.0
1.0389928817749023
1.0389928817749023
0.05995302088558674
0.0
0.044275849126279354
0.0
0.2999408910982311
0.0
1.1565089225769043
1.1565089225769043
1.094541311264038
1.094541311264038
0.0636050789617002
0.0
1.0588276386260986
1.0588276386260986
0.04014008026570082
0.0
0.12285311380401254
0.0
0.5384142398834229
0.5384142398834229
1.032569169998169
1.032569169998169
1.1776628494262695
1.1776628494262695
0.6069004535675049
0.6069004535675049
1.1180315017700195
1.1180315017700195
1.1105422973632812
1.1105422973632812
1.0347189903259277
1.0347189903259277
0.16969487769529223
0.0
1.1653416156768799
1.1653416156768799
0.30748005118221045
0.0
0.6240763138048351
0.0
0.03885999787598848
0.0
0.26697983779013157
0.0
0.06631738366559148
0.0
0.28837024001404643
0.0
1.0594332218170166
1.0594332218170166
0.5029671238735318
0.0
1.3391849994659424
1.3391849994659424
1.0392835140228271
1.0392835140228271
1.0310938358306885
1.0310938358306885
