0.12685370445251465
0.12685370445251465
0.08935553301125765
0.0
0.08802232379093766
0.0
0.09269118309020996
0.09269118309020996
0.08614607993513346
0.0
0.08605281030759215
0.0
0.09411025047302246
0.09411025047302246
0.08796074893325567
0.0
0.08688708115369081
0.0
0.08940911293029785
0.08940911293029785
0.08879327774047852
0.08879327774047852
0.08542366372421384
0.0
0.09001074265688658
0.0
0.08655608864501119
0.0
0.08546058600768447
0.0
0.08577728271484375
0.08577728271484375
0.09083383483812213
0.0
0.08474855916574597
0.0
0.09162463014945388
0.0
0.08849477767944336
0.08849477767944336
0.08761594165116549
0.0
0.08574070921167731
0.0
0.08655068604275584
0.0
0.08457160275429487
0.0
0.08817501179873943
0.0
0.0955675058066845
0.0
0.09472846984863281
0.09472846984863281
0.09087443351745605
0.09087443351745605
0.0894017219543457
0.0894017219543457
0.1053619384765625
0.1053619384765625
0.09600024111568928
0.0
0.08718184707686305
0.0
0.09333663294091821
0.0
0.0878984802402556
0.0
0.09828376770019531
0.09828376770019531
0.08809542655944824
0.08809542655944824
0.09596586227416992
0.09596586227416992
0.09511089324951172
0.09511089324951172
0.10088992118835449
0.10088992118835449
0.08957273326814175
0.0
0.08979225158691406
0.08979225158691406
0.08478720393031836
0.0
0.08759903907775879
0.08759903907775879
0.09302353858947754
0.09302353858947754
0.08778691291809082
0.08778691291809082
0.09119915962219238
0.09119915962219238
0.09269332885742188
0.09269332885742188
0.08848952688276768
0.0
0.08657315978780389
0.0
0.08987419679760933
0.0
