0.0687408447265625
0.0687408447265625
1.0443036556243896
1.0443036556243896
0.05556898796930909
0.0
1.0842323303222656
1.0842323303222656
1.1042084693908691
1.1042084693908691
1.0326118469238281
1.0326118469238281
0.5202398411929607
0.0
1.4636170864105225
1.4636170864105225
0.08154650405049324
0.0
0.8816527430899441
0.0
0.12905943393707275
0.0
0.09742363914847374
0.0
1.348649501800537
1.348649501800537
1.2594623565673828
1.2594623565673828
0.06958636920899153
0.0
1.0354084968566895
1.0354084968566895
1.0348560810089111
1.0348560810089111
1.048173427581787
1.048173427581787
0.3421383514069021
0.0
0.06321683013811707
0.0
1.141444444656372
1.141444444656372
0.11146411998197436
0.0
0.26332545280456543
0.26332545280456543
0.07802134193480015
0.0
1.3238201141357422
1.3238201141357422
0.7076653935946524
0.0
0.19067476503551006
0.0
0.39204002683982253
0.0
0.05909941578283906
0.0
0.07596709206700325
0.0
0.06230333633720875
0.0
0.3338069636374712
0.0
1.2305018901824951
1.2305018901824951
0.09777317987754941
0.0
0.1566218570806086
0.0
0.6838731849566102
0.0
0.10939764976501465
0.10939764976501465
1.2424612045288086
1.2424612045288086
0.07207011198624969
0.0
0.3333457289263606
0.0
0.28115712897852063
0.0
0.616802453994751
0.616802453994751
1.1686415672302246
1.1686415672302246
1.0524561405181885
1.0524561405181885
1.042616844177246
1.042616844177246
0.12396979331970215
0.12396979331970215
1.2329516410827637
1.2329516410827637
0.04935124795883894
0.0
0.1575760841369629
0.1575760841369629
1.0302927494049072
1.0302927494049072
