0.05792524013668299
0.0
1.0373451709747314
1.0373451709747314
0.29170549008995295
0.0
0.1810452719219029
0.0
0.054105520248413086
0.054105520248413086
2.1593759059906006
2.1593759059906006
0.08278703689575195
0.08278703689575195
1.0382115840911865
1.0382115840911865
1.2534339427947998
1.2534339427947998
1.0353031158447266
1.0353031158447266
0.13384663965553045
0.0
1.0483431816101074
1.0483431816101074
1.12807297706604
1.12807297706604
0.2524968469515443
0.0
0.43486713198944926
0.0
1.094233751296997
1.094233751296997
1.035386562347412
1.035386562347412
0.48094940185546875
0.48094940185546875
0.0727444882504642
0.0
0.09616464981809258
0.0
0.07086304994300008
0.0
1.1756770610809326
1.1756770610809326
1.054429054260254
1.054429054260254
0.2134866714477539
0.2134866714477539
0.09415000583976507
0.0
0.698406457901001
0.698406457901001
1.0480079650878906
1.0480079650878906
0.08799449726939201
0.0
0.05065863486379385
0.0
0.49254546919837594
0.0
1.1608271598815918
1.1608271598815918
1.0339374542236328
1.0339374542236328
0.3669140338897705
0.3669140338897705
0.10068092402070761
0.0
0.4784440309740603
0.0
0.11450479691848159
0.0
1.1065146923065186
1.1065146923065186
0.3593756789341569
0.0
1.228546380996704
1.228546380996704
1.3435537815093994
1.3435537815093994
1.0834298133850098
1.0834298133850098
1.1389474868774414
1.1389474868774414
1.1344478130340576
1.1344478130340576
0.2815433219075203
0.0
0.7886973209679127
0.0
1.1730132102966309
1.1730132102966309
2.2650177478790283
2.2650177478790283
0.06598604936152697
0.0
1.0271990299224854
1.0271990299224854
0.08776897983625531
0.0
