0.04750537872314453
0.04750537872314453
0.03135538101196289
0.03135538101196289
0.032427072525024414
0.032427072525024414
0.03378939628601074
0.03378939628601074
0.033390045166015625
0.033390045166015625
0.03513380512595177
0.0
0.026293039321899414
0.026293039321899414
0.028608174994587898
0.0
0.033390944357961416
0.0
0.023950606118887663
0.0
0.032628536224365234
0.032628536224365234
0.02887105941772461
0.02887105941772461
0.03633761405944824
0.03633761405944824
0.03148913383483887
0.03148913383483887
0.028096914291381836
0.028096914291381836
0.03256678581237793
0.03256678581237793
0.03457832336425781
0.03457832336425781
0.03155803680419922
0.03155803680419922
0.027135362848639488
0.0
0.02798175811767578
0.02798175811767578
0.025613131001591682
0.0
0.02466774405911565
0.0
0.026873706839978695
0.0
0.030046939849853516
0.030046939849853516
0.02950739860534668
0.02950739860534668
0.03006384102627635
0.0
0.03148961067199707
0.03148961067199707
0.039650678634643555
0.039650678634643555
0.034404146019369364
0.0
0.03386044502258301
0.03386044502258301
0.024730869103223085
0.0
0.029988765716552734
0.029988765716552734
0.031687021255493164
0.031687021255493164
0.029543161392211914
0.029543161392211914
0.030286788940429688
0.030286788940429688
0.034394264221191406
0.034394264221191406
0.027626710943877697
0.0
0.04368928400799632
0.0
0.030196666717529297
0.030196666717529297
0.026086091995239258
0.026086091995239258
0.07813215255737305
0.07813215255737305
0.026262844912707806
0.0
0.027391767594963312
0.0
0.03150731325149536
0.0
0.029819011688232422
0.029819011688232422
0.0334962890483439
0.0
0.027016639709472656
0.027016639709472656
0.027798858005553484
0.0
0.03453469276428223
0.03453469276428223
0.030033349990844727
0.030033349990844727
