0.05520510673522949
0.05520510673522949
0.06054296204820275
0.0
0.03101205825805664
0.03101205825805664
0.030629873275756836
0.030629873275756836
0.032932281494140625
0.032932281494140625
0.02512210700660944
0.0
0.02694225311279297
0.02694225311279297
0.026498321909457445
0.0
0.09229855239391327
0.0
0.02755080023780465
0.0
0.025805234909057617
0.025805234909057617
0.04521346092224121
0.04521346092224121
0.02511142333969474
0.0
0.036529541015625
0.036529541015625
0.025126140099018812
0.0
0.035849571228027344
0.035849571228027344
0.024672876112163067
0.0
0.048543453216552734
0.048543453216552734
0.024990081787109375
0.024990081787109375
0.030224084854125977
0.030224084854125977
0.029872894287109375
0.029872894287109375
0.21941871428862214
0.0
0.024451652076095343
0.0
0.028662919998168945
0.028662919998168945
0.02521491050720215
0.02521491050720215
0.02738439105451107
0.0
0.12759080110117793
0.0
0.04373955726623535
0.04373955726623535
0.030595779418945312
0.030595779418945312
0.03715848922729492
0.03715848922729492
0.05695770587772131
0.0
0.031430959701538086
0.031430959701538086
0.026243925094604492
0.026243925094604492
0.032144784927368164
0.032144784927368164
0.028934717178344727
0.028934717178344727
0.027986764907836914
0.027986764907836914
0.026082754135131836
0.026082754135131836
0.04103398323059082
0.04103398323059082
0.03459572792053223
0.03459572792053223
0.04395937919616699
0.04395937919616699
0.08921740669757128
0.0
0.21378487115725875
0.0
0.03763842582702637
0.03763842582702637
0.03729057312011719
0.03729057312011719
0.029259454924613237
0.0
0.028660297393798828
0.028660297393798828
0.02809739112854004
0.02809739112854004
0.026488780975341797
0.026488780975341797
0.03717470169067383
0.03717470169067383
0.037561655044555664
0.037561655044555664
