0.07284212112426758
0.07284212112426758
0.06361381569877267
0.0
0.11221575736999512
0.11221575736999512
0.10186167992651463
0.0
0.05999730294570327
0.0
0.034825264010578394
0.0
0.06078557809814811
0.0
0.059202194679528475
0.0
0.06701616384088993
0.0
0.03095841407775879
0.03095841407775879
0.07800936698913574
0.07800936698913574
0.039901018142700195
0.039901018142700195
0.03628510981798172
0.0
0.046927690505981445
0.046927690505981445
0.03781008720397949
0.03781008720397949
0.034195899963378906
0.034195899963378906
0.0628623547963798
0.0
0.04636526107788086
0.04636526107788086
0.035956621170043945
0.035956621170043945
0.02914675511419773
0.0
0.03244740283116698
0.0
0.03164482116699219
0.03164482116699219
0.03199291229248047
0.03199291229248047
0.033119916915893555
0.033119916915893555
0.06305129081010818
0.0
0.030580520629882812
0.030580520629882812
0.04772817203775048
0.0
0.03669333457946777
0.03669333457946777
0.05812718719244003
0.0
0.034287214279174805
0.034287214279174805
0.03507085703313351
0.0
0.03359302319586277
0.0
0.033806941006332636
0.0
0.04682302474975586
0.04682302474975586
0.05052638053894043
0.05052638053894043
0.0504305362701416
0.0504305362701416
0.0845384830608964
0.0
0.033442020416259766
0.033442020416259766
0.04378485679626465
0.04378485679626465
0.038346290588378906
0.038346290588378906
0.03698849678039551
0.03698849678039551
0.1297287940979004
0.1297287940979004
0.05181598663330078
0.05181598663330078
0.030539512634277344
0.030539512634277344
0.03240060806274414
0.03240060806274414
0.0422001420520246
0.0
0.037024497985839844
0.037024497985839844
0.07574224472045898
0.07574224472045898
0.032675743103027344
0.032675743103027344
0.03370070457458496
0.03370070457458496
