0.041340974159538746
0.0
0.07575464248657227
0.07575464248657227
0.07132434844970703
0.07132434844970703
0.04567805491387844
0.0
0.028131484985351562
0.028131484985351562
0.061139374040067196
0.0
0.02625274658203125
0.02625274658203125
0.03065801737830043
0.0
0.025029461830854416
0.0
0.05538010597229004
0.05538010597229004
0.041697025299072266
0.041697025299072266
0.06799367303028703
0.0
0.057805538177490234
0.057805538177490234
0.1374821662902832
0.1374821662902832
0.11253786087036133
0.11253786087036133
0.03794240951538086
0.03794240951538086
0.028566360473632812
0.028566360473632812
0.22513656178489327
0.0
0.11735541420057416
0.0
0.10596179962158203
0.10596179962158203
0.034459590911865234
0.034459590911865234
0.04123353958129883
0.04123353958129883
0.11561978701502085
0.0
0.09934401512145996
0.09934401512145996
0.05268716812133789
0.05268716812133789
0.3647747039794922
0.3647747039794922
0.07850408554077148
0.07850408554077148
0.0769828213378787
0.0
0.06187004595994949
0.0
0.047133450862020254
0.0
0.1015467643737793
0.1015467643737793
0.13286728411912918
0.0
0.14599180221557617
0.14599180221557617
0.03159723477438092
0.0
0.06890654563903809
0.06890654563903809
0.11254549026489258
0.11254549026489258
0.04215598106384277
0.04215598106384277
0.19222569465637207
0.19222569465637207
0.03949718829244375
0.0
0.17439913749694824
0.17439913749694824
2.3886115550994873
2.3886115550994873
2.4447884559631348
2.4447884559631348
0.05284237861633301
0.05284237861633301
0.06557989120483398
0.06557989120483398
0.0818336009979248
0.0818336009979248
0.08341953298076987
0.0
0.5729990005493164
0.5729990005493164
0.059739112854003906
0.059739112854003906
0.09910202026367188
0.09910202026367188
0.14833354949951172
0.14833354949951172
