0.042475041933357716
0.0
0.030379772186279297
0.030379772186279297
0.02696769218891859
0.0
0.031958818435668945
0.031958818435668945
0.0318143367767334
0.0318143367767334
0.030330181121826172
0.030330181121826172
0.025035162921994925
0.0
0.03439640998840332
0.03439640998840332
0.027039289474487305
0.027039289474487305
0.030361225828528404
0.0
0.027718782424926758
0.027718782424926758
0.02625044621527195
0.0
0.03106083907186985
0.0
0.029802322387695312
0.029802322387695312
0.027406067121773958
0.0
0.03597306599840522
0.0
0.032958030700683594
0.032958030700683594
0.024426851887255907
0.0
0.03346586227416992
0.03346586227416992
0.027357101440429688
0.027357101440429688
0.0291445255279541
0.0291445255279541
0.030565500259399414
0.030565500259399414
0.03073430061340332
0.03073430061340332
0.026638507843017578
0.026638507843017578
0.035744428634643555
0.035744428634643555
0.03031158447265625
0.03031158447265625
0.0304110050201416
0.0304110050201416
0.02531445724889636
0.0
0.04156899452209473
0.04156899452209473
0.03329777717590332
0.03329777717590332
0.029171735979616642
0.0
0.03593587875366211
0.03593587875366211
0.027329683303833008
0.027329683303833008
0.0348358154296875
0.0348358154296875
0.024734641890972853
0.0
0.024702070746570826
0.0
0.03644896112382412
0.0
0.02566890511661768
0.0
0.03265500068664551
0.03265500068664551
0.029631182085722685
0.0
0.03285424970090389
0.0
0.03218388557434082
0.03218388557434082
0.03253960609436035
0.03253960609436035
0.036521154921501875
0.0
0.02929067611694336
0.02929067611694336
0.04386186599731445
0.04386186599731445
0.026396603789180517
0.0
0.02631998062133789
0.02631998062133789
0.034963130950927734
0.034963130950927734
0.026462384033948183
0.0
