0.07602381706237793
0.07602381706237793
0.029684048146009445
0.0
0.035343170166015625
0.035343170166015625
0.04538416862487793
0.04538416862487793
0.02879924699664116
0.0
0.02859807014465332
0.02859807014465332
0.030385182239115238
0.0
0.026917992159724236
0.0
0.0555483209900558
0.0
0.0273587703704834
0.0273587703704834
0.031627655029296875
0.031627655029296875
0.03225970268249512
0.03225970268249512
0.029117107391357422
0.029117107391357422
0.043320417404174805
0.043320417404174805
0.035811635199934244
0.0
0.02947402000427246
0.02947402000427246
0.03157973289489746
0.03157973289489746
0.030332565307617188
0.030332565307617188
0.03337318915873766
0.0
0.03823351860046387
0.03823351860046387
0.0556653942912817
0.0
0.06084667192772031
0.0
0.043251991271972656
0.043251991271972656
0.05954125290736556
0.0
0.03420543670654297
0.03420543670654297
0.04433774948120117
0.04433774948120117
0.034293174743652344
0.034293174743652344
0.026955366134643555
0.026955366134643555
0.028839588165283203
0.028839588165283203
0.05905385734513402
0.0
0.05590690905228257
0.0
0.029301166534423828
0.029301166534423828
0.045814949087798595
0.0
0.031380414962768555
0.031380414962768555
0.05587594211101532
0.0
0.06023517809808254
0.0
0.03446030616760254
0.03446030616760254
0.05669876607134938
0.0
0.030098147224634886
0.0
0.03194451332092285
0.03194451332092285
0.05587649345397949
0.05587649345397949
0.029300689697265625
0.029300689697265625
0.03678178787231445
0.03678178787231445
0.044768333435058594
0.044768333435058594
0.026876620948314667
0.0
0.036090850830078125
0.036090850830078125
0.05562333296984434
0.0
0.028610615991055965
0.0
0.03078436851501465
0.03078436851501465
0.033360958099365234
0.033360958099365234
