0.034672247245907784
0.0
0.03244924545288086
0.03244924545288086
0.0357661247253418
0.0357661247253418
0.04439139366149902
0.04439139366149902
0.031248807907104492
0.031248807907104492
0.02560107409954071
0.0
0.0242488831281662
0.0
0.030386487022042274
0.0
0.030124425888061523
0.030124425888061523
0.028339385986328125
0.028339385986328125
0.02881908416748047
0.02881908416748047
0.044721126556396484
0.044721126556396484
0.028062033001333475
0.0
0.027598736807703972
0.0
0.035217414144426584
0.0
0.0356276067905128
0.0
0.034371137619018555
0.034371137619018555
0.07665348052978516
0.07665348052978516
0.027776479721069336
0.027776479721069336
0.0334003078751266
0.0
0.026214039884507656
0.0
0.03305482864379883
0.03305482864379883
0.033162832260131836
0.033162832260131836
0.024541629012674093
0.0
0.029328584671020508
0.029328584671020508
0.03795027732849121
0.03795027732849121
0.06117892265319824
0.06117892265319824
0.029904998373240232
0.0
0.027418266981840134
0.0
0.051459312438964844
0.051459312438964844
0.0368342399597168
0.0368342399597168
0.03151106834411621
0.03151106834411621
0.025514467153698206
0.0
0.03198675625026226
0.0
0.06155753135681152
0.06155753135681152
0.030791606288403273
0.0
0.029247283935546875
0.029247283935546875
0.030646800994873047
0.030646800994873047
0.031237363815307617
0.031237363815307617
0.028780698776245117
0.028780698776245117
0.027469763066619635
0.0
0.032382965087890625
0.032382965087890625
0.03328418731689453
0.03328418731689453
0.02975749969482422
0.02975749969482422
0.03435779921710491
0.0
0.04693317413330078
0.04693317413330078
0.030785765033215284
0.0
0.03157949447631836
0.03157949447631836
0.03038811683654785
0.03038811683654785
0.03238034248352051
0.03238034248352051
