0.1245190198533237
0.0
0.10591016989201307
0.0
0.09151524491608143
0.0
1.1421442031860352
1.1421442031860352
1.0938048362731934
1.0938048362731934
0.09273841790854931
0.0
0.11189961433410645
0.11189961433410645
0.1007563229650259
0.0
0.08731205854564905
0.0
0.08702750271186233
0.0
0.09526077099144459
0.0
1.151923418045044
1.151923418045044
0.1328358636237681
0.0
1.0866734981536865
1.0866734981536865
0.1235724650323391
0.0
0.09205322898924351
0.0
0.12457063980400562
0.0
0.09539498388767242
0.0
0.09629022376611829
0.0
1.0864009857177734
1.0864009857177734
1.0903041362762451
1.0903041362762451
1.0977997779846191
1.0977997779846191
1.0925281047821045
1.0925281047821045
0.13577032089233398
0.13577032089233398
1.0890707969665527
1.0890707969665527
1.0877480506896973
1.0877480506896973
0.12141375476494431
0.0
0.09430397814139724
0.0
0.10878777503967285
0.10878777503967285
0.09984496794641018
0.0
0.10003313701599836
0.0
1.0860416889190674
1.0860416889190674
1.1791296005249023
1.1791296005249023
1.0933663845062256
1.0933663845062256
1.100963830947876
1.100963830947876
0.09817266464233398
0.09817266464233398
0.10398731334134936
0.0
0.0933990627527237
0.0
1.086268424987793
1.086268424987793
1.088604211807251
1.088604211807251
0.11448192596435547
0.11448192596435547
0.09105612523853779
0.0
0.09526902576908469
0.0
1.088538646697998
1.088538646697998
1.0906145572662354
1.0906145572662354
0.0998250120319426
0.0
1.0882258415222168
1.0882258415222168
0.10676918178796768
0.0
0.09683546936139464
0.0
1.0859088897705078
1.0859088897705078
