0.3644413948059082
0.3644413948059082
0.15673065185546875
0.15673065185546875
0.05742744915187359
0.0
0.02724146842956543
0.02724146842956543
0.04752540588378906
0.04752540588378906
0.03155561489984393
0.0
0.027904033660888672
0.027904033660888672
0.06917929649353027
0.06917929649353027
0.09037442086264491
0.0
0.029752492904663086
0.029752492904663086
0.030328035354614258
0.030328035354614258
0.02899789810180664
0.02899789810180664
0.032746076583862305
0.032746076583862305
0.05732904188334942
0.0
0.05280613899230957
0.05280613899230957
0.03864407539367676
0.03864407539367676
0.031216144561767578
0.031216144561767578
0.06446307618170977
0.0
0.02967247273772955
0.0
0.028087139129638672
0.028087139129638672
0.02823638916015625
0.02823638916015625
0.02619194984436035
0.02619194984436035
0.02738189697265625
0.02738189697265625
0.0366096431389451
0.0
0.0423283576965332
0.0423283576965332
0.05735384300351143
0.0
0.18326735496520996
0.18326735496520996
0.057676608208566904
0.0
0.041277170181274414
0.041277170181274414
0.034108877182006836
0.034108877182006836
0.030915498733520508
0.030915498733520508
0.042180538177490234
0.042180538177490234
0.03537226282060146
0.0
0.07141685485839844
0.07141685485839844
0.04028463363647461
0.04028463363647461
0.04840397834777832
0.04840397834777832
0.0570162832736969
0.0
0.029920293018221855
0.0
0.05727052874863148
0.0
0.09622213616967201
0.0
0.04210186004638672
0.04210186004638672
0.038147687911987305
0.038147687911987305
0.38954997062683105
0.38954997062683105
0.043199901934713125
0.0
0.059258040972054005
0.0
0.033242225646972656
0.033242225646972656
0.057194320019334555
0.0
0.03235507011413574
0.03235507011413574
0.029597997665405273
0.029597997665405273
0.029156923294067383
0.029156923294067383
