0.06650163792073727
0.0
0.07254481315612793
0.07254481315612793
0.028790712356567383
0.028790712356567383
0.04644942283630371
0.04644942283630371
0.08231282234191895
0.08231282234191895
0.08848215686157346
0.0
0.1620225990191102
0.0
0.033051490783691406
0.033051490783691406
0.15134882926940918
0.15134882926940918
0.041654109954833984
0.041654109954833984
0.0785379409790039
0.0785379409790039
0.24281001091003418
0.24281001091003418
0.07882308959960938
0.07882308959960938
0.037170032039284706
0.0
0.12346825702115893
0.0
0.11733651161193848
0.11733651161193848
0.029956340789794922
0.029956340789794922
0.2955055236816406
0.2955055236816406
0.06923157814890146
0.0
0.0541994571685791
0.0541994571685791
0.1566004753112793
0.1566004753112793
0.25125670433044434
0.25125670433044434
0.05699014663696289
0.05699014663696289
0.049765825271606445
0.049765825271606445
0.06134390830993652
0.06134390830993652
0.10076451301574707
0.10076451301574707
0.04221844673156738
0.04221844673156738
0.03842902183532715
0.03842902183532715
0.05906906398013234
0.0
0.07588791847229004
0.07588791847229004
0.11475617997348309
0.0
0.05321836471557617
0.05321836471557617
0.15083909034729004
0.15083909034729004
0.11948204040527344
0.11948204040527344
0.3241134393028915
0.0
1.8782289028167725
1.8782289028167725
0.9638514518737793
0.9638514518737793
0.03392982482910156
0.03392982482910156
0.13871508371084929
0.0
0.11497306823730469
0.11497306823730469
0.562751054763794
0.562751054763794
0.0434727668762207
0.0434727668762207
0.04631615336984396
0.0
0.23932504653930664
0.23932504653930664
0.02723394799977541
0.0
0.029452800750732422
0.029452800750732422
0.02496114792302251
0.0
0.43081621220335364
0.0
0.03621101379394531
0.03621101379394531
0.030634164810180664
0.030634164810180664
