0.12056582560762763
0.0
0.10272135911509395
0.0
0.44779491424560547
0.44779491424560547
1.0869793891906738
1.0869793891906738
0.3427863121032715
0.3427863121032715
1.093698263168335
1.093698263168335
0.09116589883342385
0.0
1.0841245651245117
1.0841245651245117
1.0950899124145508
1.0950899124145508
1.0889551639556885
1.0889551639556885
0.09432022226974368
0.0
0.10742958495393395
0.0
0.09276344301179051
0.0
0.1001436710357666
0.1001436710357666
1.086843490600586
1.086843490600586
1.095116138458252
1.095116138458252
1.0847249031066895
1.0847249031066895
0.10445785522460938
0.10445785522460938
0.08997602015733719
0.0
0.10086746513843536
0.0
0.10622954368591309
0.10622954368591309
0.09288640413433313
0.0
1.0858399868011475
1.0858399868011475
1.0866882801055908
1.0866882801055908
0.09270838601514697
0.0
1.0892307758331299
1.0892307758331299
0.09131203591823578
0.0
0.09874958219006658
0.0
0.09676627907902002
0.0
1.0859296321868896
1.0859296321868896
0.08830137457698584
0.0
0.09849691390991211
0.09849691390991211
1.0905961990356445
1.0905961990356445
0.15675568580627441
0.15675568580627441
1.1036911010742188
1.1036911010742188
1.085646390914917
1.085646390914917
1.0992929935455322
1.0992929935455322
0.09334084577858448
0.0
1.0954160690307617
1.0954160690307617
0.09214268438518047
0.0
1.0916557312011719
1.0916557312011719
0.10706686973571777
0.10706686973571777
1.0868780612945557
1.0868780612945557
1.0923380851745605
1.0923380851745605
0.09173621190711856
0.0
0.11156632890924811
0.0
0.11312222480773926
0.11312222480773926
0.0927436207421124
0.0
1.0896077156066895
1.0896077156066895
0.09002564428374171
0.0
