0.1788071091286838
0.0
0.10130626522004604
0.0
0.033098697662353516
0.033098697662353516
0.06702208518981934
0.06702208518981934
0.0347292423248291
0.0347292423248291
0.045592546463012695
0.045592546463012695
0.18402551300823689
0.0
0.027624601032584906
0.0
0.048009634017944336
0.048009634017944336
0.06404614448547363
0.06404614448547363
0.032118797302246094
0.032118797302246094
0.04135274887084961
0.04135274887084961
0.06305218115448952
0.0
0.0419316291809082
0.0419316291809082
0.029830217361450195
0.029830217361450195
0.031222739722579718
0.0
0.1883153892122209
0.0
0.18950075889006257
0.0
0.031446218490600586
0.031446218490600586
0.033339500427246094
0.033339500427246094
0.029066801071166992
0.029066801071166992
0.03115105628967285
0.03115105628967285
0.27068137424066663
0.0
0.03267240524291992
0.03267240524291992
0.05607049725949764
0.0
0.02639460563659668
0.02639460563659668
0.12850741622969508
0.0
0.13761841505765915
0.0
0.04052090644836426
0.04052090644836426
0.03467226028442383
0.03467226028442383
0.03072389168664813
0.0
0.02780318260192871
0.02780318260192871
0.0287325382232666
0.0287325382232666
0.027813196182250977
0.027813196182250977
0.10379151767119765
0.0
0.050477027893066406
0.050477027893066406
0.03159887297078967
0.0
0.028716564178466797
0.028716564178466797
0.15814630780369043
0.0
0.03406705008819699
0.0
0.03415322303771973
0.03415322303771973
0.02770543098449707
0.02770543098449707
0.12515699211508036
0.0
0.02347080083563924
0.0
0.04453730583190918
0.04453730583190918
0.03527975082397461
0.03527975082397461
0.04077506065368652
0.04077506065368652
0.02806568145751953
0.02806568145751953
0.0375673770904541
0.0375673770904541
0.025238501839339733
0.0
