0.04282712936401367
0.04282712936401367
0.04386496543884277
0.04386496543884277
0.03130054473876953
0.03130054473876953
0.030181884765625
0.030181884765625
0.026611552108079195
0.0
0.02470664167776704
0.0
0.027428150177001953
0.027428150177001953
0.026973724365234375
0.026973724365234375
0.04867784399539232
0.0
0.02787830773741007
0.0
0.0295565128326416
0.0295565128326416
0.02549399482086301
0.0
0.04393506050109863
0.04393506050109863
0.027406692504882812
0.027406692504882812
0.025498047936707735
0.0
0.02825784683227539
0.02825784683227539
0.029642343521118164
0.029642343521118164
0.02705693244934082
0.02705693244934082
0.02867567026987672
0.0
0.028363466262817383
0.028363466262817383
0.025137044955044985
0.0
0.025950714014470577
0.0
0.03329014778137207
0.03329014778137207
0.03276538848876953
0.03276538848876953
0.03126096725463867
0.03126096725463867
0.05313730239868164
0.05313730239868164
0.030177593231201172
0.030177593231201172
0.03568553924560547
0.03568553924560547
0.02703690528869629
0.02703690528869629
0.05515551567077637
0.05515551567077637
0.03122735023498535
0.03122735023498535
0.03416984295472503
0.0
0.02772068977355957
0.02772068977355957
0.03522443771362305
0.03522443771362305
0.026828765869140625
0.026828765869140625
0.0282742977142334
0.0282742977142334
0.040866085328161716
0.0
0.041561126708984375
0.041561126708984375
0.02811145782470703
0.02811145782470703
0.029089500196278095
0.0
0.03255271911621094
0.03255271911621094
0.04489354882389307
0.0
0.030386686325073242
0.030386686325073242
0.02606455096974969
0.0
0.03361225128173828
0.03361225128173828
0.032198190689086914
0.032198190689086914
0.030182468239217997
0.0
0.02367965690791607
0.0
0.03268122673034668
0.03268122673034668
0.03073573112487793
0.03073573112487793
