22.04118061065674
22.04118061065674
0.02424820465967059
0.0
0.030144691467285156
0.030144691467285156
0.03526496887207031
0.03526496887207031
0.1876579998061061
0.0
0.02780747413635254
0.02780747413635254
0.02941608428955078
0.02941608428955078
0.02904033660888672
0.02904033660888672
0.025821447372436523
0.025821447372436523
0.025835351087152958
0.0
0.030024468898773193
0.0
0.023568224627524614
0.0
0.027570486068725586
0.027570486068725586
0.035970449447631836
0.035970449447631836
0.027872323989868164
0.027872323989868164
0.03154420852661133
0.03154420852661133
0.16175943659618497
0.0
0.05193471908569336
0.05193471908569336
0.03679347038269043
0.03679347038269043
0.038492441177368164
0.038492441177368164
0.09233406186103821
0.0
0.028568117413669825
0.0
0.029349088668823242
0.029349088668823242
0.027801513671875
0.027801513671875
0.025766513776034117
0.0
0.08926695911213756
0.0
0.16113077104091644
0.0
0.0908125159330666
0.0
0.03048992156982422
0.03048992156982422
0.03161287307739258
0.03161287307739258
0.0918567581102252
0.0
0.026776158716529608
0.0
0.032865285873413086
0.032865285873413086
0.024236466735601425
0.0
0.03053903579711914
0.03053903579711914
0.032269954681396484
0.032269954681396484
0.16861060541123152
0.0
0.035192012786865234
0.035192012786865234
0.03832244873046875
0.03832244873046875
0.1581083359196782
0.0
0.03340411186218262
0.03340411186218262
0.036401987075805664
0.036401987075805664
0.0298919677734375
0.0298919677734375
0.025694906245917082
0.0
0.16655023721978068
0.0
0.09689088771119714
0.0
0.030219064094126225
0.0
0.034590721130371094
0.034590721130371094
0.098719771951437
0.0
0.02924203872680664
0.02924203872680664
