0.0410017347894609
0.0
0.028493881225585938
0.028493881225585938
0.02526968391612172
0.0
0.029249191284179688
0.029249191284179688
0.030637264251708984
0.030637264251708984
0.03368020057678223
0.03368020057678223
0.031069404911249876
0.0
0.0305631160736084
0.0305631160736084
0.025412655901163816
0.0
0.03327655792236328
0.03327655792236328
0.027610063552856445
0.027610063552856445
0.026745080947875977
0.026745080947875977
0.032510917633771896
0.0
0.027584217954427004
0.0
0.025902986526489258
0.025902986526489258
0.027148723602294922
0.027148723602294922
0.034383535385131836
0.034383535385131836
0.02715158462524414
0.02715158462524414
0.028321027755737305
0.028321027755737305
0.02892923355102539
0.02892923355102539
0.02417526487261057
0.0
0.027358293533325195
0.027358293533325195
0.0360226989723742
0.0
0.03160238265991211
0.03160238265991211
0.03952360153198242
0.03952360153198242
0.027276313863694668
0.0
0.02395167201757431
0.0
0.03028583526611328
0.03028583526611328
0.032959939911961555
0.0
0.030120134353637695
0.030120134353637695
0.03766036033630371
0.03766036033630371
0.02945382473990321
0.0
0.037291765213012695
0.037291765213012695
0.029500325210392475
0.0
0.026346752885729074
0.0
0.026136159896850586
0.026136159896850586
0.03743481636047363
0.03743481636047363
0.030283212661743164
0.030283212661743164
0.027680919971317053
0.0
0.026776005048304796
0.0
0.032227277755737305
0.032227277755737305
0.027245759963989258
0.027245759963989258
0.026245255023241043
0.0
0.03292107582092285
0.03292107582092285
0.02637940412387252
0.0
0.032019853591918945
0.032019853591918945
0.028919219970703125
0.028919219970703125
0.026749849319458008
0.026749849319458008
0.02740331692621112
0.0
0.02986001968383789
0.02986001968383789
