0.11683034896850586
0.11683034896850586
1.0908141136169434
1.0908141136169434
1.086883783340454
1.086883783340454
1.087174415588379
1.087174415588379
1.0904643535614014
1.0904643535614014
1.0895750522613525
1.0895750522613525
0.11727333068847656
0.11727333068847656
1.0887863636016846
1.0887863636016846
0.15525347227230668
0.0
0.0854887762106955
0.0
0.14335846900939941
0.14335846900939941
0.12210467830300331
0.0
0.10283116716891527
0.0
0.11282172007486224
0.0
0.09394521405920386
0.0
1.1006693840026855
1.1006693840026855
0.09914980502799153
0.0
1.0869519710540771
1.0869519710540771
1.0871431827545166
1.0871431827545166
0.09261162020266056
0.0
0.09271423006430268
0.0
0.11040667397901416
0.0
0.10827720630913973
0.0
0.09834855701774359
0.0
1.0909936428070068
1.0909936428070068
1.0887019634246826
1.0887019634246826
0.09101424599066377
0.0
1.0900957584381104
1.0900957584381104
0.2021676660515368
0.0
1.0962812900543213
1.0962812900543213
0.09452992770820856
0.0
1.0917868614196777
1.0917868614196777
1.0884919166564941
1.0884919166564941
1.0862820148468018
1.0862820148468018
1.125380516052246
1.125380516052246
0.0908738560974598
0.0
1.087296485900879
1.087296485900879
1.092632532119751
1.092632532119751
0.11033320426940918
0.11033320426940918
0.09907029615715146
0.0
0.08777044294402003
0.0
1.0916438102722168
1.0916438102722168
0.10450363159179688
0.10450363159179688
0.09959768364205956
0.0
0.13328143116086721
0.0
1.0903642177581787
1.0903642177581787
0.09334407281130552
0.0
0.0907533299177885
0.0
0.1813030242919922
0.1813030242919922
1.0864582061767578
1.0864582061767578
