0.0288918181322515
0.0
0.07203663000836968
0.0
0.08166558668017387
0.0
0.035225650761276484
0.0
0.9186172485351562
0.9186172485351562
0.08057379722595215
0.08057379722595215
0.0434722900390625
0.0434722900390625
0.03257702896371484
0.0
0.08498692512512207
0.08498692512512207
0.08903418388217688
0.0
0.031059906352311373
0.0
0.09745502471923828
0.09745502471923828
0.05788612365722656
0.05788612365722656
0.049588680267333984
0.049588680267333984
0.03412294387817383
0.03412294387817383
0.030818221159279346
0.0
0.10379947116598487
0.0
0.0377500057220459
0.0377500057220459
0.07135451398789883
0.0
0.17000317573547363
0.17000317573547363
0.07623744010925293
0.07623744010925293
0.05643101269379258
0.0
0.06865549087524414
0.06865549087524414
0.13228774070739746
0.13228774070739746
0.2982001304626465
0.2982001304626465
0.19122934341430664
0.19122934341430664
0.2722531692124903
0.0
0.04434990882873535
0.04434990882873535
0.08238363265991211
0.08238363265991211
0.10591483116149902
0.10591483116149902
0.20595693588256836
0.20595693588256836
0.02795710600912571
0.0
0.03072214126586914
0.03072214126586914
0.10425710678100586
0.10425710678100586
1.4791743755340576
1.4791743755340576
1.0626291749067605
0.0
0.17296051979064941
0.17296051979064941
0.3967396910302341
0.0
0.0949510489590466
0.0
0.06901860237121582
0.06901860237121582
0.17878624983131886
0.0
0.0481870174407959
0.0481870174407959
0.12552380561828613
0.12552380561828613
0.04129981994628906
0.04129981994628906
0.03656816482543945
0.03656816482543945
0.04150086035951972
0.0
0.05740962876006961
0.0
0.028135061264038086
0.028135061264038086
0.05745158204808831
0.0
0.0266721248626709
0.0266721248626709
