0.040267229080200195
0.040267229080200195
0.027561265043914318
0.0
0.03393197059631348
0.03393197059631348
0.03180384077131748
0.0
0.027987957000732422
0.027987957000732422
0.03294988814741373
0.0
0.028557300567626953
0.028557300567626953
0.0277249813079834
0.0277249813079834
0.027803033124655485
0.0
0.045893849804997444
0.0
0.03712749481201172
0.03712749481201172
0.031036853790283203
0.031036853790283203
0.025307889096438885
0.0
0.027321338653564453
0.027321338653564453
0.030865192413330078
0.030865192413330078
0.04430127143859863
0.04430127143859863
0.07855582237243652
0.07855582237243652
0.030799975153058767
0.0
0.03352920897305012
0.0
0.033794403076171875
0.033794403076171875
0.03090524673461914
0.03090524673461914
0.04836577409878373
0.0
0.031198387034237385
0.0
0.02942037582397461
0.02942037582397461
0.03320565726608038
0.0
0.028588284272700548
0.0
0.03467702865600586
0.03467702865600586
0.035595832858234644
0.0
0.03150187898427248
0.0
0.026209439150989056
0.0
0.2040095329284668
0.2040095329284668
0.0375819206237793
0.0375819206237793
0.03398273512721062
0.0
0.026111363898962736
0.0
0.03104114532470703
0.03104114532470703
0.03839397430419922
0.03839397430419922
0.0373842716217041
0.0373842716217041
0.03825211524963379
0.03825211524963379
0.025351941119879484
0.0
0.03269983781501651
0.0
0.10468721389770508
0.10468721389770508
0.032282297033816576
0.0
0.038693904876708984
0.038693904876708984
0.04084258433431387
0.0
0.030855486635118723
0.0
0.026104682125151157
0.0
0.04479217529296875
0.04479217529296875
0.04251913819462061
0.0
0.03883624076843262
0.03883624076843262
0.036831018049269915
0.0
