0.14595651626586914
0.14595651626586914
0.09267330169677734
0.09267330169677734
0.08635045820847154
0.0
0.09259724617004395
0.09259724617004395
0.10021301684901118
0.0
0.10123372077941895
0.10123372077941895
0.09290439495816827
0.0
0.10490822792053223
0.10490822792053223
0.09473538398742676
0.09473538398742676
0.09104410465806723
0.0
0.0963137149810791
0.0963137149810791
0.12287211418151855
0.12287211418151855
0.0972449779510498
0.0972449779510498
0.1061558723449707
0.1061558723449707
0.09664773941040039
0.09664773941040039
0.08688497543334961
0.08688497543334961
0.0887380768544972
0.0
0.09587478637695312
0.09587478637695312
0.09423293406143785
0.0
0.08649429585784674
0.0
0.08735278015956283
0.0
0.11090755462646484
0.11090755462646484
0.1244959831237793
0.1244959831237793
0.09591031074523926
0.09591031074523926
0.09510159492492676
0.09510159492492676
0.08675479888916016
0.08675479888916016
0.10341477394104004
0.10341477394104004
0.10866165161132812
0.10866165161132812
0.08994483947753906
0.08994483947753906
0.0911717414855957
0.0911717414855957
0.0968991587869823
0.0
0.09073712816461921
0.0
0.0856315060518682
0.0
0.08668092219159007
0.0
0.08942341804504395
0.08942341804504395
0.09818148612976074
0.09818148612976074
0.08579718694090843
0.0
0.08893704414367676
0.08893704414367676
0.09807109832763672
0.09807109832763672
0.10765290260314941
0.10765290260314941
0.1336677074432373
0.1336677074432373
0.09198794607073069
0.0
0.10237789154052734
0.10237789154052734
0.08795296913012862
0.0
0.09141802787780762
0.09141802787780762
0.0916905403137207
0.0916905403137207
0.09930920600891113
0.09930920600891113
0.08619012031704187
0.0
0.09369325637817383
0.09369325637817383
0.09998655319213867
0.09998655319213867
