0.04036569595336914
0.04036569595336914
0.030083179473876953
0.030083179473876953
0.024978824891149998
0.0
0.026476383209228516
0.026476383209228516
0.03289968287572265
0.0
0.02680802345275879
0.02680802345275879
0.029166460037231445
0.029166460037231445
0.02970884693786502
0.0
0.03230452537536621
0.03230452537536621
0.023853990249335766
0.0
0.029153108596801758
0.029153108596801758
0.032846689224243164
0.032846689224243164
0.033629417419433594
0.033629417419433594
0.028178687673062086
0.0
0.026495933532714844
0.026495933532714844
0.027428627014160156
0.027428627014160156
0.026711225509643555
0.026711225509643555
0.029959917068481445
0.029959917068481445
0.028995037078857422
0.028995037078857422
0.031203031539916992
0.031203031539916992
0.026534557342529297
0.026534557342529297
0.0268902569077909
0.0
0.026330947875976562
0.026330947875976562
0.033623456954956055
0.033623456954956055
0.026398598682135344
0.0
0.032643795013427734
0.032643795013427734
0.02411971427500248
0.0
0.03175687789916992
0.03175687789916992
0.03090353263542056
0.0
0.026651859283447266
0.026651859283447266
0.029375791549682617
0.029375791549682617
0.04675602912902832
0.04675602912902832
0.02968573570251465
0.02968573570251465
0.03316187858581543
0.03316187858581543
0.032143592834472656
0.032143592834472656
0.03048215713351965
0.0
0.030945301055908203
0.030945301055908203
0.03476214408874512
0.03476214408874512
0.025623747147619724
0.0
0.03337454795837402
0.03337454795837402
0.030280351638793945
0.030280351638793945
0.032215332146734
0.0
0.025279955007135868
0.0
0.0278422012925148
0.0
0.02629852294921875
0.02629852294921875
0.031900882720947266
0.031900882720947266
0.028174161911010742
0.028174161911010742
0.02570176124572754
0.02570176124572754
0.03957319259643555
0.03957319259643555
0.029012203216552734
0.029012203216552734
