0.04743075370788574
0.04743075370788574
0.03118444001302123
0.0
0.05589169729501009
0.0
0.05596567364409566
0.0
0.0342097282409668
0.0342097282409668
0.03777718544006348
0.03777718544006348
0.056870773900300264
0.0
0.02402330469340086
0.0
0.03205275535583496
0.03205275535583496
0.02997875213623047
0.02997875213623047
0.057074691634625196
0.0
0.062190506141632795
0.0
0.03509831428527832
0.03509831428527832
0.05669212527573109
0.0
0.03395557403564453
0.03395557403564453
0.024065354838967323
0.0
0.055524643044918776
0.0
0.025777339935302734
0.025777339935302734
0.027517080307006836
0.027517080307006836
0.024886608123779297
0.024886608123779297
0.04667210578918457
0.04667210578918457
0.02837657928466797
0.02837657928466797
0.03378939628601074
0.03378939628601074
0.03287863731384277
0.03287863731384277
0.057506078854203224
0.0
0.02877020835876465
0.02877020835876465
0.056435790844261646
0.0
0.035376787185668945
0.035376787185668945
0.03430938720703125
0.03430938720703125
0.05987918097525835
0.0
0.027874469757080078
0.027874469757080078
0.0378117561340332
0.0378117561340332
0.029463768005371094
0.029463768005371094
0.03166818618774414
0.03166818618774414
0.058511045295745134
0.0
0.05573859391734004
0.0
0.028437137603759766
0.028437137603759766
0.03630232810974121
0.03630232810974121
0.030463457107543945
0.030463457107543945
0.033548593521118164
0.033548593521118164
0.024372188840061426
0.0
0.04944133758544922
0.04944133758544922
0.027012109756469727
0.027012109756469727
0.033563903998583555
0.0
0.0253448486328125
0.0253448486328125
0.029766762163490057
0.0
0.03029465675354004
0.03029465675354004
0.02497664000838995
0.0
0.0284421443939209
0.0284421443939209
0.03100109100341797
0.03100109100341797
