1.6268911361694336
1.6268911361694336
0.06268805684521794
0.0
1.0300848484039307
1.0300848484039307
1.0299780368804932
1.0299780368804932
1.027543544769287
1.027543544769287
1.028956413269043
1.028956413269043
1.0288939476013184
1.0288939476013184
1.029233694076538
1.029233694076538
1.029430866241455
1.029430866241455
1.0279576778411865
1.0279576778411865
1.0318493843078613
1.0318493843078613
0.05909190885722637
0.0
1.0304830074310303
1.0304830074310303
0.03643992030993104
0.0
0.05922531709074974
0.0
1.0325567722320557
1.0325567722320557
1.0306360721588135
1.0306360721588135
1.0306308269500732
1.0306308269500732
0.052594661712646484
0.052594661712646484
0.06877252971753478
0.0
0.07266836939379573
0.0
0.05306363105773926
0.05306363105773926
0.06607223814353347
0.0
1.0281381607055664
1.0281381607055664
0.05973339080810547
0.05973339080810547
1.0317490100860596
1.0317490100860596
0.031223580241203308
0.0
1.0343928337097168
1.0343928337097168
1.032435417175293
1.032435417175293
1.0291974544525146
1.0291974544525146
1.0321297645568848
1.0321297645568848
1.0372669696807861
1.0372669696807861
1.0334231853485107
1.0334231853485107
1.0325474739074707
1.0325474739074707
0.029763210099190474
0.0
0.030735739041119814
0.0
1.0245025157928467
1.0245025157928467
1.028778076171875
1.028778076171875
0.06014552200213075
0.0
0.032790593802928925
0.0
0.03893160820007324
0.03893160820007324
0.028992231003940105
0.0
0.03428344102576375
0.0
0.030128101352602243
0.0
1.0279111862182617
1.0279111862182617
1.0283527374267578
1.0283527374267578
1.0270731449127197
1.0270731449127197
1.0270612239837646
1.0270612239837646
0.045226097106933594
0.045226097106933594
1.032684326171875
1.032684326171875
