0.04129314422607422
0.04129314422607422
0.06491462094709277
0.0
0.08796353824436665
0.0
0.12988146673887968
0.0
0.08147471817210317
0.0
0.03745807707309723
0.0
0.03141243802383542
0.0
0.12111854553222656
0.12111854553222656
0.06253732880577445
0.0
0.04457521438598633
0.04457521438598633
0.03331637382507324
0.03331637382507324
0.027904748916625977
0.027904748916625977
0.03149127960205078
0.03149127960205078
0.06999850273132324
0.06999850273132324
0.05189371109008789
0.05189371109008789
0.08306199684739113
0.0
0.09393624681979418
0.0
0.030780315399169922
0.030780315399169922
0.5547661781311035
0.5547661781311035
0.10803365707397461
0.10803365707397461
0.32717037200927734
0.32717037200927734
0.16942763328552246
0.16942763328552246
0.24231670890003443
0.0
0.039227452129125595
0.0
0.06446731463074684
0.0
0.042222839780151844
0.0
0.04697193996980786
0.0
0.06472635269165039
0.06472635269165039
0.094940185546875
0.094940185546875
0.06841312441974878
0.0
0.06252670288085938
0.06252670288085938
0.05794851202517748
0.0
0.257999159861356
0.0
0.06235244916751981
0.0
1.0275702476501465
1.0275702476501465
0.8347718715667725
0.8347718715667725
0.10980868339538574
0.10980868339538574
0.9431006908416748
0.9431006908416748
0.06516763987019658
0.0
0.3399820327758789
0.3399820327758789
1.031907558441162
1.031907558441162
0.5161632178351283
0.0
1.0335338115692139
1.0335338115692139
1.0326075553894043
1.0326075553894043
0.04876446723937988
0.04876446723937988
0.08430353505536914
0.0
1.0896637439727783
1.0896637439727783
1.0402719974517822
1.0402719974517822
1.0300984382629395
1.0300984382629395
0.06060139322653413
0.0
