0.07372736930847168
0.07372736930847168
0.03254116512835026
0.0
0.05636569019407034
0.0
0.027192354202270508
0.027192354202270508
0.026767969131469727
0.026767969131469727
0.03167533874511719
0.03167533874511719
0.02652287483215332
0.02652287483215332
0.028552532196044922
0.028552532196044922
0.027685880661010742
0.027685880661010742
0.029765844345092773
0.029765844345092773
0.03490805625915527
0.03490805625915527
0.052564382553100586
0.052564382553100586
0.034375905990600586
0.034375905990600586
0.027514934539794922
0.027514934539794922
0.035628318786621094
0.035628318786621094
0.03206467628479004
0.03206467628479004
0.034357547760009766
0.034357547760009766
0.030759532004594803
0.0
0.033550262451171875
0.033550262451171875
0.02969813346862793
0.02969813346862793
0.055718922056257725
0.0
0.025958538055419922
0.025958538055419922
0.03966021537780762
0.03966021537780762
0.026544570922851562
0.026544570922851562
0.039685726165771484
0.039685726165771484
0.058009926695376635
0.0
0.030487775802612305
0.030487775802612305
0.03214621543884277
0.03214621543884277
0.03087639808654785
0.03087639808654785
0.05694741429761052
0.0
0.03502798080444336
0.03502798080444336
0.037876129150390625
0.037876129150390625
0.02889227867126465
0.02889227867126465
0.03179025650024414
0.03179025650024414
0.029526472091674805
0.029526472091674805
0.02612924575805664
0.02612924575805664
0.03752708435058594
0.03752708435058594
0.028804302215576172
0.028804302215576172
0.025025167036801577
0.0
0.05695985723286867
0.0
0.0780595513060689
0.0
0.0397341251373291
0.0397341251373291
0.03900179034098983
0.0
0.04404306411743164
0.04404306411743164
0.06000561220571399
0.0
0.03215956687927246
0.03215956687927246
0.02827167510986328
0.02827167510986328
0.03165864944458008
0.03165864944458008
0.037097930908203125
0.037097930908203125
0.029693126678466797
0.029693126678466797
