0.10907012410461903
0.0
0.03745436668395996
0.03745436668395996
0.0436398983001709
0.0436398983001709
0.024075482040643692
0.0
0.026518821716308594
0.026518821716308594
0.03290748596191406
0.03290748596191406
0.027298688888549805
0.027298688888549805
0.034595489501953125
0.034595489501953125
0.08699258137494326
0.0
0.058460494969040155
0.0
0.03119982685893774
0.0
0.03222319204360247
0.0
0.026470405980944633
0.0
0.037705421447753906
0.037705421447753906
0.030263423919677734
0.030263423919677734
0.03169584274291992
0.03169584274291992
0.07974161813035607
0.0
0.03450274467468262
0.03450274467468262
0.029308392200618982
0.0
0.02631521224975586
0.02631521224975586
0.04153943061828613
0.04153943061828613
0.040804147720336914
0.040804147720336914
0.03232717514038086
0.03232717514038086
0.030080785043537617
0.0
0.04044222831726074
0.04044222831726074
0.09448766801506281
0.0
0.028078317642211914
0.028078317642211914
0.051115002017468214
0.0
0.053232669830322266
0.053232669830322266
0.030390024185180664
0.030390024185180664
0.029728769790381193
0.0
0.03559470176696777
0.03559470176696777
0.04893779754638672
0.04893779754638672
0.040932416915893555
0.040932416915893555
0.0424036979675293
0.0424036979675293
0.06284349504858255
0.0
0.03968381881713867
0.03968381881713867
0.0279843807220459
0.0279843807220459
0.12971435580402613
0.0
0.0574264470487833
0.0
0.032026052474975586
0.032026052474975586
0.12564980192109942
0.0
0.02861309051513672
0.02861309051513672
0.41960123274475336
0.0
0.036215782165527344
0.036215782165527344
0.03666353225708008
0.03666353225708008
0.04082822799682617
0.04082822799682617
0.03336739540100098
0.03336739540100098
0.06028109136968851
0.0
0.046547889709472656
0.046547889709472656
