0.03904079692438245
0.0
0.1831147400662303
0.0
0.027662277221679688
0.027662277221679688
0.04108881950378418
0.04108881950378418
0.02363127702847123
0.0
0.02595754899084568
0.0
0.023950857110321522
0.0
0.03568530082702637
0.03568530082702637
0.03940939903259277
0.03940939903259277
0.03840446472167969
0.03840446472167969
0.02769187092781067
0.0
0.03217291831970215
0.03217291831970215
0.03470277786254883
0.03470277786254883
0.02777838706970215
0.02777838706970215
0.037331175059080124
0.0
0.056680063251405954
0.0
0.07125020027160645
0.07125020027160645
0.04543805122375488
0.04543805122375488
0.040137290954589844
0.040137290954589844
0.02686166763305664
0.02686166763305664
0.029287378303706646
0.0
0.04060792922973633
0.04060792922973633
0.0383901153691113
0.0
0.02774333953857422
0.02774333953857422
0.029081344604492188
0.029081344604492188
0.03671765327453613
0.03671765327453613
0.03267446393147111
0.0
0.03308463096618652
0.03308463096618652
0.05690388986840844
0.0
0.05727672576904297
0.05727672576904297
0.031141042709350586
0.031141042709350586
0.061635429970920086
0.0
0.0524594783782959
0.0524594783782959
0.030051708221435547
0.030051708221435547
0.03644609451293945
0.03644609451293945
0.026755571365356445
0.026755571365356445
0.15731319598853588
0.0
0.02662944793701172
0.02662944793701172
0.06029979698359966
0.0
0.04756617546081543
0.04756617546081543
0.029291868209838867
0.029291868209838867
0.036472808104008436
0.0
0.02619483694434166
0.0
0.04013252258300781
0.04013252258300781
0.029262781143188477
0.029262781143188477
0.12210340611636639
0.0
0.027608633041381836
0.027608633041381836
0.37317822501063347
0.0
0.04951596260070801
0.04951596260070801
0.034380197525024414
0.034380197525024414
