0.12010884610936046
0.0
0.09250760078430176
0.09250760078430176
0.08968892600387335
0.0
0.08478317502886057
0.0
0.09634256362915039
0.09634256362915039
0.08514118194580078
0.08514118194580078
0.08714056015014648
0.08714056015014648
0.09754204750061035
0.09754204750061035
0.08877523010596633
0.0
0.09714984893798828
0.09714984893798828
0.0895616328343749
0.0
0.09359650826081634
0.0
0.09509038925170898
0.09509038925170898
0.09297537803649902
0.09297537803649902
0.0940086841583252
0.0940086841583252
0.08303582575172186
0.0
0.08801210671663284
0.0
0.09044694900512695
0.09044694900512695
0.08905982971191406
0.08905982971191406
0.09095311164855957
0.09095311164855957
0.09458792489022017
0.0
0.09020997816696763
0.0
0.0898582935333252
0.0898582935333252
0.09254169464111328
0.09254169464111328
0.08536933083087206
0.0
0.08714656997472048
0.0
0.09869791101664305
0.0
0.08945059776306152
0.08945059776306152
0.09366440773010254
0.09366440773010254
0.08667778968811035
0.08667778968811035
0.08629907621070743
0.0
0.08488773973658681
0.0
0.08632134320214391
0.0
0.09090575994923711
0.0
0.09361910820007324
0.09361910820007324
0.08562317816540599
0.0
0.08520655008032918
0.0
0.08787822723388672
0.08787822723388672
0.08932222984731197
0.0
0.09217691421508789
0.09217691421508789
0.08817648887634277
0.08817648887634277
0.0875687780790031
0.0
0.09561324119567871
0.09561324119567871
0.0867055281996727
0.0
0.08901286125183105
0.08901286125183105
0.09910988807678223
0.09910988807678223
0.09631800651550293
0.09631800651550293
0.09984540939331055
0.09984540939331055
0.09636092185974121
0.09636092185974121
0.09081346122547984
0.0
