0.0354151725769043
0.0354151725769043
0.032120704650878906
0.032120704650878906
0.02451034775003791
0.0
0.0311434268951416
0.0311434268951416
0.02520895004272461
0.02520895004272461
0.02640056610107422
0.02640056610107422
0.025578737258911133
0.025578737258911133
0.03762197494506836
0.03762197494506836
0.024405546952039003
0.0
0.02418933203443885
0.0
0.02906656265258789
0.02906656265258789
0.02820897102355957
0.02820897102355957
0.023942493833601475
0.0
0.03266644477844238
0.03266644477844238
0.03025341033935547
0.03025341033935547
0.027645111083984375
0.027645111083984375
0.028220653533935547
0.028220653533935547
0.026772260665893555
0.026772260665893555
0.023665967863053083
0.0
0.03631877899169922
0.03631877899169922
0.029027223587036133
0.029027223587036133
0.03263115882873535
0.03263115882873535
0.030405044555664062
0.030405044555664062
0.025025486946105957
0.0
0.027958154678344727
0.027958154678344727
0.03275179862976074
0.03275179862976074
0.026110982056707144
0.0
0.028771009761840105
0.0
0.034410953521728516
0.034410953521728516
0.031267404556274414
0.031267404556274414
0.026247666217386723
0.0
0.02745435107499361
0.0
0.035585641860961914
0.035585641860961914
0.029802560806274414
0.029802560806274414
0.027147843036800623
0.0
0.023766878060996532
0.0
0.05585670471191406
0.05585670471191406
0.026627540588378906
0.026627540588378906
0.025367021560668945
0.025367021560668945
0.027836956083774567
0.0
0.027524232864379883
0.027524232864379883
0.02646660804748535
0.02646660804748535
0.027733267284929752
0.0
0.029371023178100586
0.029371023178100586
0.030308008193969727
0.030308008193969727
0.029143333435058594
0.029143333435058594
0.03174455417320132
0.0
0.030091285705566406
0.030091285705566406
0.025319037027657032
0.0
0.029317140579223633
0.029317140579223633
