1.0790331363677979
1.0790331363677979
1.0437796115875244
1.0437796115875244
1.040158987045288
1.040158987045288
1.2300114631652832
1.2300114631652832
1.4058499336242676
1.4058499336242676
0.09412964293733239
0.0
2.105135202407837
2.105135202407837
1.3013298511505127
1.3013298511505127
1.039088487625122
1.039088487625122
1.0521574020385742
1.0521574020385742
1.1313059329986572
1.1313059329986572
0.1395046771503985
0.0
1.0649511814117432
1.0649511814117432
0.13170886039733887
0.13170886039733887
0.07048517279326916
0.0
1.2712771892547607
1.2712771892547607
0.07638128893449903
0.0
1.3878307342529297
1.3878307342529297
1.2113111019134521
1.2113111019134521
0.10331265209242702
0.0
0.04500551521778107
0.0
0.06666782684624195
0.0
1.437525987625122
1.437525987625122
7.711801528930664
7.711801528930664
0.9227122217416763
0.0
0.10907357092946768
0.0
8.04918885231018
8.04918885231018
0.7284630369395018
0.0
1.2635743618011475
1.2635743618011475
3.2253522872924805
3.2253522872924805
1.2929577827453613
1.2929577827453613
1.5841054916381836
1.5841054916381836
0.41081949416548014
0.0
0.14644425828009844
0.0
1.0982446600683033
0.0
0.046611668076366186
0.0
0.049132511019706726
0.0
0.06267820997163653
0.0
0.03474703524261713
0.0
1.0290536880493164
1.0290536880493164
1.0407109260559082
1.0407109260559082
1.028411865234375
1.028411865234375
1.0253307819366455
1.0253307819366455
0.04660630226135254
0.04660630226135254
1.0266551971435547
1.0266551971435547
1.028817892074585
1.028817892074585
1.025590181350708
1.025590181350708
0.032357238698750734
0.0
1.035830020904541
1.035830020904541
0.0413447474129498
0.0
