0.11335158348083496
0.11335158348083496
0.08546735299751163
0.0
0.11238384246826172
0.11238384246826172
0.09640248492360115
0.0
0.1050407886505127
0.1050407886505127
0.09456729888916016
0.09456729888916016
0.0964972972869873
0.0964972972869873
0.12432456016540527
0.12432456016540527
0.09595201071351767
0.0
0.10172843933105469
0.10172843933105469
0.09201660007238388
0.0
0.09044027328491211
0.09044027328491211
0.087092992849648
0.0
0.09102344512939453
0.09102344512939453
0.08812278183177114
0.0
0.09182181116193533
0.0
0.08964896202087402
0.08964896202087402
0.09161257743835449
0.09161257743835449
0.09968113899230957
0.09968113899230957
0.08657948905602098
0.0
0.08695244789123535
0.08695244789123535
0.1081026908941567
0.0
0.09516071435064077
0.0
0.08863472938537598
0.08863472938537598
0.08758735656738281
0.08758735656738281
0.0876760482788086
0.0876760482788086
0.1372518539428711
0.1372518539428711
0.10048675537109375
0.10048675537109375
0.09309506416320801
0.09309506416320801
0.09132838249206543
0.09132838249206543
0.08963438402861357
0.0
0.08953163772821426
0.0
0.11609029769897461
0.11609029769897461
0.09791343612596393
0.0
0.09297919273376465
0.09297919273376465
0.09636783599853516
0.09636783599853516
0.1002192497253418
0.1002192497253418
0.09697413444519043
0.09697413444519043
0.08858919143676758
0.08858919143676758
0.10017991065979004
0.10017991065979004
0.08646565210074186
0.0
0.09763264656066895
0.09763264656066895
0.09708189964294434
0.09708189964294434
0.08895777305588126
0.0
0.09497976303100586
0.09497976303100586
0.08955604583024979
0.0
0.08906176779419184
0.0
0.10204839706420898
0.10204839706420898
0.08833591500297189
0.0
0.08533306000754237
0.0
