1.0377156734466553
1.0377156734466553
1.033137559890747
1.033137559890747
1.0464658737182617
1.0464658737182617
0.21954095689579844
0.0
0.06715044798329473
0.0
1.1763057708740234
1.1763057708740234
0.22356062894687057
0.0
0.15697190118953586
0.0
0.12762162508442998
0.0
0.3847522735595703
0.3847522735595703
0.08398792101070285
0.0
0.06370202405378222
0.0
0.363053937908262
0.0
0.03050846280530095
0.0
0.049720515962690115
0.0
1.0819377899169922
1.0819377899169922
1.041210412979126
1.041210412979126
1.0528244972229004
1.0528244972229004
1.0760040283203125
1.0760040283203125
0.10788526805117726
0.0
0.07078086212277412
0.0
1.0465164184570312
1.0465164184570312
1.0283210277557373
1.0283210277557373
0.13167738914489746
0.13167738914489746
0.07078479882329702
0.0
0.05439728032797575
0.0
0.2883497718721628
0.0
1.179530143737793
1.179530143737793
1.282377004623413
1.282377004623413
1.0671501159667969
1.0671501159667969
1.8895330429077148
1.8895330429077148
0.3088691281154752
0.0
0.06449860706925392
0.0
1.203972339630127
1.203972339630127
1.6324284076690674
1.6324284076690674
1.553119421005249
1.553119421005249
1.1500039100646973
1.1500039100646973
0.14895319007337093
0.0
1.4550838470458984
1.4550838470458984
2.6083121299743652
2.6083121299743652
0.058301230892539024
0.0
0.1192298037931323
0.0
0.059800662100315094
0.0
1.034250020980835
1.034250020980835
0.34388235211372375
0.0
1.1543715000152588
1.1543715000152588
1.6435937881469727
1.6435937881469727
0.03199250204488635
0.0
1.3219552040100098
1.3219552040100098
1.0437047481536865
1.0437047481536865
