1.248774528503418
1.248774528503418
0.4361855983734131
0.4361855983734131
0.15874189976602793
0.0
1.1152923107147217
1.1152923107147217
0.04285626672208309
0.0
1.050123929977417
1.050123929977417
0.05828783707693219
0.0
0.05294942855834961
0.05294942855834961
1.026409387588501
1.026409387588501
0.09003182640299201
0.0
0.044405221939086914
0.044405221939086914
0.029320133849978447
0.0
0.031329772900789976
0.0
0.04541778564453125
0.04541778564453125
1.032510757446289
1.032510757446289
0.057709767017513514
0.0
1.0296480655670166
1.0296480655670166
1.0358269214630127
1.0358269214630127
1.0280430316925049
1.0280430316925049
0.06432399805635214
0.0
1.040963888168335
1.040963888168335
0.04843878746032715
0.04843878746032715
1.02689790725708
1.02689790725708
0.02746217418462038
0.0
0.056697568856179714
0.0
0.037528646644204855
0.0
0.029822437092661858
0.0
1.0270366668701172
1.0270366668701172
0.057812090031802654
0.0
1.029534101486206
1.029534101486206
1.0301146507263184
1.0301146507263184
1.0279316902160645
1.0279316902160645
0.04192686080932617
0.04192686080932617
1.026106357574463
1.026106357574463
0.033952462021261454
0.0
0.07437175279483199
0.0
1.039057970046997
1.039057970046997
1.034057378768921
1.034057378768921
1.031590461730957
1.031590461730957
1.0275943279266357
1.0275943279266357
0.042388200759887695
0.042388200759887695
0.03549068234860897
0.0
0.03624256793409586
0.0
0.05422067642211914
0.05422067642211914
1.0277462005615234
1.0277462005615234
1.0340378284454346
1.0340378284454346
1.0288264751434326
1.0288264751434326
1.0324115753173828
1.0324115753173828
1.0308020114898682
1.0308020114898682
1.0272676944732666
1.0272676944732666
