0.1077578067779541
0.1077578067779541
0.08836642000824213
0.0
0.09203147888183594
0.09203147888183594
0.09423089027404785
0.09423089027404785
0.09575867652893066
0.09575867652893066
0.10109210014343262
0.10109210014343262
0.11062431335449219
0.11062431335449219
0.0870516300201416
0.0870516300201416
0.10459685325622559
0.10459685325622559
0.0893561840057373
0.0893561840057373
0.09788352996110916
0.0
0.08626646501943469
0.0
0.09069507103413343
0.0
0.08855620538815856
0.0
0.09765052795410156
0.09765052795410156
0.0934901237487793
0.0934901237487793
0.0912613058462739
0.0
0.09358501434326172
0.09358501434326172
0.08555534295737743
0.0
0.08653738489374518
0.0
0.09364019706845284
0.0
0.0910358321852982
0.0
0.08846898097544909
0.0
0.09500573761761189
0.0
0.09719705581665039
0.09719705581665039
0.08685898035764694
0.0
0.08573942491784692
0.0
0.08568410202860832
0.0
0.0886870683170855
0.0
0.09305373392999172
0.0
0.0920114517211914
0.0920114517211914
0.08879637718200684
0.08879637718200684
0.08967089653015137
0.08967089653015137
0.09038043022155762
0.09038043022155762
0.08565734978765249
0.0
0.0923614501953125
0.0923614501953125
0.08910632133483887
0.08910632133483887
0.09211015701293945
0.09211015701293945
0.08983063697814941
0.08983063697814941
0.09819698333740234
0.09819698333740234
0.08619685797020793
0.0
0.13575172424316406
0.13575172424316406
0.08438448281958699
0.0
0.09964656829833984
0.09964656829833984
0.11055736197158694
0.0
0.0977010726928711
0.0977010726928711
0.10780620574951172
0.10780620574951172
0.11415290832519531
0.11415290832519531
0.0915544549934566
0.0
0.08994412422180176
0.08994412422180176
