0.06023550033569336
0.06023550033569336
0.08206783793866634
0.0
1.2377514839172363
1.2377514839172363
0.1320046209730208
0.0
0.2668910180218518
0.0
1.1771626910194755
0.0
1.1097140312194824
1.1097140312194824
1.233628273010254
1.233628273010254
1.20249605178833
1.20249605178833
0.0817588260397315
0.0
1.9299442768096924
1.9299442768096924
1.0568840503692627
1.0568840503692627
1.5136849880218506
1.5136849880218506
0.14556480292230844
0.0
1.3156025409698486
1.3156025409698486
0.1346118706278503
0.0
0.14020967483520508
0.14020967483520508
1.0443594455718994
1.0443594455718994
0.0364057132974267
0.0
1.1146037578582764
1.1146037578582764
1.0314240455627441
1.0314240455627441
0.3089596279896796
0.0
0.24558424949645996
0.24558424949645996
1.433142900466919
1.433142900466919
1.0376672744750977
1.0376672744750977
0.2770452327094972
0.0
0.3903005151078105
0.0
1.6447830200195312
1.6447830200195312
1.2543907165527344
1.2543907165527344
0.07359957695007324
0.07359957695007324
0.12586790835484862
0.0
0.06175220897421241
0.0
1.2658698558807373
1.2658698558807373
0.1099179657176137
0.0
0.154954819008708
0.0
0.13730445271357894
0.0
0.10967562114819884
0.0
0.08414244651794434
0.08414244651794434
1.22979736328125
1.22979736328125
0.11303820181638002
0.0
1.3343009948730469
1.3343009948730469
0.423905611038208
0.423905611038208
0.3654888579621911
0.0
1.4726850986480713
1.4726850986480713
0.0532999187707901
0.0
1.1388599872589111
1.1388599872589111
1.1818485260009766
1.1818485260009766
0.11825766274705529
0.0
1.160872459411621
1.160872459411621
0.41563142789527774
0.0
