0.05322098731994629
0.05322098731994629
0.028183123096823692
0.0
0.02935314178466797
0.02935314178466797
0.03350329399108887
0.03350329399108887
0.030383269768208265
0.0
0.05502351187169552
0.0
0.02950000762939453
0.02950000762939453
0.05722427228465676
0.0
0.028583288192749023
0.028583288192749023
0.04565024375915527
0.04565024375915527
0.056139769963920116
0.0
0.029327869415283203
0.029327869415283203
0.03414440155029297
0.03414440155029297
0.031037330627441406
0.031037330627441406
0.026897668838500977
0.026897668838500977
0.055665676947683096
0.0
0.05622912431135774
0.0
0.03530550003051758
0.03530550003051758
0.031022310256958008
0.031022310256958008
0.03661036491394043
0.03661036491394043
0.02807166799902916
0.0
0.04216718673706055
0.04216718673706055
0.05705689871683717
0.0
0.055690288078039885
0.0
0.030359506607055664
0.030359506607055664
0.03179287910461426
0.03179287910461426
0.05662726191803813
0.0
0.028863906860351562
0.028863906860351562
0.02713465690612793
0.02713465690612793
0.02680349349975586
0.02680349349975586
0.030003088992089033
0.0
0.026618242263793945
0.026618242263793945
0.0328216552734375
0.0328216552734375
0.02846050262451172
0.02846050262451172
0.03299093246459961
0.03299093246459961
0.06089850002899766
0.0
0.025913000106811523
0.025913000106811523
0.02580428123474121
0.02580428123474121
0.02668166160583496
0.02668166160583496
0.03679323196411133
0.03679323196411133
0.027950048446655273
0.027950048446655273
0.0262453556060791
0.0262453556060791
0.028851032257080078
0.028851032257080078
0.027236839290708303
0.0
0.02851724624633789
0.02851724624633789
0.03080582618713379
0.03080582618713379
0.03273510932922363
0.03273510932922363
0.025552034378051758
0.025552034378051758
0.02914881706237793
0.02914881706237793
0.03457188606262207
0.03457188606262207
