0.042725563049316406
0.042725563049316406
0.03973841667175293
0.03973841667175293
0.03258085250854492
0.03258085250854492
0.03365492820739746
0.03365492820739746
0.02945256233215332
0.02945256233215332
0.04321158491075039
0.0
0.0302653219550848
0.0
0.02688312530517578
0.02688312530517578
0.02831424493342638
0.0
0.030196900013834238
0.0
0.03229093551635742
0.03229093551635742
0.024253228213638067
0.0
0.026514053344726562
0.026514053344726562
0.03076174110174179
0.0
0.027789592742919922
0.027789592742919922
0.02694845199584961
0.02694845199584961
0.026117777917534113
0.0
0.024677910842001438
0.0
0.02457848424091935
0.0
0.028258085250854492
0.028258085250854492
0.04133415222167969
0.04133415222167969
0.030376911163330078
0.030376911163330078
0.037624359130859375
0.037624359130859375
0.02622842788696289
0.02622842788696289
0.03222322463989258
0.03222322463989258
0.04359841346740723
0.04359841346740723
0.02623605728149414
0.02623605728149414
0.02517024613916874
0.0
0.031879425048828125
0.031879425048828125
0.030091047286987305
0.030091047286987305
0.03786110877990723
0.03786110877990723
0.04600858688354492
0.04600858688354492
0.027986526489257812
0.027986526489257812
0.026630857959389687
0.0
0.026920557022094727
0.026920557022094727
0.027609825134277344
0.027609825134277344
0.031006813049316406
0.031006813049316406
0.02653340296819806
0.0
0.028574705123901367
0.028574705123901367
0.03687238693237305
0.03687238693237305
0.026633739471435547
0.026633739471435547
0.025239333976060152
0.0
0.042453765869140625
0.042453765869140625
0.026822129264473915
0.0
0.023949935100972652
0.0
0.033913612365722656
0.033913612365722656
0.03404879570007324
0.03404879570007324
0.02498197788372636
0.0
0.029745887964963913
0.0
0.03189444541931152
0.03189444541931152
