0.0589968441054225
0.0
0.09851074637845159
0.0
0.03668168280273676
0.0
0.11281275749206543
0.11281275749206543
0.028605937957763672
0.028605937957763672
0.07425068318843842
0.0
0.06208799732849002
0.0
0.05217999638989568
0.0
0.12583351135253906
0.12583351135253906
0.05530118942260742
0.05530118942260742
0.03472280502319336
0.03472280502319336
0.06158304214477539
0.06158304214477539
0.06092188414186239
0.0
0.036060748621821404
0.0
0.030638680793344975
0.0
0.06363837514072657
0.0
0.0650167572312057
0.0
0.1361372470855713
0.1361372470855713
0.06387853622436523
0.06387853622436523
0.2774629592895508
0.2774629592895508
0.10773468017578125
0.10773468017578125
0.06994819641113281
0.06994819641113281
0.09788179397583008
0.09788179397583008
0.06200766563415527
0.06200766563415527
0.09166646003723145
0.09166646003723145
0.06100236903876066
0.0
0.8755018711090088
0.8755018711090088
0.048456016927957535
0.0
0.0760618383064866
0.0
1.0454208850860596
1.0454208850860596
0.3948380947113037
0.3948380947113037
1.030775785446167
1.030775785446167
0.0638945628888905
0.0
0.05085158348083496
0.05085158348083496
1.0524919033050537
1.0524919033050537
0.07885082066059113
0.0
0.062125768046826124
0.0
0.06600252306088805
0.0
1.0310943126678467
1.0310943126678467
1.074876070022583
1.074876070022583
0.2763808090239763
0.0
1.0329029560089111
1.0329029560089111
1.0388579368591309
1.0388579368591309
0.04239459382370114
0.0
1.0274710655212402
1.0274710655212402
1.0323278903961182
1.0323278903961182
1.0272881984710693
1.0272881984710693
0.041217803955078125
0.041217803955078125
0.03408275218680501
0.0
0.059704889077693224
0.0
