0.062254905700683594
0.062254905700683594
0.044379535131156445
0.0
0.04751992225646973
0.04751992225646973
0.06350088119506836
0.06350088119506836
0.13687491416931152
0.13687491416931152
0.027103424072265625
0.027103424072265625
0.22377872467041016
0.22377872467041016
0.049067020416259766
0.049067020416259766
0.02894096588715911
0.0
0.03579115867614746
0.03579115867614746
0.06460094451904297
0.06460094451904297
0.10674476623535156
0.10674476623535156
0.16278522508218884
0.0
0.06058975728228688
0.0
0.08980536181479692
0.0
0.0473172664642334
0.0473172664642334
0.06663203239440918
0.06663203239440918
0.052405357360839844
0.052405357360839844
0.07385108293965459
0.0
0.26962987100705504
0.0
2.8550620079040527
2.8550620079040527
0.04948687553405762
0.04948687553405762
0.05325555521994829
0.0
0.07547688484191895
0.07547688484191895
0.13439202308654785
0.13439202308654785
0.052338600158691406
0.052338600158691406
0.03941216692328453
0.0
0.10640573501586914
0.10640573501586914
0.2181598823517561
0.0
0.03341406723484397
0.0
0.30435889726504683
0.0
0.04223489761352539
0.04223489761352539
0.10478918720036745
0.0
0.03342856094241142
0.0
0.04895377159118652
0.04895377159118652
0.10033154487609863
0.10033154487609863
0.0607757568359375
0.0607757568359375
0.08350181579589844
0.08350181579589844
0.034871816635131836
0.034871816635131836
0.17110824584960938
0.17110824584960938
2.0807419046759605
0.0
0.12167477607727051
0.12167477607727051
0.06393584236502647
0.0
0.3754856586456299
0.3754856586456299
0.06258220784366131
0.0
0.0308992862701416
0.0308992862701416
0.13511991500854492
0.13511991500854492
0.34670806815847754
0.0
0.32420778274536133
0.32420778274536133
0.03212118148803711
0.03212118148803711
