0.1316702552139759
0.0
0.0922224591486156
0.0
1.0916476249694824
1.0916476249694824
1.0882649421691895
1.0882649421691895
0.09911494608968496
0.0
1.0896427631378174
1.0896427631378174
1.102074146270752
1.102074146270752
1.0901310443878174
1.0901310443878174
0.12947845458984375
0.12947845458984375
1.0957756042480469
1.0957756042480469
1.086639404296875
1.086639404296875
1.0983939170837402
1.0983939170837402
0.10220340359956026
0.0
0.09956049919128418
0.09956049919128418
1.08964204788208
1.08964204788208
0.09354635374620557
0.0
1.091933250427246
1.091933250427246
1.0890717506408691
1.0890717506408691
0.10462456103414297
0.0
1.104097843170166
1.104097843170166
1.0879836082458496
1.0879836082458496
1.0895068645477295
1.0895068645477295
0.11311250366270542
0.0
1.0888333320617676
1.0888333320617676
1.094815969467163
1.094815969467163
0.1335265450179577
0.0
1.091881513595581
1.091881513595581
0.12751198885962367
0.0
1.103200912475586
1.103200912475586
0.108612020034343
0.0
0.10053682327270508
0.10053682327270508
1.0858027935028076
1.0858027935028076
0.10075569106265903
0.0
0.09292539302259684
0.0
0.10022672405466437
0.0
0.08764134114608169
0.0
0.11393594741821289
0.11393594741821289
0.09355011722072959
0.0
0.09813411301001906
0.0
0.09421646175906062
0.0
0.10391068458557129
0.10391068458557129
0.11176811810582876
0.0
0.11971369292587042
0.0
0.11333632469177246
0.11333632469177246
0.1159077500924468
0.0
0.10229709092527628
0.0
1.0884642601013184
1.0884642601013184
1.0956387519836426
1.0956387519836426
1.0895800590515137
1.0895800590515137
0.09004997694864869
0.0
