0.04631471633911133
0.04631471633911133
0.033061981201171875
0.033061981201171875
0.02274552220478654
0.0
0.025452713947743177
0.0
0.027366161346435547
0.027366161346435547
0.03775954246520996
0.03775954246520996
0.02707898709923029
0.0
0.03331136703491211
0.03331136703491211
0.027520337142050266
0.0
0.03187990188598633
0.03187990188598633
0.03147602081298828
0.03147602081298828
0.029102325439453125
0.029102325439453125
0.02285492094233632
0.0
0.029957476072013378
0.0
0.029929271899163723
0.0
0.0289766788482666
0.0289766788482666
0.02441035583615303
0.0
0.031252384185791016
0.031252384185791016
0.03338193893432617
0.03338193893432617
0.04557371139526367
0.04557371139526367
0.025925397872924805
0.025925397872924805
0.026118433102965355
0.0
0.029583284631371498
0.0
0.026700735092163086
0.026700735092163086
0.040474891662597656
0.040474891662597656
0.026784420013427734
0.026784420013427734
0.025405438616871834
0.0
0.03210926055908203
0.03210926055908203
0.034142255783081055
0.034142255783081055
0.023674714844673872
0.0
0.033097267150878906
0.033097267150878906
0.033132314682006836
0.033132314682006836
0.02499716402962804
0.0
0.027918338775634766
0.027918338775634766
0.0400233268737793
0.0400233268737793
0.024989740923047066
0.0
0.032703399658203125
0.032703399658203125
0.028141972608864307
0.0
0.025864241179078817
0.0
0.029463946353644133
0.0
0.02613353729248047
0.02613353729248047
0.02694739680737257
0.0
0.030897130724042654
0.0
0.03175544738769531
0.03175544738769531
0.02604589704424143
0.0
0.028023242950439453
0.028023242950439453
0.031147480010986328
0.031147480010986328
0.030961036682128906
0.030961036682128906
0.026158971711993217
0.0
0.027902603149414062
0.027902603149414062
