0.05178028019145131
0.0
0.03477336699143052
0.0
0.02957566687837243
0.0
0.032347466330975294
0.0
0.06049919128417969
0.06049919128417969
0.03456449508666992
0.03456449508666992
0.027418136596679688
0.027418136596679688
0.03112626075744629
0.03112626075744629
0.036611080169677734
0.036611080169677734
0.03942990303039551
0.03942990303039551
0.030336526222527027
0.0
0.03033614158630371
0.03033614158630371
0.029842853546142578
0.029842853546142578
0.02525675669312477
0.0
0.04027581214904785
0.04027581214904785
0.028059924952685833
0.0
0.07162785530090332
0.07162785530090332
0.037911415100097656
0.037911415100097656
0.03344327304512262
0.0
0.04989123344421387
0.04989123344421387
0.02900360617786646
0.0
0.028212904930114746
0.0
0.03109554387629032
0.0
0.04858088493347168
0.04858088493347168
0.08450555801391602
0.08450555801391602
0.029135312885046005
0.0
0.036400924902409315
0.0
0.03292715409770608
0.0
0.03528692480176687
0.0
0.03561997413635254
0.03561997413635254
0.033380746841430664
0.033380746841430664
0.06165051460266113
0.06165051460266113
0.04222822189331055
0.04222822189331055
0.0442502498626709
0.0442502498626709
0.033020973205566406
0.033020973205566406
0.03387761116027832
0.03387761116027832
0.02837204933166504
0.02837204933166504
0.035909414291381836
0.035909414291381836
0.03118263091892004
0.0
0.028302907943725586
0.028302907943725586
0.030447191093117
0.0
0.03221597708761692
0.0
0.0344233512878418
0.0344233512878418
0.029678821563720703
0.029678821563720703
0.04860830307006836
0.04860830307006836
0.057526350021362305
0.057526350021362305
0.032018890138715506
0.0
0.028417348861694336
0.028417348861694336
0.05868363380432129
0.05868363380432129
0.03060293197631836
0.03060293197631836
