0.05055689811706543
0.05055689811706543
0.05324327666312456
0.0
0.029274702072143555
0.029274702072143555
0.05917346617206931
0.0
0.10038161277770996
0.10038161277770996
0.05852150917053223
0.05852150917053223
0.04788398742675781
0.04788398742675781
0.0478451089002192
0.0
0.06172826327383518
0.0
0.07183122634887695
0.07183122634887695
0.08685421943664551
0.08685421943664551
0.044411659240722656
0.044411659240722656
0.08530623000115156
0.0
0.048285484313964844
0.048285484313964844
0.4343132972717285
0.4343132972717285
0.028845548629760742
0.028845548629760742
0.8099660873413086
0.8099660873413086
0.06990345474332571
0.0
0.04332179017364979
0.0
0.05584001541137695
0.05584001541137695
0.21497893333435059
0.21497893333435059
0.07218265533447266
0.07218265533447266
0.05207946989685297
0.0
0.2179090976715088
0.2179090976715088
0.043927907943725586
0.043927907943725586
0.08736431831493974
0.0
0.07573890686035156
0.07573890686035156
0.6334824562072754
0.6334824562072754
0.7919704914093018
0.7919704914093018
0.06130502512678504
0.0
0.8565921783447266
0.8565921783447266
0.03588533401489258
0.03588533401489258
0.23868918418884277
0.23868918418884277
0.04172450536862016
0.0
0.049973487854003906
0.049973487854003906
0.03665673499926925
0.0
1.034372329711914
1.034372329711914
0.9870822429656982
0.9870822429656982
0.07174618495628238
0.0
0.06712949322536588
0.0
1.0822603702545166
1.0822603702545166
0.07184673706069589
0.0
1.0351214408874512
1.0351214408874512
0.07194591592997313
0.0
1.0274388790130615
1.0274388790130615
1.0257391929626465
1.0257391929626465
1.0333833694458008
1.0333833694458008
1.0294349193572998
1.0294349193572998
1.027876377105713
1.027876377105713
0.874086856842041
0.874086856842041
