0.10514259338378906
0.10514259338378906
0.10402560234069824
0.10402560234069824
0.09080604230985045
0.0
0.08496064180508256
0.0
0.09849977493286133
0.09849977493286133
0.08704702463001013
0.0
0.08442721795290709
0.0
0.0866531589999795
0.0
0.08897042274475098
0.08897042274475098
0.08731106668710709
0.0
0.09793353080749512
0.09793353080749512
0.11390447616577148
0.11390447616577148
0.08768174797296524
0.0
0.08474904298782349
0.0
0.09236812591552734
0.09236812591552734
0.08558663772419095
0.0
0.08597850799560547
0.08597850799560547
0.09700298309326172
0.09700298309326172
0.0960245132446289
0.0960245132446289
0.09092259407043457
0.09092259407043457
0.0927727222442627
0.0927727222442627
0.09181475639343262
0.09181475639343262
0.08811384998261929
0.0
0.10766768455505371
0.10766768455505371
0.09270611871033907
0.0
0.09257984161376953
0.09257984161376953
0.09751057624816895
0.09751057624816895
0.10331296920776367
0.10331296920776367
0.10063886642456055
0.10063886642456055
0.09657825902104378
0.0
0.08835236309096217
0.0
0.0982673168182373
0.0982673168182373
0.0851361551322043
0.0
0.09409809112548828
0.09409809112548828
0.09370161686092615
0.0
0.10221099853515625
0.10221099853515625
0.09413931798189878
0.0
0.09600838413462043
0.0
0.08699403796344995
0.0
0.0918116569519043
0.0918116569519043
0.09620809555053711
0.09620809555053711
0.087615966796875
0.087615966796875
0.08668949082493782
0.0
0.09303498268127441
0.09303498268127441
0.09399962425231934
0.09399962425231934
0.08823633193969727
0.08823633193969727
0.08722543716430664
0.08722543716430664
0.09777235984802246
0.09777235984802246
0.0925133228302002
0.0925133228302002
0.09485316276550293
0.09485316276550293
