0.0895360498689115
0.0
0.8763680458068848
0.8763680458068848
0.12535762786865234
0.12535762786865234
0.11824584007263184
0.11824584007263184
0.03526837797835469
0.0
0.028302419930696487
0.0
0.038864850997924805
0.038864850997924805
0.03391456604003906
0.03391456604003906
0.05879867170006037
0.0
0.03554177284240723
0.03554177284240723
0.03147745132446289
0.03147745132446289
0.036972999572753906
0.036972999572753906
0.028310298919677734
0.028310298919677734
0.03859519958496094
0.03859519958496094
0.052194833755493164
0.052194833755493164
0.05693703703582287
0.0
0.03470809618011117
0.0
0.0392909049987793
0.0392909049987793
0.08907270431518555
0.08907270431518555
0.04899552697315812
0.0
0.03395538404583931
0.0
0.04242992401123047
0.04242992401123047
0.02735114097595215
0.02735114097595215
0.0711209774017334
0.0711209774017334
0.03139615058898926
0.03139615058898926
0.03726768493652344
0.03726768493652344
0.06358350208029151
0.0
0.034531593322753906
0.034531593322753906
0.03923177719116211
0.03923177719116211
0.028595447540283203
0.028595447540283203
0.036985109094530344
0.0
0.027623748872429132
0.0
0.06964894896373153
0.0
0.03276824951171875
0.03276824951171875
0.03253483772277832
0.03253483772277832
0.03780317306518555
0.03780317306518555
0.05882835388183594
0.05882835388183594
0.04552611010149121
0.0
0.04368710517883301
0.04368710517883301
0.04626941680908203
0.04626941680908203
0.033082008361816406
0.033082008361816406
0.03435778617858887
0.03435778617858887
0.04387307167053223
0.04387307167053223
0.04604816436767578
0.04604816436767578
0.035799264907836914
0.035799264907836914
0.059249344281852245
0.0
0.0403592586517334
0.0403592586517334
0.02862625801935792
0.0
0.06764989020302892
0.0
0.034448862075805664
0.034448862075805664
