1.0934691429138184
1.0934691429138184
0.08962832018733025
0.0
0.10535325855016708
0.0
1.1253242492675781
1.1253242492675781
1.0884785652160645
1.0884785652160645
1.085425853729248
1.085425853729248
1.106668472290039
1.106668472290039
1.0857501029968262
1.0857501029968262
0.11207923898473382
0.0
0.09264554595574737
0.0
1.0909032821655273
1.0909032821655273
0.10878984490409493
0.0
0.09758668998256326
0.0
0.09457400813698769
0.0
0.09737873077392578
0.09737873077392578
0.09923991374671459
0.0
0.09313151007518172
0.0
0.11164045333862305
0.11164045333862305
1.0893173217773438
1.0893173217773438
1.0913019180297852
1.0913019180297852
1.0853397846221924
1.0853397846221924
1.0919947624206543
1.0919947624206543
1.1141669750213623
1.1141669750213623
0.10528205614537
0.0
1.0888991355895996
1.0888991355895996
0.08735070377588272
0.0
0.10594701766967773
0.10594701766967773
1.1003916263580322
1.1003916263580322
1.0884394645690918
1.0884394645690918
0.1180906631052494
0.0
1.090735912322998
1.090735912322998
1.0885593891143799
1.0885593891143799
1.0865707397460938
1.0865707397460938
1.1492493152618408
1.1492493152618408
1.096524953842163
1.096524953842163
1.0848736763000488
1.0848736763000488
1.1024632453918457
1.1024632453918457
0.10807442665100098
0.10807442665100098
0.09236516011878848
0.0
0.10048879170790315
0.0
1.095691442489624
1.095691442489624
0.09287937823683023
0.0
1.089629888534546
1.089629888534546
0.1023184647783637
0.0
1.088860273361206
1.088860273361206
1.0859441757202148
1.0859441757202148
0.10440477263182402
0.0
1.086374282836914
1.086374282836914
0.09647109173238277
0.0
0.10288333892822266
0.10288333892822266
