0.10113425273448229
0.0
0.09397099213674664
0.0
0.7489140033721924
0.7489140033721924
0.09646413708105683
0.0
0.09260889235883951
0.0
1.08951997756958
1.08951997756958
0.1055848291143775
0.0
1.0885858535766602
1.0885858535766602
0.09644814627245069
0.0
0.09770387876778841
0.0
1.089263677597046
1.089263677597046
1.085925579071045
1.085925579071045
0.13603594480082393
0.0
1.0923774242401123
1.0923774242401123
0.09043937688693404
0.0
0.10135841369628906
0.10135841369628906
1.0848379135131836
1.0848379135131836
1.088446855545044
1.088446855545044
1.0923302173614502
1.0923302173614502
1.0953338146209717
1.0953338146209717
1.095479965209961
1.095479965209961
1.0939161777496338
1.0939161777496338
1.0886895656585693
1.0886895656585693
0.10114455223083496
0.10114455223083496
0.11667504021897912
0.0
1.0948779582977295
1.0948779582977295
1.0867063999176025
1.0867063999176025
1.0872046947479248
1.0872046947479248
0.0926420260220766
0.0
0.09889965690672398
0.0
0.1693132370710373
0.0
1.0907847881317139
1.0907847881317139
1.0913975238800049
1.0913975238800049
0.09069486102089286
0.0
1.0864224433898926
1.0864224433898926
1.0854055881500244
1.0854055881500244
0.0879278820939362
0.0
0.09042280400171876
0.0
1.0879087448120117
1.0879087448120117
0.09040886489674449
0.0
1.0870940685272217
1.0870940685272217
0.09323836117982864
0.0
0.093646883033216
0.0
1.0928964614868164
1.0928964614868164
0.10720387194305658
0.0
1.088960886001587
1.088960886001587
1.0849809646606445
1.0849809646606445
0.0897159450687468
0.0
0.11267566680908203
0.11267566680908203
1.1029882431030273
1.1029882431030273
