0.08209400763735175
0.0
1.0384507179260254
1.0384507179260254
1.0343577861785889
1.0343577861785889
0.07129072677344084
0.0
0.3405525288544595
0.0
1.3140227794647217
1.3140227794647217
0.6253356258384883
0.0
0.10247802734375
0.10247802734375
0.7058370113372803
0.7058370113372803
0.27521539805456996
0.0
1.127356767654419
1.127356767654419
1.1839618682861328
1.1839618682861328
0.08082018606364727
0.0
0.08726692479103804
0.0
1.0524024963378906
1.0524024963378906
0.054777815006673336
0.0
1.109018325805664
1.109018325805664
1.0502445697784424
1.0502445697784424
0.16193849686533213
0.0
1.1170263290405273
1.1170263290405273
0.07874011620879173
0.0
1.139470100402832
1.139470100402832
0.07158766267821193
0.0
1.2089893817901611
1.2089893817901611
0.06865700101479888
0.0
1.1113877296447754
1.1113877296447754
0.04537153244018555
0.04537153244018555
0.16927830316126347
0.0
1.0638840198516846
1.0638840198516846
1.2522788047790527
1.2522788047790527
1.029566764831543
1.029566764831543
0.2510894248262048
0.0
1.221618413925171
1.221618413925171
1.0832014083862305
1.0832014083862305
0.1958062988705933
0.0
1.0311815738677979
1.0311815738677979
0.4703238010406494
0.4703238010406494
1.200880765914917
1.200880765914917
1.3022866249084473
1.3022866249084473
1.1362452507019043
1.1362452507019043
1.1337306499481201
1.1337306499481201
0.22028733883053064
0.0
1.1013984680175781
1.1013984680175781
1.0673418045043945
1.0673418045043945
0.3057236527092755
0.0
0.06915301224216819
0.0
1.1894276142120361
1.1894276142120361
1.285616397857666
1.285616397857666
1.0351955890655518
1.0351955890655518
1.0272376537322998
1.0272376537322998
