0.1083533763885498
0.1083533763885498
0.0858157780021429
0.0
0.08648538589477539
0.08648538589477539
0.08834242820739746
0.08834242820739746
0.0870122741907835
0.0
0.09650969505310059
0.09650969505310059
0.09241843223571777
0.09241843223571777
0.09289039298892021
0.0
0.09742095088586211
0.0
0.09201058326289058
0.0
0.10728812217712402
0.10728812217712402
0.09119286388158798
0.0
0.09175300598144531
0.09175300598144531
0.09488201141357422
0.09488201141357422
0.08507359214127064
0.0
0.10737824440002441
0.10737824440002441
0.0916585922241211
0.0916585922241211
0.09182330686599016
0.0
0.08597241109237075
0.0
0.0862403130158782
0.0
0.09214496612548828
0.09214496612548828
0.08730949880555272
0.0
0.09587669372558594
0.09587669372558594
0.0887556690722704
0.0
0.08985814824700356
0.0
0.08521532313898206
0.0
0.08891176898032427
0.0
0.0863318732008338
0.0
0.09922170639038086
0.09922170639038086
0.08998751640319824
0.08998751640319824
0.10281682014465332
0.10281682014465332
0.10214447975158691
0.10214447975158691
0.08698474895209074
0.0
0.09650278091430664
0.09650278091430664
0.09528541564941406
0.09528541564941406
0.0888974666595459
0.0888974666595459
0.09273004531860352
0.09273004531860352
0.0918419361114502
0.0918419361114502
0.08821828616783023
0.0
0.08961725234985352
0.08961725234985352
0.09688973426818848
0.09688973426818848
0.0867762565612793
0.0867762565612793
0.08532903902232647
0.0
0.1112971305847168
0.1112971305847168
0.08760330127552152
0.0
0.08760213851928711
0.08760213851928711
0.09793806076049805
0.09793806076049805
0.08677983283996582
0.08677983283996582
0.09443378448486328
0.09443378448486328
0.09201270202174783
0.0
