1.0403821468353271
1.0403821468353271
0.06996388779953122
0.0
0.06158016715198755
0.0
0.036130369175225496
0.0
0.06055326201021671
0.0
1.0264496803283691
1.0264496803283691
0.03362627699971199
0.0
1.0299875736236572
1.0299875736236572
1.0290727615356445
1.0290727615356445
0.03765472583472729
0.0
1.024754524230957
1.024754524230957
0.03331706486642361
0.0
1.023892879486084
1.023892879486084
1.028550148010254
1.028550148010254
1.033371925354004
1.033371925354004
1.0302197933197021
1.0302197933197021
1.0342304706573486
1.0342304706573486
1.0359282493591309
1.0359282493591309
0.0598165113478899
0.0
1.026094675064087
1.026094675064087
0.05924819456413388
0.0
1.029015064239502
1.029015064239502
1.0322577953338623
1.0322577953338623
1.0295321941375732
1.0295321941375732
1.0264568328857422
1.0264568328857422
1.027700662612915
1.027700662612915
0.03533280408009887
0.0
1.0334911346435547
1.0334911346435547
0.03330171015113592
0.0
1.0336360931396484
1.0336360931396484
1.0287504196166992
1.0287504196166992
1.0329277515411377
1.0329277515411377
1.0237879753112793
1.0237879753112793
0.05999997304752469
0.0
1.0259335041046143
1.0259335041046143
1.0261733531951904
1.0261733531951904
0.03652241826057434
0.0
0.061336382292211056
0.0
0.03866244712844491
0.0
1.0299639701843262
1.0299639701843262
0.029503067955374718
0.0
1.0303337574005127
1.0303337574005127
1.026540756225586
1.026540756225586
1.0385327339172363
1.0385327339172363
0.03398787463083863
0.0
1.0300467014312744
1.0300467014312744
1.027703046798706
1.027703046798706
0.05808417219668627
0.0
0.0682200021110475
0.0
0.05263829231262207
0.05263829231262207
