0.07419943809509277
0.07419943809509277
0.03488945960998535
0.03488945960998535
0.033658742904663086
0.033658742904663086
0.032149314880371094
0.032149314880371094
0.04337501525878906
0.04337501525878906
0.024117342196404934
0.0
0.03677678108215332
0.03677678108215332
0.02713565295562148
0.0
0.037291765213012695
0.037291765213012695
0.030279699712991714
0.0
0.03564078081399202
0.0
0.030489683151245117
0.030489683151245117
0.03072048583999276
0.0
0.04872608184814453
0.04872608184814453
0.03716397285461426
0.03716397285461426
0.026967898942530155
0.0
0.027531862258911133
0.027531862258911133
0.033087968826293945
0.033087968826293945
0.03467106819152832
0.03467106819152832
0.028587583918124437
0.0
0.026345286052674055
0.0
0.030257225036621094
0.030257225036621094
0.028408057987689972
0.0
0.04371213912963867
0.04371213912963867
0.027614211663603783
0.0
0.027507394086569548
0.0
0.02895894879475236
0.0
0.03840017318725586
0.03840017318725586
0.025476169772446156
0.0
0.04142498970031738
0.04142498970031738
0.03494882583618164
0.03494882583618164
0.03074819128960371
0.0
0.040205955505371094
0.040205955505371094
0.027440309524536133
0.027440309524536133
0.03548489976674318
0.0
0.028716639149934053
0.0
0.033641425892710686
0.0
0.030953168869018555
0.030953168869018555
0.06151556968688965
0.06151556968688965
0.029768705368041992
0.029768705368041992
0.02931554615497589
0.0
0.025855028070509434
0.0
0.030581365805119276
0.0
0.027108430862426758
0.027108430862426758
0.027752161026000977
0.027752161026000977
0.025581836700439453
0.025581836700439453
0.030350685119628906
0.030350685119628906
0.028464078903198242
0.028464078903198242
0.04406380653381348
0.04406380653381348
0.04328012466430664
0.04328012466430664
