0.09081459045410156
0.09081459045410156
0.049532865174114704
0.0
0.06354706827551126
0.0
0.07904934883117676
0.07904934883117676
0.07404160499572754
0.07404160499572754
1.0470106601715088
1.0470106601715088
0.06952691078186035
0.06952691078186035
1.04042649269104
1.04042649269104
0.04508519172668457
0.04508519172668457
1.0700747966766357
1.0700747966766357
1.111290693283081
1.111290693283081
1.403202772140503
1.403202772140503
1.0304234027862549
1.0304234027862549
0.4288719571195543
0.0
0.12844815012067556
0.0
0.08014392852783203
0.08014392852783203
0.12476889230310917
0.0
0.1890840707346797
0.0
0.15098024532198906
0.0
0.16466815676540136
0.0
1.048375129699707
1.048375129699707
1.065971851348877
1.065971851348877
0.0741381449624896
0.0
0.07124761585146189
0.0
0.05879228701815009
0.0
0.5109520182013512
0.0
0.03056278731673956
0.0
1.0529167652130127
1.0529167652130127
0.1404863651841879
0.0
1.032768726348877
1.032768726348877
1.048638105392456
1.048638105392456
0.07528114318847656
0.0
0.15181389590725303
0.0
1.039466142654419
1.039466142654419
1.0665111541748047
1.0665111541748047
0.24891645088791847
0.0
1.0348522663116455
1.0348522663116455
0.10030340310186148
0.0
0.5407843822613358
0.0
0.07775310100987554
0.0
1.0554981231689453
1.0554981231689453
1.1719717979431152
1.1719717979431152
1.099761724472046
1.099761724472046
0.11223044199869037
0.0
0.21545624732971191
0.21545624732971191
1.1070361137390137
1.1070361137390137
1.0909976959228516
1.0909976959228516
1.5642640590667725
1.5642640590667725
0.08476888481527567
0.0
0.1990049909800291
0.0
