0.11979386815801263
0.0
0.09321093559265137
0.09321093559265137
0.09143805503845215
0.09143805503845215
0.13818860054016113
0.13818860054016113
0.08428380405530334
0.0
0.08538948697969317
0.0
0.08645386341959238
0.0
0.08845806121826172
0.08845806121826172
0.08709883689880371
0.08709883689880371
0.09241175651550293
0.09241175651550293
0.09282922744750977
0.09282922744750977
0.08980061579495668
0.0
0.08904457092285156
0.08904457092285156
0.0923621654510498
0.0923621654510498
0.08733415603637695
0.08733415603637695
0.08728215796872973
0.0
0.09983420372009277
0.09983420372009277
0.09041357040405273
0.09041357040405273
0.09198660589754581
0.0
0.09408283233642578
0.09408283233642578
0.09193110466003418
0.09193110466003418
0.09311306057497859
0.0
0.09625316597521305
0.0
0.11505746841430664
0.11505746841430664
0.08948659896850586
0.08948659896850586
0.08693906292319298
0.0
0.09643101692199707
0.09643101692199707
0.08542752265930176
0.08542752265930176
0.09790754318237305
0.09790754318237305
0.0891873836517334
0.0891873836517334
0.09691524505615234
0.09691524505615234
0.08866214752197266
0.08866214752197266
0.08994310209527612
0.0
0.0866594142280519
0.0
0.09058403968811035
0.09058403968811035
0.09759831428527832
0.09759831428527832
0.08586859703063965
0.08586859703063965
0.08642880013212562
0.0
0.0896914005279541
0.0896914005279541
0.09206749824807048
0.0
0.08572840690612793
0.08572840690612793
0.1004331111907959
0.1004331111907959
0.0850222110748291
0.0
0.09509706497192383
0.09509706497192383
0.09392809867858887
0.09392809867858887
0.09371829032897949
0.09371829032897949
0.09249281883239746
0.09249281883239746
0.09774446487426758
0.09774446487426758
0.08787979511544108
0.0
0.09093332290649414
0.09093332290649414
