0.0336786350235343
0.0
0.06076205661520362
0.0
0.03241777420043945
0.03241777420043945
0.03456902503967285
0.03456902503967285
0.029922962188720703
0.029922962188720703
0.03065943717956543
0.03065943717956543
0.027951717376708984
0.027951717376708984
0.025908231735229492
0.025908231735229492
0.030624340288341045
0.0
0.02729010581970215
0.02729010581970215
0.02631354331970215
0.02631354331970215
0.057195113971829414
0.0
0.027862071990966797
0.027862071990966797
0.029466135893017054
0.0
0.04011249542236328
0.04011249542236328
0.039948225021362305
0.039948225021362305
0.0360262393951416
0.0360262393951416
0.028890275862067938
0.0
0.026727914810180664
0.026727914810180664
0.025967121124267578
0.025967121124267578
0.05460952315479517
0.0
0.025625228881835938
0.025625228881835938
0.02543497085571289
0.02543497085571289
0.02579045295715332
0.02579045295715332
0.040645599365234375
0.040645599365234375
0.02752399444580078
0.02752399444580078
0.029101848602294922
0.029101848602294922
0.02799248695373535
0.02799248695373535
0.059625625144690275
0.0
0.026595115661621094
0.026595115661621094
0.05726049095392227
0.0
0.032273292541503906
0.032273292541503906
0.027139902114868164
0.027139902114868164
0.028926849365234375
0.028926849365234375
0.031726837158203125
0.031726837158203125
0.03389167785644531
0.03389167785644531
0.029835939407348633
0.029835939407348633
0.027019023895263672
0.027019023895263672
0.027326583862304688
0.027326583862304688
0.05903777526691556
0.0
0.041811227798461914
0.041811227798461914
0.030898571014404297
0.030898571014404297
0.02927422523498535
0.02927422523498535
0.057208724319934845
0.0
0.03060150146484375
0.03060150146484375
0.03948211669921875
0.03948211669921875
0.026260566897690296
0.0
0.033694908022880554
0.0
0.032494306564331055
0.032494306564331055
0.05526997707784176
0.0
