0.03973500384017825
0.0
0.02946834173053503
0.0
0.04102206230163574
0.04102206230163574
0.028888225555419922
0.028888225555419922
0.023726708255708218
0.0
0.024437283631414175
0.0
0.030615806579589844
0.030615806579589844
0.032330989837646484
0.032330989837646484
0.03383231163024902
0.03383231163024902
0.03641176223754883
0.03641176223754883
0.02571249008178711
0.02571249008178711
0.02921378705650568
0.0
0.02696214197203517
0.0
0.02673642383888364
0.0
0.02481793612241745
0.0
0.02996516227722168
0.02996516227722168
0.026835789903998375
0.0
0.02523329993709922
0.0
0.037259362172335386
0.0
0.02278162306174636
0.0
0.034703969955444336
0.034703969955444336
0.02523824479430914
0.0
0.034529685974121094
0.034529685974121094
0.027750492095947266
0.027750492095947266
0.028496742248535156
0.028496742248535156
0.0293863108381629
0.0
0.02772071398794651
0.0
0.026837786193937063
0.0
0.02920675277709961
0.02920675277709961
0.025347680784761906
0.0
0.03468203544616699
0.03468203544616699
0.025429863017052412
0.0
0.028374671936035156
0.028374671936035156
0.03569912910461426
0.03569912910461426
0.0336649501696229
0.0
0.03410506248474121
0.03410506248474121
0.027907848358154297
0.027907848358154297
0.026813268661499023
0.026813268661499023
0.027166588697582483
0.0
0.024857799988240004
0.0
0.03166675567626953
0.03166675567626953
0.0283510684967041
0.0283510684967041
0.0309445858001709
0.0309445858001709
0.03522276598960161
0.0
0.030715372879058123
0.0
0.027468231972306967
0.0
0.03439164161682129
0.03439164161682129
0.030072927474975586
0.030072927474975586
0.028833389282226562
0.028833389282226562
0.02806838322430849
0.0
