0.05368924140930176
0.05368924140930176
1.0371642112731934
1.0371642112731934
0.67619216023013
0.0
1.1141409873962402
1.1141409873962402
1.0246398448944092
1.0246398448944092
0.09228110313415527
0.09228110313415527
0.06641100766137242
0.0
0.2730457242578268
0.0
1.5179622173309326
1.5179622173309326
1.1033332347869873
1.1033332347869873
1.2400431632995605
1.2400431632995605
1.315664529800415
1.315664529800415
0.2404346466064453
0.2404346466064453
0.0887406705878675
0.0
0.07189650228247046
0.0
1.0395312309265137
1.0395312309265137
1.1818671226501465
1.1818671226501465
1.2404780387878418
1.2404780387878418
1.127960205078125
1.127960205078125
1.1854841709136963
1.1854841709136963
1.0735251903533936
1.0735251903533936
0.06804977916181087
0.0
1.1169373989105225
1.1169373989105225
0.043792401906102896
0.0
1.0946900844573975
1.0946900844573975
1.155937671661377
1.155937671661377
0.13211572263389826
0.0
1.343503713607788
1.343503713607788
0.11654698895290494
0.0
0.12554161483421922
0.0
1.041377305984497
1.041377305984497
0.11200887570157647
0.0
0.06917863618582487
0.0
0.05631361808627844
0.0
0.3491495759226382
0.0
1.2970941066741943
1.2970941066741943
1.1898219585418701
1.1898219585418701
1.0884950160980225
1.0884950160980225
1.171560287475586
1.171560287475586
1.0637893676757812
1.0637893676757812
0.32625403068959713
0.0
1.1523547172546387
1.1523547172546387
1.1494970321655273
1.1494970321655273
1.234642744064331
1.234642744064331
1.4119532108306885
1.4119532108306885
1.091395616531372
1.091395616531372
0.053215289022773504
0.0
1.037769079208374
1.037769079208374
1.0261521339416504
1.0261521339416504
1.0292296409606934
1.0292296409606934
