1.101184606552124
1.101184606552124
0.08539816690608859
0.0
1.0323545932769775
1.0323545932769775
1.1814801692962646
1.1814801692962646
1.1231019496917725
1.1231019496917725
0.10500274039804935
0.0
0.09511859389021993
0.0
1.163799524307251
1.163799524307251
1.8334686756134033
1.8334686756134033
1.3040814399719238
1.3040814399719238
0.033700537867844105
0.0
0.41203999519348145
0.41203999519348145
0.14973251707851887
0.0
1.051288366317749
1.051288366317749
0.05639004707336426
0.05639004707336426
1.0732617378234863
1.0732617378234863
1.0354375839233398
1.0354375839233398
1.12672758102417
1.12672758102417
0.05304972128942609
0.0
1.0642335414886475
1.0642335414886475
1.0681829452514648
1.0681829452514648
1.104393720626831
1.104393720626831
0.14671661611646414
0.0
0.26089837308973074
0.0
0.18701100582256913
0.0
1.114706039428711
1.114706039428711
0.20684442715719342
0.0
1.285064935684204
1.285064935684204
0.44147318322211504
0.0
0.5047197639942169
0.0
0.05935719795525074
0.0
0.13209520000964403
0.0
0.06637421576306224
0.0
0.39907360076904297
0.39907360076904297
1.2290630340576172
1.2290630340576172
1.157700777053833
1.157700777053833
1.1058776378631592
1.1058776378631592
1.0979533195495605
1.0979533195495605
1.4090111255645752
1.4090111255645752
1.1947734355926514
1.1947734355926514
0.5311310812830925
0.0
0.12997235683724284
0.0
1.1324903964996338
1.1324903964996338
1.1506915092468262
1.1506915092468262
0.06587033020332456
0.0
0.6081107100471854
0.0
1.0917584896087646
1.0917584896087646
0.5535709857940674
0.5535709857940674
0.9665830135345459
0.9665830135345459
1.0295393466949463
1.0295393466949463
