0.11029462097212672
0.0
0.1019434928894043
0.1019434928894043
0.09468884533271194
0.0
0.09498929977416992
0.09498929977416992
0.08657360076904297
0.08657360076904297
0.09267897717654705
0.0
0.0987800108268857
0.0
0.08672705804929137
0.0
0.09343966701999307
0.0
0.08693623542785645
0.08693623542785645
0.0966341495513916
0.0966341495513916
0.0932879876345396
0.0
0.0934613598510623
0.0
0.08995499787852168
0.0
0.08618275122717023
0.0
0.09877586364746094
0.09877586364746094
0.0856849579140544
0.0
0.09915471076965332
0.09915471076965332
0.09353367378935218
0.0
0.09148311614990234
0.09148311614990234
0.08720993995666504
0.08720993995666504
0.10254597663879395
0.10254597663879395
0.12340641021728516
0.12340641021728516
0.1002349853515625
0.1002349853515625
0.09810662269592285
0.09810662269592285
0.12842988967895508
0.12842988967895508
0.09024802781641483
0.0
0.087267748080194
0.0
0.08728022826835513
0.0
0.09128263825550675
0.0
0.08757495880126953
0.08757495880126953
0.09881448745727539
0.09881448745727539
0.09522066218778491
0.0
0.15864133834838867
0.15864133834838867
0.09003925323486328
0.09003925323486328
0.09176778793334961
0.09176778793334961
0.0973656177520752
0.0973656177520752
0.10610771179199219
0.10610771179199219
0.09049487113952637
0.09049487113952637
0.08648955496028066
0.0
0.0909724235534668
0.0909724235534668
0.09360361099243164
0.09360361099243164
0.08943889383226633
0.0
0.09105086326599121
0.09105086326599121
0.09967684745788574
0.09967684745788574
0.08730351272970438
0.0
0.09422087669372559
0.09422087669372559
0.0998983383178711
0.0998983383178711
0.09978485107421875
0.09978485107421875
0.08353789104148746
0.0
