0.026916672941297293
0.0
0.028659552801400423
0.0
0.07701706886291504
0.07701706886291504
0.027080059051513672
0.027080059051513672
0.04118061065673828
0.04118061065673828
0.05461931228637695
0.05461931228637695
0.10279345512390137
0.10279345512390137
0.036689015571027994
0.0
0.06365227699279785
0.06365227699279785
0.12435150146484375
0.12435150146484375
0.1071428139694035
0.0
0.10367751121520996
0.10367751121520996
0.043416031170636415
0.0
0.032692243810743093
0.0
0.10825599217787385
0.0
0.0249773059040308
0.0
0.05553698539733887
0.05553698539733887
0.02483660914003849
0.0
0.04728343803435564
0.0
0.049377485644072294
0.0
0.16690270602703094
0.0
0.05774974822998047
0.05774974822998047
0.07133151730522513
0.0
0.09341263771057129
0.09341263771057129
0.14346981048583984
0.14346981048583984
0.11503212293609977
0.0
0.04417697759345174
0.0
0.05672812461853027
0.05672812461853027
0.07194137573242188
0.07194137573242188
0.3915038211271167
0.0
0.06496848119422793
0.0
0.05119204521179199
0.05119204521179199
0.1304066339507699
0.0
0.05585193634033203
0.05585193634033203
0.048949782736599445
0.0
0.15997314453125
0.15997314453125
0.11530160903930664
0.11530160903930664
0.7573056221008301
0.7573056221008301
0.7554832636378706
0.0
0.5252573490142822
0.5252573490142822
0.09993147850036621
0.09993147850036621
0.31007676431909204
0.0
0.16479922272264957
0.0
0.07323933392763138
0.0
0.029438125900924206
0.0
0.046900033950805664
0.046900033950805664
0.060739994049072266
0.060739994049072266
0.3191556930541992
0.3191556930541992
0.2230998962186277
0.0
0.061213016510009766
0.061213016510009766
