0.038709261920303106
0.0
0.03286580741405487
0.0
0.024579527787864208
0.0
0.030363074969500303
0.0
0.026416972745209932
0.0
0.03267312049865723
0.03267312049865723
0.027521848678588867
0.027521848678588867
0.025981903076171875
0.025981903076171875
0.03248476982116699
0.03248476982116699
0.028492450714111328
0.028492450714111328
0.028507933020591736
0.0
0.029678821563720703
0.029678821563720703
0.03090406395494938
0.0
0.03078144509345293
0.0
0.02934718132019043
0.02934718132019043
0.03515005111694336
0.03515005111694336
0.02616707794368267
0.0
0.02762460708618164
0.02762460708618164
0.027107557747513056
0.0
0.025953778065741062
0.0
0.026799824088811874
0.0
0.028001785278320312
0.028001785278320312
0.03185415267944336
0.03185415267944336
0.029383182525634766
0.029383182525634766
0.029727697372436523
0.029727697372436523
0.031897544860839844
0.031897544860839844
0.03035259246826172
0.03035259246826172
0.024410579819232225
0.0
0.025858760345727205
0.0
0.030461788177490234
0.030461788177490234
0.027822256088256836
0.027822256088256836
0.026196956634521484
0.026196956634521484
0.042633771896362305
0.042633771896362305
0.025483326986432076
0.0
0.028658258263021708
0.0
0.02982187271118164
0.02982187271118164
0.031119455117732286
0.0
0.0236176666803658
0.0
0.03283500671386719
0.03283500671386719
0.02919912338256836
0.02919912338256836
0.023626476991921663
0.0
0.02784967189654708
0.0
0.023759392090141773
0.0
0.02863081218674779
0.0
0.03745889663696289
0.03745889663696289
0.03700423240661621
0.03700423240661621
0.027082204818725586
0.027082204818725586
0.026590347290039062
0.026590347290039062
0.023447233717888594
0.0
0.026801109313964844
0.026801109313964844
