0.04894073819741607
0.0
0.03129613120108843
0.0
0.04445685772225261
0.0
0.09868717193603516
0.09868717193603516
0.028734394814819098
0.0
0.030234623234719038
0.0
0.03701553912833333
0.0
0.05076789855957031
0.05076789855957031
0.024315194692462683
0.0
0.04939985275268555
0.04939985275268555
0.10362887009978294
0.0
0.0801382064819336
0.0801382064819336
0.22484132926911116
0.0
0.043353901244699955
0.0
0.05045747756958008
0.05045747756958008
0.07534646987915039
0.07534646987915039
0.062137603759765625
0.062137603759765625
0.032240746077150106
0.0
0.041182756423950195
0.041182756423950195
0.1220400333404541
0.1220400333404541
0.14150785375386477
0.0
0.04003095626831055
0.04003095626831055
0.25791839323937893
0.0
0.0956479418091476
0.0
0.06089425086975098
0.06089425086975098
0.03886914253234863
0.03886914253234863
0.03638744354248047
0.03638744354248047
0.06148242950439453
0.06148242950439453
0.04236555099487305
0.04236555099487305
0.05053448677062988
0.05053448677062988
0.07150741619989276
0.0
0.2580885919742286
0.0
0.027847702149301767
0.0
0.04553794860839844
0.04553794860839844
0.031094074249267578
0.031094074249267578
0.06111717224121094
0.06111717224121094
0.08027815818786621
0.08027815818786621
0.11359024047851562
0.11359024047851562
0.09002507710829377
0.0
1.349781721830368
0.0
1.1481833457946777
1.1481833457946777
0.23105495003983378
0.0
1.0052110902033746
0.0
0.06037759780883789
0.06037759780883789
0.08839273452758789
0.08839273452758789
0.044170306995511055
0.0
0.07799816131591797
0.07799816131591797
0.20113110542297363
0.20113110542297363
0.04649019241333008
0.04649019241333008
0.02546008676290512
0.0
