0.04626475414261222
0.0
0.03345160372555256
0.0
0.048165321350097656
0.048165321350097656
0.06227827072143555
0.06227827072143555
0.05130410194396973
0.05130410194396973
0.040247201919555664
0.040247201919555664
0.12843537330627441
0.12843537330627441
0.023949215188622475
0.0
0.07517191674560308
0.0
0.03710222244262695
0.03710222244262695
0.14659810066223145
0.14659810066223145
0.14686155319213867
0.14686155319213867
0.0704676890745759
0.0
0.12879657745361328
0.12879657745361328
0.8693107180297375
0.0
0.02695839013904333
0.0
0.032394025940448046
0.0
0.040700674057006836
0.040700674057006836
0.17909002304077148
0.17909002304077148
0.03791236877441406
0.03791236877441406
0.13504934310913086
0.13504934310913086
0.03949236869812012
0.03949236869812012
0.02599590504541993
0.0
0.06847763061523438
0.06847763061523438
0.043774778954684734
0.0
0.07505178451538086
0.07505178451538086
0.05283401207998395
0.0
0.5495526790618896
0.5495526790618896
0.04818326374515891
0.0
0.03156037908047438
0.0
0.1528866607695818
0.0
0.03966712951660156
0.03966712951660156
0.03189703123643994
0.0
0.11098260525614023
0.0
0.03827973175793886
0.0
0.11472262302413583
0.0
0.06106829643249512
0.06106829643249512
0.03222628403455019
0.0
0.07997012138366699
0.07997012138366699
1.4489471912384033
1.4489471912384033
0.23833131790161133
0.23833131790161133
0.07950751669704914
0.0
0.03675138298422098
0.0
0.03444332582876086
0.0
0.05405116081237793
0.05405116081237793
0.08142709732055664
0.08142709732055664
0.17598247528076172
0.17598247528076172
0.06437802314758301
0.06437802314758301
0.04271268844604492
0.04271268844604492
0.029809951782226562
0.029809951782226562
