0.04716324293985963
0.0
0.03377866744995117
0.03377866744995117
0.028515778947621584
0.0
0.024376214016228914
0.0
0.06890733214095235
0.0
0.03220868110656738
0.03220868110656738
0.02913355827331543
0.02913355827331543
0.03507375717163086
0.03507375717163086
0.027422179002314806
0.0
0.02631128579378128
0.0
0.02866387367248535
0.02866387367248535
0.040910959243774414
0.040910959243774414
0.02934837806969881
0.0
0.028975725173950195
0.028975725173950195
0.024432378821074963
0.0
0.024874533992260695
0.0
0.03159497119486332
0.0
0.027471065521240234
0.027471065521240234
0.03281965292990208
0.0
0.02608013153076172
0.02608013153076172
0.029294729232788086
0.029294729232788086
0.03187704086303711
0.03187704086303711
0.0282174670137465
0.0
0.034981489181518555
0.034981489181518555
0.03381609916687012
0.03381609916687012
0.027855309192091227
0.0
0.03261256217956543
0.03261256217956543
0.02265222556889057
0.0
0.029488086700439453
0.029488086700439453
0.027962797321379185
0.0
0.02408173307776451
0.0
0.028043031692504883
0.028043031692504883
0.028588294982910156
0.028588294982910156
0.0307157039642334
0.0307157039642334
0.030460801906883717
0.0
0.025419685058295727
0.0
0.030816078186035156
0.030816078186035156
0.026515294797718525
0.0
0.034503936767578125
0.034503936767578125
0.030805587768554688
0.030805587768554688
0.026802392210811377
0.0
0.0325927734375
0.0325927734375
0.03544449806213379
0.03544449806213379
0.029278993606567383
0.029278993606567383
0.030470831785351038
0.0
0.028954267501831055
0.028954267501831055
0.02599844802170992
0.0
0.026016606017947197
0.0
0.028865172993391752
0.0
0.026744510047137737
0.0
