1.2157461643218994
1.2157461643218994
1.0986602306365967
1.0986602306365967
0.18511444935575128
0.0
0.6341080251149833
0.0
1.101492166519165
1.101492166519165
0.5867503550834954
0.0
1.1020581722259521
1.1020581722259521
4.849267113022506
0.0
1.1239466667175293
1.1239466667175293
0.05087604373693466
0.0
0.15457703126594424
0.0
0.04056006018072367
0.0
0.06936502363532782
0.0
0.15831648604944348
0.0
1.0477197170257568
1.0477197170257568
1.1018567085266113
1.1018567085266113
0.06697177002206445
0.0
1.1957192420959473
1.1957192420959473
0.07164337811991572
0.0
1.1070375442504883
1.1070375442504883
0.18510658759623766
0.0
0.25904273986816406
0.25904273986816406
0.28436990082263947
0.0
0.04363393597304821
0.0
1.4324085712432861
1.4324085712432861
0.3169031571596861
0.0
1.9454808235168457
1.9454808235168457
1.310042142868042
1.310042142868042
1.10892653465271
1.10892653465271
0.11009499663487077
0.0
1.049091100692749
1.049091100692749
0.03520246222615242
0.0
1.0594918727874756
1.0594918727874756
0.17445893678814173
0.0
1.0469400882720947
1.0469400882720947
1.0263187885284424
1.0263187885284424
1.0408501625061035
1.0408501625061035
0.36076447693631053
0.0
0.18024639692157507
0.0
1.242408275604248
1.242408275604248
1.102980613708496
1.102980613708496
0.14065419510006905
0.0
1.071434736251831
1.071434736251831
0.07079195976257324
0.07079195976257324
1.0318512916564941
1.0318512916564941
0.030630131252110004
0.0
1.034773349761963
1.034773349761963
0.05104827880859375
0.05104827880859375
1.026308298110962
1.026308298110962
0.032417407259345055
0.0
