0.11469006538391113
0.11469006538391113
0.09083369979634881
0.0
0.09520697593688965
0.09520697593688965
0.09386062622070312
0.09386062622070312
0.1211543083190918
0.1211543083190918
0.09364724159240723
0.09364724159240723
0.09289336204528809
0.09289336204528809
0.0853383201174438
0.0
0.08970832824707031
0.08970832824707031
0.08551365369930863
0.0
0.08971571922302246
0.08971571922302246
0.09475444816052914
0.0
0.09741759300231934
0.09741759300231934
0.09557580947875977
0.09557580947875977
0.09760856628417969
0.09760856628417969
0.10105562210083008
0.10105562210083008
0.09022641181945801
0.09022641181945801
0.09871723223477602
0.0
0.08678727922961116
0.0
0.09430265426635742
0.09430265426635742
0.08839559555053711
0.08839559555053711
0.09033528016880155
0.0
0.08622314874082804
0.0
0.08926192298531532
0.0
0.08632612228393555
0.08632612228393555
0.10192155838012695
0.10192155838012695
0.08760241558775306
0.0
0.08765834011137486
0.0
0.08803772274404764
0.0
0.09257010603323579
0.0
0.08440910698845983
0.0
0.09307599067687988
0.09307599067687988
0.08802199363708496
0.08802199363708496
0.10119771957397461
0.10119771957397461
0.09260739618912339
0.0
0.09392690658569336
0.09392690658569336
0.09292268753051758
0.09292268753051758
0.08993025170639157
0.0
0.099215108435601
0.0
0.092201367020607
0.0
0.10917305946350098
0.10917305946350098
0.08929597586393356
0.0
0.10016965866088867
0.10016965866088867
0.09411683399230242
0.0
0.09285593032836914
0.09285593032836914
0.09585952758789062
0.09585952758789062
0.08776186732575297
0.0
0.08881437918171287
0.0
0.08681082725524902
0.08681082725524902
0.09393930435180664
0.09393930435180664
