0.04963517189025879
0.04963517189025879
0.027047395706176758
0.027047395706176758
0.027224302291870117
0.027224302291870117
0.0325160026550293
0.0325160026550293
0.03063310170546174
0.0
0.0396728515625
0.0396728515625
0.026838403195142746
0.0
0.026044130325317383
0.026044130325317383
0.026782751083374023
0.026782751083374023
0.03253428218886256
0.0
0.03344130516052246
0.03344130516052246
0.03183865547180176
0.03183865547180176
0.03330434998497367
0.0
0.028955698013305664
0.028955698013305664
0.027127742767333984
0.027127742767333984
0.03235881496220827
0.0
0.027922391891479492
0.027922391891479492
0.030267715454101562
0.030267715454101562
0.04314732551574707
0.04314732551574707
0.025354996789246798
0.0
0.03048825589939952
0.0
0.02808155119419098
0.0
0.02663300931453705
0.0
0.02676248550415039
0.02676248550415039
0.030972719192504883
0.030972719192504883
0.029383182525634766
0.029383182525634766
0.028615059796720743
0.0
0.02862238883972168
0.02862238883972168
0.026932716369628906
0.026932716369628906
0.03213667869567871
0.03213667869567871
0.027613162994384766
0.027613162994384766
0.029554128646850586
0.029554128646850586
0.02708730287849903
0.0
0.035721778869628906
0.035721778869628906
0.02750420570373535
0.02750420570373535
0.02998841879889369
0.0
0.02884697914123535
0.02884697914123535
0.025560950860381126
0.0
0.02752375602722168
0.02752375602722168
0.03508949279785156
0.03508949279785156
0.023088506888598204
0.0
0.02903767302632332
0.0
0.0311672599054873
0.0
0.028542041778564453
0.028542041778564453
0.027509689331054688
0.027509689331054688
0.03505730628967285
0.03505730628967285
0.02556621516123414
0.0
0.028119802474975586
0.028119802474975586
0.02483691181987524
0.0
0.02429196424782276
0.0
