0.3112168312072754
0.3112168312072754
0.035071372985839844
0.035071372985839844
0.0287477970123291
0.0287477970123291
0.03238201141357422
0.03238201141357422
0.03061223030090332
0.03061223030090332
0.03960418701171875
0.03960418701171875
0.04378485679626465
0.04378485679626465
0.05792398098856211
0.0
0.05607558088377118
0.0
0.03824496269226074
0.03824496269226074
0.04076337814331055
0.04076337814331055
0.05697244172915816
0.0
0.05445967894047499
0.0
0.03202557563781738
0.03202557563781738
0.029004812240600586
0.029004812240600586
0.04648637771606445
0.04648637771606445
0.028121232986450195
0.028121232986450195
0.08131742477416992
0.08131742477416992
0.03298640251159668
0.03298640251159668
0.05331921577453613
0.05331921577453613
0.031633615493774414
0.031633615493774414
0.04397130012512207
0.04397130012512207
0.062017424032092094
0.0
0.030200958251953125
0.030200958251953125
0.029604673385620117
0.029604673385620117
0.08991861343383789
0.08991861343383789
0.05554240522906184
0.0
0.027861595153808594
0.027861595153808594
0.035012006759643555
0.035012006759643555
0.058032633271068335
0.0
0.038680076599121094
0.038680076599121094
0.03002643585205078
0.03002643585205078
0.03283953666687012
0.03283953666687012
0.028979099821299314
0.0
0.02880692481994629
0.02880692481994629
0.04137825965881348
0.04137825965881348
0.033723548986017704
0.0
0.03661036491394043
0.03661036491394043
0.04330182075500488
0.04330182075500488
0.034540414810180664
0.034540414810180664
0.08888769149780273
0.08888769149780273
0.03808736801147461
0.03808736801147461
0.029612476006150246
0.0
0.04267072677612305
0.04267072677612305
0.049163818359375
0.049163818359375
0.059482845943421125
0.0
0.055137064307928085
0.0
0.10512870782986283
0.0
0.027522563934326172
0.027522563934326172
0.0283400802873075
0.0
