0.03802624670788646
0.0
0.027326583862304688
0.027326583862304688
0.028667688369750977
0.028667688369750977
0.027276992797851562
0.027276992797851562
0.03035918716341257
0.0
0.0245811240747571
0.0
0.027176856994628906
0.027176856994628906
0.029122591018676758
0.029122591018676758
0.031691551208496094
0.031691551208496094
0.026259183883666992
0.026259183883666992
0.03401589393615723
0.03401589393615723
0.029704809188842773
0.029704809188842773
0.02709197998046875
0.02709197998046875
0.035009145736694336
0.035009145736694336
0.02724676998332143
0.0
0.029942035675048828
0.029942035675048828
0.03798961639404297
0.03798961639404297
0.028872013092041016
0.028872013092041016
0.03502011299133301
0.03502011299133301
0.03521394729614258
0.03521394729614258
0.03435516357421875
0.03435516357421875
0.03896352183073759
0.0
0.02867395104840398
0.0
0.026715993881225586
0.026715993881225586
0.023264138959348202
0.0
0.02547178417444229
0.0
0.0290372371673584
0.0290372371673584
0.02977895736694336
0.02977895736694336
0.02755260467529297
0.02755260467529297
0.026151048950850964
0.0
0.03519630432128906
0.03519630432128906
0.02313154609873891
0.0
0.028020381927490234
0.028020381927490234
0.030797855462878942
0.0
0.026471245102584362
0.0
0.0341031551361084
0.0341031551361084
0.03247690200805664
0.03247690200805664
0.026036724913865328
0.0
0.02318434603512287
0.0
0.0354306697845459
0.0354306697845459
0.038727760314941406
0.038727760314941406
0.03551983833312988
0.03551983833312988
0.026740312576293945
0.026740312576293945
0.026235108263790607
0.0
0.025481621269136667
0.0
0.02679893607273698
0.0
0.026675089728087187
0.0
0.02770519256591797
0.02770519256591797
0.03344501508399844
0.0
0.032100883312523365
0.0
