0.14387845993041992
0.14387845993041992
0.09355401899665594
0.0
0.08453716291114688
0.0
0.10052382806316018
0.0
0.09411449683830142
0.0
0.10046648979187012
0.10046648979187012
0.10633492469787598
0.10633492469787598
0.08876389171928167
0.0
0.09018269972875714
0.0
0.09317241003736854
0.0
0.08893826184794307
0.0
0.0972280502319336
0.0972280502319336
0.10170873207971454
0.0
0.09115342702716589
0.0
0.09607672691345215
0.09607672691345215
0.09234619140625
0.09234619140625
0.09082682803273201
0.0
0.10057640075683594
0.10057640075683594
0.09943232731893659
0.0
0.08698034286499023
0.08698034286499023
0.1389012336730957
0.1389012336730957
0.09088397026062012
0.09088397026062012
0.09518170356750488
0.09518170356750488
0.08586134389042854
0.0
0.10042408481240273
0.0
0.09810328483581543
0.09810328483581543
0.09679465927183628
0.0
0.09691023826599121
0.09691023826599121
0.08857156708836555
0.0
0.08827987685799599
0.0
0.08918619155883789
0.08918619155883789
0.09994125366210938
0.09994125366210938
0.08950090408325195
0.08950090408325195
0.09378999285399914
0.0
0.09643816947937012
0.09643816947937012
0.08730145217850804
0.0
0.09620285034179688
0.09620285034179688
0.09873843193054199
0.09873843193054199
0.08807576587423682
0.0
0.1078634262084961
0.1078634262084961
0.08938753325492144
0.0
0.09626054763793945
0.09626054763793945
0.11066174507141113
0.11066174507141113
0.10134649276733398
0.10134649276733398
0.09685730934143066
0.09685730934143066
0.10288524627685547
0.10288524627685547
0.09019756317138672
0.09019756317138672
0.09071111679077148
0.09071111679077148
0.08677887916564941
0.08677887916564941
0.0875994679518044
0.0
