0.03624376188963652
0.0
0.030187606811523438
0.030187606811523438
0.13144481042400002
0.0
0.028399529866874218
0.0
0.08964807027950883
0.0
0.023503002244979143
0.0
0.03221726417541504
0.03221726417541504
0.03498077392578125
0.03498077392578125
0.026881933212280273
0.026881933212280273
0.029526710510253906
0.029526710510253906
0.04966259002685547
0.04966259002685547
0.026038169860839844
0.026038169860839844
0.1543062012642622
0.0
0.027388334274291992
0.027388334274291992
0.027729272842407227
0.027729272842407227
0.024463919922709465
0.0
0.02284846594557166
0.0
0.09206257108598948
0.0
0.03646564483642578
0.03646564483642578
0.029021501541137695
0.029021501541137695
0.03214907646179199
0.03214907646179199
0.031008481979370117
0.031008481979370117
0.03234291076660156
0.03234291076660156
0.03300070762634277
0.03300070762634277
0.0358281135559082
0.0358281135559082
0.30231425119563937
0.0
0.03442788124084473
0.03442788124084473
0.03207564353942871
0.03207564353942871
0.027289390563964844
0.027289390563964844
0.023948912043124437
0.0
0.025124883744865656
0.0
0.025362253189086914
0.025362253189086914
0.03208613395690918
0.03208613395690918
0.03082871437072754
0.03082871437072754
0.09756310191005468
0.0
0.03482246398925781
0.03482246398925781
0.027457706164568663
0.0
0.03256491990759969
0.0
0.03376960754394531
0.03376960754394531
0.02459094300866127
0.0
0.035236358642578125
0.035236358642578125
0.05477899918332696
0.0
0.029532432556152344
0.029532432556152344
0.05648418702185154
0.0
0.18507720530033112
0.0
0.030867338180541992
0.030867338180541992
0.1518009090796113
0.0
0.031249825842678547
0.0
0.02782320696860552
0.0
0.032451629638671875
0.032451629638671875
