0.04661750793457031
0.04661750793457031
0.029192447662353516
0.029192447662353516
0.026294640731066465
0.0
0.031874656677246094
0.031874656677246094
0.02749262424185872
0.0
0.03210653178393841
0.0
0.027814626693725586
0.027814626693725586
0.02638764027506113
0.0
0.033234357833862305
0.033234357833862305
0.035187482833862305
0.035187482833862305
0.025071775075048208
0.0
0.027400493621826172
0.027400493621826172
0.02885746955871582
0.02885746955871582
0.027857303619384766
0.027857303619384766
0.025613069534301758
0.025613069534301758
0.030942440032958984
0.030942440032958984
0.028713464736938477
0.028713464736938477
0.027394771575927734
0.027394771575927734
0.030901670455932617
0.030901670455932617
0.03103017807006836
0.03103017807006836
0.03516435623168945
0.03516435623168945
0.03871631622314453
0.03871631622314453
0.027541637420654297
0.027541637420654297
0.03119039535522461
0.03119039535522461
0.025574684143066406
0.025574684143066406
0.03169822692871094
0.03169822692871094
0.02670714585110545
0.0
0.035281558986753225
0.0
0.05804237490519881
0.0
0.030678272247314453
0.030678272247314453
0.04085826873779297
0.04085826873779297
0.03231692314147949
0.03231692314147949
0.029108524322509766
0.029108524322509766
0.02555194403976202
0.0
0.02433846378698945
0.0
0.026733160950243473
0.0
0.02675461769104004
0.02675461769104004
0.02723788795992732
0.0
0.03131556510925293
0.03131556510925293
0.024075051303952932
0.0
0.02561109885573387
0.0
0.02707505226135254
0.02707505226135254
0.027498445007950068
0.0
0.030168771743774414
0.030168771743774414
0.030904874671250582
0.0
0.03525853157043457
0.03525853157043457
0.03558667842298746
0.0
0.026225431822240353
0.0
0.03538680076599121
0.03538680076599121
0.026226043701171875
0.026226043701171875
