0.07150045223534107
0.0
0.037552595138549805
0.037552595138549805
1.0380749702453613
1.0380749702453613
0.2183450609445572
0.0
0.07394930487498641
0.0
1.315626621246338
1.315626621246338
1.1426081657409668
1.1426081657409668
1.0810327529907227
1.0810327529907227
0.5205355170182884
0.0
1.1087229251861572
1.1087229251861572
0.051263748202472925
0.0
0.7611776478588581
0.0
0.08924174727872014
0.0
0.05988911120221019
0.0
0.4205641429871321
0.0
1.1108253002166748
1.1108253002166748
1.163480281829834
1.163480281829834
0.06791040813550353
0.0
1.0750031471252441
1.0750031471252441
0.16052333498373628
0.0
0.03668127814307809
0.0
1.4619529247283936
1.4619529247283936
0.23983298102393746
0.0
0.11508369445800781
0.11508369445800781
0.06727031897753477
0.0
1.2094180583953857
1.2094180583953857
1.1146352291107178
1.1146352291107178
1.0303490161895752
1.0303490161895752
0.10451383702456951
0.0
1.0661568641662598
1.0661568641662598
1.3002736568450928
1.3002736568450928
1.0715675354003906
1.0715675354003906
0.08683514595031738
0.08683514595031738
1.1928603649139404
1.1928603649139404
0.10990285873413086
0.10990285873413086
1.2701752185821533
1.2701752185821533
0.11624741554260254
0.11624741554260254
0.31693238904699683
0.0
1.0551772117614746
1.0551772117614746
0.16958056529983878
0.0
1.1042125225067139
1.1042125225067139
0.5347683429718018
0.5347683429718018
1.0412778854370117
1.0412778854370117
1.2485363483428955
1.2485363483428955
0.2270355224609375
0.2270355224609375
0.4098217487335205
0.4098217487335205
0.13091583782806993
0.0
1.229417085647583
1.229417085647583
1.1574652194976807
1.1574652194976807
0.06681333901360631
0.0
