0.05296182632446289
0.05296182632446289
0.025106556713581085
0.0
0.026054018177092075
0.0
0.0291219400241971
0.0
0.025467116851359606
0.0
0.030379533767700195
0.030379533767700195
0.029517412185668945
0.029517412185668945
0.031114578247070312
0.031114578247070312
0.04774212837219238
0.04774212837219238
0.03322410583496094
0.03322410583496094
0.03582889912649989
0.0
0.027133941650390625
0.027133941650390625
0.03253945102915168
0.0
0.025504112243652344
0.025504112243652344
0.024754762649536133
0.024754762649536133
0.026267290115356445
0.026267290115356445
0.02982447436079383
0.0
0.03534094616770744
0.0
0.030289411544799805
0.030289411544799805
0.026654298417270184
0.0
0.029866643249988556
0.0
0.02866506576538086
0.02866506576538086
0.026888132095336914
0.026888132095336914
0.032560456078499556
0.0
0.030511856079101562
0.030511856079101562
0.025897741317749023
0.025897741317749023
0.025317907333374023
0.025317907333374023
0.02978682518005371
0.02978682518005371
0.03948796773329377
0.0
0.026593951042741537
0.0
0.03367733955383301
0.03367733955383301
0.027581214904785156
0.027581214904785156
0.022469279821962118
0.0
0.028445005416870117
0.028445005416870117
0.025288820266723633
0.025288820266723633
0.027948856353759766
0.027948856353759766
0.03230241499841213
0.0
0.02861475944519043
0.02861475944519043
0.026471853256225586
0.026471853256225586
0.027020805049687624
0.0
0.026250600814819336
0.026250600814819336
0.030944720841944218
0.0
0.026592493057250977
0.026592493057250977
0.028904438018798828
0.028904438018798828
0.029316425323486328
0.029316425323486328
0.03223991394042969
0.03223991394042969
0.026628971099853516
0.026628971099853516
0.025974478106945753
0.0
0.02732706069946289
0.02732706069946289
0.0409703990444541
0.0
