0.10202199779450893
0.0
0.08970236079767346
0.0
0.08510756492614746
0.08510756492614746
0.087913628667593
0.0
0.10163307189941406
0.10163307189941406
0.08911206386983395
0.0
0.0917203426361084
0.0917203426361084
0.08976578712463379
0.08976578712463379
0.0888376235961914
0.0888376235961914
0.08706855773925781
0.08706855773925781
0.08684587478637695
0.08684587478637695
0.0865030288696289
0.0865030288696289
0.08557796897366643
0.0
0.09401917457580566
0.09401917457580566
0.09138798713684082
0.09138798713684082
0.0895547866821289
0.0895547866821289
0.08751964010298252
0.0
0.08589705731719732
0.0
0.09227204322814941
0.09227204322814941
0.09170413017272949
0.09170413017272949
0.09320855140686035
0.09320855140686035
0.09959912300109863
0.09959912300109863
0.09914302825927734
0.09914302825927734
0.08548430213704705
0.0
0.08929824829101562
0.08929824829101562
0.08937856741249561
0.0
0.08796381950378418
0.08796381950378418
0.09288620948791504
0.09288620948791504
0.11729240417480469
0.11729240417480469
0.08714938163757324
0.08714938163757324
0.09633970260620117
0.09633970260620117
0.09207993000745773
0.0
0.08809566497802734
0.08809566497802734
0.09291648864746094
0.09291648864746094
0.09436655044555664
0.09436655044555664
0.0872509703040123
0.0
0.08839006209746003
0.0
0.08608007803559303
0.0
0.09831799101084471
0.0
0.08601208217442036
0.0
0.0875817951746285
0.0
0.09731607884168625
0.0
0.10567212104797363
0.10567212104797363
0.09055647300556302
0.0
0.09107685089111328
0.09107685089111328
0.09371495246887207
0.09371495246887207
0.08926534652709961
0.08926534652709961
0.09062719345092773
0.09062719345092773
0.09769940376281738
0.09769940376281738
0.09770894050598145
0.09770894050598145
