0.12400466296821833
0.0
1.0885288715362549
1.0885288715362549
0.09157471125945449
0.0
0.12601881008595228
0.0
0.10963702201843262
0.10963702201843262
0.11360812187194824
0.11360812187194824
0.09423996461555362
0.0
1.1012890338897705
1.1012890338897705
1.0888886451721191
1.0888886451721191
1.0967295169830322
1.0967295169830322
1.092362642288208
1.092362642288208
0.11881278967484832
0.0
0.08964413776993752
0.0
1.0913209915161133
1.0913209915161133
0.09870220301672816
0.0
0.09351566387340426
0.0
1.093139886856079
1.093139886856079
1.0938847064971924
1.0938847064971924
1.0897777080535889
1.0897777080535889
1.0876646041870117
1.0876646041870117
1.0983524322509766
1.0983524322509766
1.0873820781707764
1.0873820781707764
0.09708546614274383
0.0
1.0898716449737549
1.0898716449737549
0.0887705679051578
0.0
1.088463544845581
1.088463544845581
1.0873868465423584
1.0873868465423584
0.08882984891533852
0.0
0.10747603001073003
0.0
0.09406615979969501
0.0
0.10552978515625
0.10552978515625
0.13048635888844728
0.0
1.084812879562378
1.084812879562378
0.09132660739123821
0.0
0.10252729430794716
0.0
1.0904152393341064
1.0904152393341064
0.11877608066424727
0.0
0.09371323883533478
0.0
1.0874836444854736
1.0874836444854736
0.0942501830868423
0.0
0.10474315099418163
0.0
1.0870511531829834
1.0870511531829834
0.1047736881300807
0.0
0.09080304019153118
0.0
1.08943510055542
1.08943510055542
1.084430456161499
1.084430456161499
1.092872142791748
1.092872142791748
1.0868353843688965
1.0868353843688965
1.0904819965362549
1.0904819965362549
0.13927888870239258
0.13927888870239258
