0.09636616706848145
0.09636616706848145
0.37613882403820753
0.0
0.1033782958984375
0.1033782958984375
0.068250915966928
0.0
1.0350267887115479
1.0350267887115479
1.1231999397277832
1.1231999397277832
0.2858946369960904
0.0
0.6373410224914551
0.6373410224914551
1.1386029720306396
1.1386029720306396
0.2624815101735294
0.0
1.9821670055389404
1.9821670055389404
0.08873213268816471
0.0
0.4087995677255094
0.0
0.22790231881663203
0.0
1.095442771911621
1.095442771911621
1.038860559463501
1.038860559463501
1.033372163772583
1.033372163772583
0.12266421318054199
0.12266421318054199
0.3719296455383301
0.3719296455383301
1.2711460590362549
1.2711460590362549
1.1107020378112793
1.1107020378112793
1.0587539672851562
1.0587539672851562
1.1437573432922363
1.1437573432922363
0.34566688537597656
0.0
1.1265337467193604
1.1265337467193604
0.23788698483258486
0.0
0.18468117713928223
0.18468117713928223
0.06925294827669859
0.0
0.12435005698353052
0.0
1.1653358936309814
1.1653358936309814
1.009237289428711
1.009237289428711
1.0960476398468018
1.0960476398468018
0.11143177933990955
0.0
0.06149119324982166
0.0
0.14744097413495183
0.0
1.145653247833252
1.145653247833252
1.0729589462280273
1.0729589462280273
0.06662678718566895
0.06662678718566895
1.2606174945831299
1.2606174945831299
0.05878663156181574
0.0
0.07076749624684453
0.0
0.1762237548828125
0.1762237548828125
0.08087775623425841
0.0
0.05768272886052728
0.0
0.9115898609161377
0.9115898609161377
0.2626455179415643
0.0
0.17255896190181375
0.0
1.0523681640625
1.0523681640625
0.042900570668280125
0.0
0.0641421927139163
0.0
