0.04250294715166092
0.0
0.05548934731632471
0.0
0.02609539031982422
0.02609539031982422
0.05539372703060508
0.0
0.029104948043823242
0.029104948043823242
0.03420305252075195
0.03420305252075195
0.02771139144897461
0.02771139144897461
0.028076648712158203
0.028076648712158203
0.037934303283691406
0.037934303283691406
0.027248859405517578
0.027248859405517578
0.02882218360900879
0.02882218360900879
0.029590129852294922
0.029590129852294922
0.026753664016723633
0.026753664016723633
0.02881750324741006
0.0
0.029083967208862305
0.029083967208862305
0.02778315544128418
0.02778315544128418
0.026331186294555664
0.026331186294555664
0.0541439107619226
0.0
0.023625547997653484
0.0
0.03692317008972168
0.03692317008972168
0.05816301237791777
0.0
0.0306088924407959
0.0306088924407959
0.0281827449798584
0.0281827449798584
0.03659200668334961
0.03659200668334961
0.05857102805748582
0.0
0.027892449870705605
0.0
0.02601909637451172
0.02601909637451172
0.0283660888671875
0.0283660888671875
0.03137493133544922
0.03137493133544922
0.030834674835205078
0.030834674835205078
0.03844332695007324
0.03844332695007324
0.03568530082702637
0.03568530082702637
0.038771867752075195
0.038771867752075195
0.03436713479459286
0.0
0.02772974967956543
0.02772974967956543
0.030429945327341557
0.0
0.025326251983642578
0.025326251983642578
0.03127121925354004
0.03127121925354004
0.029064178466796875
0.029064178466796875
0.028859376907348633
0.028859376907348633
0.023793024942278862
0.0
0.0275881290435791
0.0275881290435791
0.025404691696166992
0.025404691696166992
0.05748113803565502
0.0
0.03139615058898926
0.03139615058898926
0.03397083282470703
0.03397083282470703
0.02673649787902832
0.02673649787902832
0.0248017692938447
0.0
0.031691551208496094
0.031691551208496094
0.054481316823512316
0.0
