0.030801057815551758
0.030801057815551758
0.09272098541259766
0.09272098541259766
0.09082531929016113
0.09082531929016113
0.8204460260458291
0.0
0.0407564640045166
0.0407564640045166
0.07146096229553223
0.07146096229553223
0.029818184673786163
0.0
0.05706620216369629
0.05706620216369629
0.1106867790222168
0.1106867790222168
0.05190753936767578
0.05190753936767578
0.19660282135009766
0.19660282135009766
0.025962012819945812
0.0
0.06132030487060547
0.06132030487060547
0.026172820944339037
0.0
0.028507697861641645
0.0
0.02871038718149066
0.0
0.03883028030395508
0.03883028030395508
0.06471562385559082
0.06471562385559082
0.025715213734656572
0.0
0.02800583839416504
0.02800583839416504
0.2403310858644545
0.0
0.044444691855460405
0.0
0.05492448806762695
0.05492448806762695
0.06971049308776855
0.06971049308776855
0.04595351219177246
0.04595351219177246
0.04353476222604513
0.0
0.04548327997326851
0.0
0.20954764215275645
0.0
0.11375951766967773
0.11375951766967773
0.0820012092590332
0.0820012092590332
0.117279052734375
0.117279052734375
0.056186345405876637
0.0
0.030654873233288527
0.0
0.04238128662109375
0.04238128662109375
0.03398738615214825
0.0
0.06606592563912272
0.0
0.048810720443725586
0.048810720443725586
0.0364632410928607
0.0
0.2561304569244385
0.2561304569244385
0.4171173609793186
0.0
1.4600011049769819
0.0
1.1632730960845947
1.1632730960845947
0.24002623558044434
0.24002623558044434
1.383283113129437
0.0
0.1824946403503418
0.1824946403503418
0.05172443389892578
0.05172443389892578
0.04731321334838867
0.04731321334838867
0.07626439584419131
0.0
0.20996167929843068
0.0
0.45824467530474067
0.0
