0.06966047966852784
0.0
0.023527242243289948
0.0
0.027573829982429743
0.0
0.027500391006469727
0.027500391006469727
0.02996969223022461
0.02996969223022461
0.028969287872314453
0.028969287872314453
0.025281480979174376
0.0
0.025130748748779297
0.025130748748779297
0.03246498107910156
0.03246498107910156
0.029755115509033203
0.029755115509033203
0.026467323303222656
0.026467323303222656
0.03472113609313965
0.03472113609313965
0.030933856964111328
0.030933856964111328
0.03295016288757324
0.03295016288757324
0.03816962242126465
0.03816962242126465
0.02973341941833496
0.02973341941833496
0.02642226219177246
0.02642226219177246
0.03292131423950195
0.03292131423950195
0.03375649452209473
0.03375649452209473
0.03686690330505371
0.03686690330505371
0.03432345390319824
0.03432345390319824
0.028599648270756006
0.0
0.02879619598388672
0.02879619598388672
0.03733110427856445
0.03733110427856445
0.02522587776184082
0.02522587776184082
0.03733372688293457
0.03733372688293457
0.028278350830078125
0.028278350830078125
0.032865285873413086
0.032865285873413086
0.026519627310335636
0.0
0.035440683364868164
0.035440683364868164
0.15194545174017549
0.0
0.024225241038948298
0.0
0.026234792079776525
0.0
0.02752384776249528
0.0
0.16007024189457297
0.0
0.026938915252685547
0.026938915252685547
0.025960683822631836
0.025960683822631836
0.030751943588256836
0.030751943588256836
0.036744117736816406
0.036744117736816406
0.032662391662597656
0.032662391662597656
0.08782465802505612
0.0
0.03666877746582031
0.03666877746582031
0.03816866874694824
0.03816866874694824
0.03352642059326172
0.03352642059326172
0.02832508087158203
0.02832508087158203
0.025599002838134766
0.025599002838134766
0.024750384967774153
0.0
0.02925770217552781
0.0
0.02514644991606474
0.0
0.026372432708740234
0.026372432708740234
