0.046146392822265625
0.046146392822265625
0.03584146499633789
0.03584146499633789
0.028006688691675663
0.0
0.03505444526672363
0.03505444526672363
0.02543783187866211
0.02543783187866211
0.03207802772521973
0.03207802772521973
0.025315046310424805
0.025315046310424805
0.025503757409751415
0.0
0.027558763045817614
0.0
0.029484272003173828
0.029484272003173828
0.026736357249319553
0.0
0.030732154846191406
0.030732154846191406
0.02950138319283724
0.0
0.025009870529174805
0.025009870529174805
0.026993751525878906
0.026993751525878906
0.037431955337524414
0.037431955337524414
0.03015923500061035
0.03015923500061035
0.027250051498413086
0.027250051498413086
0.03514170786365867
0.0
0.033759117126464844
0.033759117126464844
0.030954599380493164
0.030954599380493164
0.02794480323791504
0.02794480323791504
0.023217331152409315
0.0
0.04082798957824707
0.04082798957824707
0.023558417335152626
0.0
0.036751747131347656
0.036751747131347656
0.028801441192626953
0.028801441192626953
0.026453733444213867
0.026453733444213867
0.033083200454711914
0.033083200454711914
0.02367285592481494
0.0
0.025511971209198236
0.0
0.0322497240267694
0.0
0.02655973006039858
0.0
0.02525906404480338
0.0
0.03335833549499512
0.03335833549499512
0.026460181921720505
0.0
0.027270216029137373
0.0
0.02677154541015625
0.02677154541015625
0.030220264568924904
0.0
0.03044605255126953
0.03044605255126953
0.03393292427062988
0.03393292427062988
0.02690863609313965
0.02690863609313965
0.024181408807635307
0.0
0.025534777902066708
0.0
0.026262521743774414
0.026262521743774414
0.026015928015112877
0.0
0.02954840660095215
0.02954840660095215
0.029305696487426758
0.029305696487426758
0.026358006056398153
0.0
0.030838966369628906
0.030838966369628906
