0.03975173691287637
0.0
0.02484917640686035
0.02484917640686035
0.02427726238965988
0.0
0.022876133676618338
0.0
0.025479793548583984
0.025479793548583984
0.02619906421750784
0.0
0.03554224967956543
0.03554224967956543
0.08476647594943643
0.0
0.024235162418335676
0.0
0.029820680618286133
0.029820680618286133
0.023187717888504267
0.0
0.025940895080566406
0.025940895080566406
0.0412750244140625
0.0412750244140625
0.026451331097632647
0.0
0.032152414321899414
0.032152414321899414
0.03139925003051758
0.03139925003051758
0.029110630974173546
0.0
0.027265336364507675
0.0
0.04007077217102051
0.04007077217102051
0.09017065865918994
0.0
0.02463862020522356
0.0
0.023625649977475405
0.0
0.03391408920288086
0.03391408920288086
0.02600833587348461
0.0
0.12284441897645593
0.0
0.02633523941040039
0.02633523941040039
0.02820110321044922
0.02820110321044922
0.029108762741088867
0.029108762741088867
0.03621339797973633
0.03621339797973633
0.026077174115926027
0.0
0.025406837463378906
0.025406837463378906
0.02929324097931385
0.0
0.026566743850708008
0.026566743850708008
0.026935793925076723
0.0
0.028427839279174805
0.028427839279174805
0.02920818328857422
0.02920818328857422
0.029085636138916016
0.029085636138916016
0.023714127950370312
0.0
0.030891895294189453
0.030891895294189453
0.04581594467163086
0.04581594467163086
0.023707329761236906
0.0
0.028066158294677734
0.028066158294677734
0.2512292289175093
0.0
0.02287294203415513
0.0
0.02783414116129279
0.0
0.0349726676940918
0.0349726676940918
0.02540945215150714
0.0
0.027707338333129883
0.027707338333129883
0.028888702392578125
0.028888702392578125
0.02892896207049489
0.0
