0.1436769962310791
0.1436769962310791
0.14278626441955566
0.14278626441955566
0.22225093841552734
0.22225093841552734
0.09186532022431493
0.0
0.14496978698298335
0.0
0.09376509068533778
0.0
0.09364432003349066
0.0
0.12570858001708984
0.12570858001708984
0.09151842724531889
0.0
0.092281105928123
0.0
1.0914335250854492
1.0914335250854492
0.10229706764221191
0.10229706764221191
1.099081039428711
1.099081039428711
1.1015071868896484
1.1015071868896484
1.0891172885894775
1.0891172885894775
1.0900561809539795
1.0900561809539795
0.10360431671142578
0.10360431671142578
0.0983145753853023
0.0
1.093247413635254
1.093247413635254
1.0928137302398682
1.0928137302398682
0.1592693328857422
0.1592693328857422
1.1034963130950928
1.1034963130950928
1.0878026485443115
1.0878026485443115
1.0950095653533936
1.0950095653533936
0.09128652978688478
0.0
1.091500997543335
1.091500997543335
1.0901117324829102
1.0901117324829102
1.0910799503326416
1.0910799503326416
1.0924546718597412
1.0924546718597412
1.100841760635376
1.100841760635376
0.15814032591879368
0.0
0.10073137283325195
0.10073137283325195
1.092397928237915
1.092397928237915
0.0918071991764009
0.0
1.0905277729034424
1.0905277729034424
1.0942270755767822
1.0942270755767822
0.092847122810781
0.0
0.08871309692040086
0.0
0.09959721565246582
0.09959721565246582
1.092357873916626
1.092357873916626
0.13825082778930664
0.13825082778930664
1.096184492111206
1.096184492111206
1.0921688079833984
1.0921688079833984
1.086136817932129
1.086136817932129
1.0889794826507568
1.0889794826507568
1.095003604888916
1.095003604888916
1.090247631072998
1.090247631072998
1.0935149192810059
1.0935149192810059
0.0939919869415462
0.0
0.09198096767067909
0.0
