0.10285019874572754
0.10285019874572754
0.11954426765441895
0.11954426765441895
0.09815622307360172
0.0
0.09843254089355469
0.09843254089355469
0.09663891792297363
0.09663891792297363
0.09511232376098633
0.09511232376098633
0.08964109793305397
0.0
0.09100031852722168
0.09100031852722168
0.08787226676940918
0.08787226676940918
0.08787918090820312
0.08787918090820312
0.09093379974365234
0.09093379974365234
0.0845959628932178
0.0
0.10682272911071777
0.10682272911071777
0.0907127857208252
0.0907127857208252
0.0949096130207181
0.0
0.09973692893981934
0.09973692893981934
0.09815120697021484
0.09815120697021484
0.09394648671150208
0.0
0.10949233314022422
0.0
0.09358141291886568
0.0
0.08887434005737305
0.08887434005737305
0.08813931001350284
0.0
0.0862031108699739
0.0
0.09840941429138184
0.09840941429138184
0.09972071647644043
0.09972071647644043
0.09890877874568105
0.0
0.0977480411529541
0.0977480411529541
0.1017000675201416
0.1017000675201416
0.08942031860351562
0.08942031860351562
0.08931660652160645
0.08931660652160645
0.08482094667851925
0.0
0.08534979680553079
0.0
0.09426255617290735
0.0
0.08493021177127957
0.0
0.10171914100646973
0.10171914100646973
0.08767175674438477
0.08767175674438477
0.08875695476308465
0.0
0.08437666390091181
0.0
0.09604191780090332
0.09604191780090332
0.09144691890105605
0.0
0.08986878395080566
0.08986878395080566
0.09648537635803223
0.09648537635803223
0.0984795093536377
0.0984795093536377
0.12298297882080078
0.12298297882080078
0.09290504455566406
0.09290504455566406
0.08761571999639273
0.0
0.0967397689819336
0.0967397689819336
0.08770620543509722
0.0
0.09798789024353027
0.09798789024353027
0.09356403350830078
0.09356403350830078
