0.0530092716217041
0.0530092716217041
0.026412393897771835
0.0
0.027508974075317383
0.027508974075317383
0.03379058837890625
0.03379058837890625
0.03294253349304199
0.03294253349304199
0.030739784240722656
0.030739784240722656
0.04019951820373535
0.04019951820373535
0.027904033660888672
0.027904033660888672
0.03177928924560547
0.03177928924560547
0.02943897247314453
0.02943897247314453
0.0328652230091393
0.0
0.028787851333618164
0.028787851333618164
0.025157690048217773
0.025157690048217773
0.0288238525390625
0.0288238525390625
0.029182910919189453
0.029182910919189453
0.032662391662597656
0.032662391662597656
0.03497195243835449
0.03497195243835449
0.02645194623619318
0.0
0.027993202209472656
0.027993202209472656
0.025954076554626226
0.0
0.028254985809326172
0.028254985809326172
0.03164243698120117
0.03164243698120117
0.029634428210556507
0.0
0.03182157501578331
0.0
0.03764677047729492
0.03764677047729492
0.02786897774785757
0.0
0.0347292423248291
0.0347292423248291
0.03343915939331055
0.03343915939331055
0.028841018676757812
0.028841018676757812
0.028027835302054882
0.0
0.023224445059895515
0.0
0.02915587369352579
0.0
0.06380868889391422
0.0
0.03548574447631836
0.03548574447631836
0.02527358941733837
0.0
0.03329374082386494
0.0
0.027710676193237305
0.027710676193237305
0.02866363525390625
0.02866363525390625
0.027569659054279327
0.0
0.026762723922729492
0.026762723922729492
0.04367566108703613
0.04367566108703613
0.029218673706054688
0.029218673706054688
0.026804445777088404
0.0
0.03274846076965332
0.03274846076965332
0.031084537506103516
0.031084537506103516
0.029346942901611328
0.029346942901611328
0.026349343825131655
0.0
0.034576416015625
0.034576416015625
0.027143239974975586
0.027143239974975586
0.026156625244766474
0.0
