0.09655794408172369
0.0
0.09364762995392084
0.0
0.11128473281860352
0.11128473281860352
0.09677379671484232
0.0
0.09850835800170898
0.09850835800170898
0.3125855587422848
0.0
0.09704675897955894
0.0
0.12851135432720184
0.0
1.086179256439209
1.086179256439209
0.09695540694519877
0.0
1.0919930934906006
1.0919930934906006
0.10294642299413681
0.0
0.10040484415367246
0.0
1.0931687355041504
1.0931687355041504
1.0897576808929443
1.0897576808929443
0.09592439793050289
0.0
0.09978317096829414
0.0
0.09010367281734943
0.0
0.11376667022705078
0.11376667022705078
1.091116189956665
1.091116189956665
0.10527396202087402
0.10527396202087402
1.1087398529052734
1.1087398529052734
0.09097179304808378
0.0
1.096064805984497
1.096064805984497
1.093336820602417
1.093336820602417
1.0846953392028809
1.0846953392028809
0.1030914131551981
0.0
0.08866141410544515
0.0
0.11429762840270996
0.11429762840270996
0.09001187700778246
0.0
0.09287393325939775
0.0
1.0898244380950928
1.0898244380950928
0.10857629776000977
0.10857629776000977
1.0895421504974365
1.0895421504974365
0.12789005879312754
0.0
1.0892975330352783
1.0892975330352783
1.0876126289367676
1.0876126289367676
1.0899875164031982
1.0899875164031982
1.0987770557403564
1.0987770557403564
1.0872836112976074
1.0872836112976074
0.129044353030622
0.0
1.0930063724517822
1.0930063724517822
0.09860647609457374
0.0
1.082974910736084
1.082974910736084
1.088907241821289
1.088907241821289
1.0871212482452393
1.0871212482452393
1.107969045639038
1.107969045639038
0.09154350310564041
0.0
1.0923466682434082
1.0923466682434082
1.0884978771209717
1.0884978771209717
