0.03524947166442871
0.03524947166442871
0.029668569564819336
0.029668569564819336
0.08394360542297363
0.08394360542297363
0.05038714408874512
0.05038714408874512
0.21485299104824662
0.0
0.04260280169546604
0.0
0.06931257247924805
0.06931257247924805
0.2890450954437256
0.2890450954437256
0.06163804605603218
0.0
0.10196423530578613
0.10196423530578613
0.05893445014953613
0.05893445014953613
0.28891801834106445
0.28891801834106445
0.296938419342041
0.296938419342041
0.05381035804748535
0.05381035804748535
0.16814970970153809
0.16814970970153809
0.04054534342139959
0.0
0.0747520923614502
0.0747520923614502
0.26215797709301114
0.0
0.0697791576385498
0.0697791576385498
0.029864720068871975
0.0
0.037635087966918945
0.037635087966918945
0.028426170349121094
0.028426170349121094
0.23432707786560059
0.23432707786560059
0.09548910520970821
0.0
0.047517071943730116
0.0
0.14493850711733103
0.0
0.07962632179260254
0.07962632179260254
0.10375310387462378
0.0
0.23843169212341309
0.23843169212341309
0.061502933502197266
0.061502933502197266
0.060906410217285156
0.060906410217285156
0.057435035705566406
0.057435035705566406
0.1882338523864746
0.1882338523864746
0.16385316848754883
0.16385316848754883
0.026757714804261923
0.0
1.3799998760223389
1.3799998760223389
0.3062770711258054
0.0
0.5877435207366943
0.5877435207366943
0.8015398308634758
0.0
0.03792476421222091
0.0
0.08551359176635742
0.08551359176635742
0.05066374223679304
0.0
0.3657033443450928
0.3657033443450928
0.11981773376464844
0.11981773376464844
0.20835699094459414
0.0
0.1338646411895752
0.1338646411895752
0.06755185127258301
0.06755185127258301
0.03132503293454647
0.0
0.09716710029169917
0.0
0.12307453667744994
0.0
