0.10688165901228786
0.0
0.09781241416931152
0.09781241416931152
0.08736228942871094
0.08736228942871094
0.10320854187011719
0.10320854187011719
0.08607053756713867
0.08607053756713867
0.09679651260375977
0.09679651260375977
0.08844103012233973
0.0
0.09563302993774414
0.09563302993774414
0.08825762290507555
0.0
0.12781190872192383
0.12781190872192383
0.0913398265838623
0.0913398265838623
0.08702564239501953
0.08702564239501953
0.08547457307577133
0.0
0.09054142236709595
0.0
0.10040545463562012
0.10040545463562012
0.08899569511413574
0.08899569511413574
0.09101700782775879
0.09101700782775879
0.09129549283534288
0.0
0.09773588180541992
0.09773588180541992
0.08965039253234863
0.08965039253234863
0.09685754776000977
0.09685754776000977
0.09076404571533203
0.09076404571533203
0.09560060501098633
0.09560060501098633
0.08977174758911133
0.08977174758911133
0.0873408317565918
0.0873408317565918
0.08761787414550781
0.08761787414550781
0.09522507898509502
0.0
0.08489742316305637
0.0
0.08841675892472267
0.0
0.09275625692680478
0.0
0.08417380694299936
0.0
0.0963904857635498
0.0963904857635498
0.08773088455200195
0.08773088455200195
0.09033918380737305
0.09033918380737305
0.09680366516113281
0.09680366516113281
0.09423947334289551
0.09423947334289551
0.09074531914666295
0.0
0.09258437156677246
0.09258437156677246
0.09118008613586426
0.09118008613586426
0.09612369537353516
0.09612369537353516
0.08910443587228656
0.0
0.09017038345336914
0.09017038345336914
0.0862591858021915
0.0
0.09432578086853027
0.09432578086853027
0.0909719467163086
0.0909719467163086
0.08918285369873047
0.08918285369873047
0.09143352508544922
0.09143352508544922
0.09686923027038574
0.09686923027038574
0.09078836441040039
0.09078836441040039
0.0918586254119873
0.0918586254119873
