0.07462072372436523
0.07462072372436523
0.04243914224207401
0.0
0.6796790268272161
0.0
0.025050020776689053
0.0
1.0443370342254639
1.0443370342254639
0.07377119734883308
0.0
0.08100056601688266
0.0
0.10163471987470984
0.0
1.4063258171081543
1.4063258171081543
1.0556848049163818
1.0556848049163818
1.5198299884796143
1.5198299884796143
1.0807807445526123
1.0807807445526123
1.4911060333251953
1.4911060333251953
1.1889491081237793
1.1889491081237793
1.1563527584075928
1.1563527584075928
1.0801773071289062
1.0801773071289062
1.061267614364624
1.061267614364624
0.0946494028903544
0.0
1.0656983852386475
1.0656983852386475
1.4658751487731934
1.4658751487731934
0.07381058018654585
0.0
0.5279679694212973
0.0
1.0780713558197021
1.0780713558197021
0.16854885127395391
0.0
1.0412898063659668
1.0412898063659668
0.24456569412723184
0.0
1.1107630729675293
1.1107630729675293
0.4151303768157959
0.4151303768157959
0.06739011127501726
0.0
0.20164223480969667
0.0
0.08682874729856849
0.0
1.0483026504516602
1.0483026504516602
0.13701238203793764
0.0
0.35619062604382634
0.0
1.40067720413208
1.40067720413208
0.34051005030050874
0.0
1.5807764530181885
1.5807764530181885
1.0771889686584473
1.0771889686584473
1.0650205612182617
1.0650205612182617
0.09505987167358398
0.09505987167358398
0.18670943984761834
0.0
1.540168285369873
1.540168285369873
0.061583821196109056
0.0
1.5658071041107178
1.5658071041107178
1.1176931858062744
1.1176931858062744
0.23628819780424237
0.0
1.170046091079712
1.170046091079712
1.0478591918945312
1.0478591918945312
0.1772763729095459
0.1772763729095459
2.028968095779419
2.028968095779419
