1.059654951095581
1.059654951095581
0.1050271987915039
0.1050271987915039
0.12255501747131348
0.12255501747131348
1.100651502609253
1.100651502609253
1.0891315937042236
1.0891315937042236
0.11882997397333384
0.0
1.0926940441131592
1.0926940441131592
1.0881457328796387
1.0881457328796387
0.10832996387034655
0.0
1.1572644710540771
1.1572644710540771
0.09322140039876103
0.0
1.089613914489746
1.089613914489746
1.0866591930389404
1.0866591930389404
0.09314335510134697
0.0
0.0925260097719729
0.0
1.0906727313995361
1.0906727313995361
1.1026942729949951
1.1026942729949951
0.09209982631728053
0.0
0.1375410556793213
0.1375410556793213
0.11129386583343148
0.0
1.0929906368255615
1.0929906368255615
0.11426853993907571
0.0
1.083369493484497
1.083369493484497
1.08795166015625
1.08795166015625
0.10503077507019043
0.10503077507019043
0.10127496719360352
0.10127496719360352
0.0884488201700151
0.0
1.0883450508117676
1.0883450508117676
0.0898376083932817
0.0
1.083665132522583
1.083665132522583
1.101592779159546
1.101592779159546
1.0875461101531982
1.0875461101531982
1.1025340557098389
1.1025340557098389
1.0927817821502686
1.0927817821502686
0.09582107421010733
0.0
1.096665382385254
1.096665382385254
1.1793036460876465
1.1793036460876465
1.0889256000518799
1.0889256000518799
0.10759472846984863
0.10759472846984863
1.084848403930664
1.084848403930664
1.0878407955169678
1.0878407955169678
0.09834047220647335
0.0
0.0917948386631906
0.0
0.10540367104113102
0.0
0.10771382600069046
0.0
1.0886688232421875
1.0886688232421875
0.09331416571512818
0.0
0.09492889977991581
0.0
1.0918068885803223
1.0918068885803223
1.0925886631011963
1.0925886631011963
