0.04073716280981898
0.0
0.027308559976518154
0.0
0.036817073822021484
0.036817073822021484
0.036920785903930664
0.036920785903930664
0.02905301284044981
0.0
0.0258508687838912
0.0
0.05315542221069336
0.05315542221069336
0.027894258499145508
0.027894258499145508
0.02798318862915039
0.02798318862915039
0.029492097906768322
0.0
0.027500152587890625
0.027500152587890625
0.024883950129151344
0.0
0.028068065643310547
0.028068065643310547
0.024819200858473778
0.0
0.026451587677001953
0.026451587677001953
0.026564836502075195
0.026564836502075195
0.023647433146834373
0.0
0.03015899658203125
0.03015899658203125
0.03774420591071248
0.0
0.028050661087036133
0.028050661087036133
0.026021242141723633
0.026021242141723633
0.026536382734775543
0.0
0.03406691551208496
0.03406691551208496
0.02479530917480588
0.0
0.027277231216430664
0.027277231216430664
0.045915482100099325
0.0
0.027363061904907227
0.027363061904907227
0.02643985440954566
0.0
0.03452419862151146
0.0
0.03262615203857422
0.03262615203857422
0.03298664093017578
0.03298664093017578
0.037611961364746094
0.037611961364746094
0.03318953514099121
0.03318953514099121
0.02396185975521803
0.0
0.03223085403442383
0.03223085403442383
0.03231000900268555
0.03231000900268555
0.024126692209392786
0.0
0.030528806149959564
0.0
0.031271742191165686
0.0
0.035918235778808594
0.035918235778808594
0.02544656302779913
0.0
0.025606597773730755
0.0
0.02744579315185547
0.02744579315185547
0.028464518021792173
0.0
0.025760228279978037
0.0
0.03822684288024902
0.03822684288024902
0.026531219482421875
0.026531219482421875
0.04110264778137207
0.04110264778137207
0.031908512115478516
0.031908512115478516
0.025978803634643555
0.025978803634643555
