0.07187700271606445
0.07187700271606445
0.03426797175779939
0.0
0.025855012238025665
0.0
0.03605566918849945
0.0
0.03992295265197754
0.03992295265197754
0.030116419307887554
0.0
0.043042898178100586
0.043042898178100586
0.02869272232055664
0.02869272232055664
0.02535080909729004
0.02535080909729004
0.030372804030776024
0.0
0.03122662380337715
0.0
0.03015732765197754
0.03015732765197754
0.027146577835083008
0.027146577835083008
0.030628681182861328
0.030628681182861328
0.03081202507019043
0.03081202507019043
0.042333364486694336
0.042333364486694336
0.03600478172302246
0.03600478172302246
0.0319620450027287
0.0
0.030269384384155273
0.030269384384155273
0.027749300003051758
0.027749300003051758
0.02868199348449707
0.02868199348449707
0.030651569366455078
0.030651569366455078
0.044281005859375
0.044281005859375
0.051789045333862305
0.051789045333862305
0.04622650146484375
0.04622650146484375
0.03641152381896973
0.03641152381896973
0.030195236206054688
0.030195236206054688
0.027940547093749046
0.0
0.03267645835876465
0.03267645835876465
0.03179287910461426
0.03179287910461426
0.10021305084228516
0.10021305084228516
0.03937530517578125
0.03937530517578125
0.08596014976501465
0.08596014976501465
0.02702951431274414
0.02702951431274414
0.028543399181216955
0.0
0.026269197463989258
0.026269197463989258
0.041741132736206055
0.041741132736206055
0.03231167793273926
0.03231167793273926
0.027053683064877987
0.0
0.030893564224243164
0.030893564224243164
0.027514229994267225
0.0
0.02774179494008422
0.0
0.03888845443725586
0.03888845443725586
0.03438115119934082
0.03438115119934082
0.030619382858276367
0.030619382858276367
0.02755961799994111
0.0
0.03757667541503906
0.03757667541503906
0.032364606857299805
0.032364606857299805
0.027244641911238432
0.0
0.035306453704833984
0.035306453704833984
