0.040858737193048
0.0
0.15553481131792068
0.0
0.03094625473022461
0.03094625473022461
0.02770319487899542
0.0
0.03778648376464844
0.03778648376464844
0.03970670700073242
0.03970670700073242
0.038634538650512695
0.038634538650512695
0.031913042068481445
0.031913042068481445
0.028739452362060547
0.028739452362060547
0.09104564180597663
0.0
0.028669357299804688
0.028669357299804688
0.029720978811383247
0.0
0.09300308208912611
0.0
0.1716082962229848
0.0
0.027201175689697266
0.027201175689697266
0.07525753974914551
0.07525753974914551
0.02386622130870819
0.0
0.02776169776916504
0.02776169776916504
0.08972740406170487
0.0
0.04333972930908203
0.04333972930908203
0.03313088417053223
0.03313088417053223
0.028444290161132812
0.028444290161132812
0.031672000885009766
0.031672000885009766
0.12994285905733705
0.0
0.0313715934753418
0.0313715934753418
0.04095029830932617
0.04095029830932617
0.029112815856933594
0.029112815856933594
0.06184812402352691
0.0
0.027960777282714844
0.027960777282714844
0.03826337121427059
0.0
0.032618045806884766
0.032618045806884766
0.03951764106750488
0.03951764106750488
0.025968903210014105
0.0
0.16372870886698365
0.0
0.037689764983952045
0.0
0.027812242042273283
0.0
0.034113407135009766
0.034113407135009766
0.04306340217590332
0.04306340217590332
0.025967740919440985
0.0
0.030432639177888632
0.0
0.0327146053314209
0.0327146053314209
0.06179511593654752
0.0
0.031485795974731445
0.031485795974731445
0.02546145999804139
0.0
0.034482479095458984
0.034482479095458984
0.035886330995708704
0.0
0.02843761444091797
0.02843761444091797
0.033383846282958984
0.033383846282958984
0.026856184005737305
0.026856184005737305
0.03463602066040039
0.03463602066040039
