0.043157100677490234
0.043157100677490234
0.025576584041118622
0.0
0.03062605857849121
0.03062605857849121
0.024357032030820847
0.0
0.03199978265911341
0.0
0.024811511859297752
0.0
0.03977474616840482
0.0
0.03193174907937646
0.0
0.029283523559570312
0.029283523559570312
0.034012794494628906
0.034012794494628906
0.029728412628173828
0.029728412628173828
0.03450775146484375
0.03450775146484375
0.03667449951171875
0.03667449951171875
0.03264880180358887
0.03264880180358887
0.028755273204296827
0.0
0.030798673629760742
0.030798673629760742
0.03563642501831055
0.03563642501831055
0.044243574142456055
0.044243574142456055
0.02763509750366211
0.02763509750366211
0.029067039489746094
0.029067039489746094
0.02544863475486636
0.0
0.027524709701538086
0.027524709701538086
0.028311729431152344
0.028311729431152344
0.02521611377596855
0.0
0.023297134321182966
0.0
0.04651236534118652
0.04651236534118652
0.02802176494151354
0.0
0.02449968410655856
0.0
0.02378178294748068
0.0
0.033464171923696995
0.0
0.02950453758239746
0.02950453758239746
0.024587360210716724
0.0
0.03827357292175293
0.03827357292175293
0.03222713200375438
0.0
0.035756492987275124
0.0
0.033261161763221025
0.0
0.023738380055874586
0.0
0.025197327136993408
0.0
0.02669978141784668
0.02669978141784668
0.03369140625
0.03369140625
0.031281675677746534
0.0
0.027356649748981
0.0
0.032152650877833366
0.0
0.027226686477661133
0.027226686477661133
0.024978159926831722
0.0
0.03127472382038832
0.0
0.027356386184692383
0.027356386184692383
0.033042192459106445
0.033042192459106445
0.036102294921875
0.036102294921875
0.03224945068359375
0.03224945068359375
