0.05413341522216797
0.05413341522216797
0.03410813119262457
0.0
0.03598284721374512
0.03598284721374512
0.03688955307006836
0.03688955307006836
0.0601286250166595
0.0
0.02467420371249318
0.0
0.03731727600097656
0.03731727600097656
0.032315948978066444
0.0
0.026337422896176577
0.0
0.0271906740963459
0.0
0.06417989730834961
0.06417989730834961
0.08517169952392578
0.08517169952392578
0.02965152682736516
0.0
0.05154109001159668
0.05154109001159668
0.03160881996154785
0.03160881996154785
0.027580569963902235
0.0
0.03156205406412482
0.0
0.03435230255126953
0.03435230255126953
0.0456998348236084
0.0456998348236084
0.060316349379718304
0.0
0.032939910888671875
0.032939910888671875
0.0482342978939414
0.0
0.04050803184509277
0.04050803184509277
0.05355429649353027
0.05355429649353027
0.03604245185852051
0.03604245185852051
0.029152870178222656
0.029152870178222656
0.06018366198986769
0.0
0.0432062316685915
0.0
0.028581619262695312
0.028581619262695312
0.05832637706771493
0.0
0.06607504701241851
0.0
0.03321981430053711
0.03321981430053711
0.03236508369445801
0.03236508369445801
0.02425856003537774
0.0
0.03365206718444824
0.03365206718444824
0.10903525352478027
0.10903525352478027
0.05896136490628123
0.0
0.05655099172145128
0.0
0.06110688531771302
0.0
0.027492046356201172
0.027492046356201172
0.03202342987060547
0.03202342987060547
0.058817445766180754
0.0
0.053129032254219055
0.0
0.044868684839457273
0.0
0.03640317916870117
0.03640317916870117
0.04486513137817383
0.04486513137817383
0.06360554695129395
0.06360554695129395
0.030173540115356445
0.030173540115356445
0.059406707994639874
0.0
0.056225098203867674
0.0
