0.035273075103759766
0.035273075103759766
0.027904987335205078
0.027904987335205078
0.03509354591369629
0.03509354591369629
0.03124833106994629
0.03124833106994629
0.027627944946289062
0.027627944946289062
0.0370328426361084
0.0370328426361084
0.02665424346923828
0.02665424346923828
0.03660917282104492
0.03660917282104492
0.02911520004272461
0.02911520004272461
0.02626991318538785
0.0
0.027025382034480572
0.0
0.026473283767700195
0.026473283767700195
0.033910274505615234
0.033910274505615234
0.03405284881591797
0.03405284881591797
0.03358173370361328
0.03358173370361328
0.03551435470581055
0.03551435470581055
0.03338788077235222
0.0
0.029030659701675177
0.0
0.024194256868213415
0.0
0.03261446952819824
0.03261446952819824
0.03448460204526782
0.0
0.04391980171203613
0.04391980171203613
0.02889795321971178
0.0
0.027665138244628906
0.027665138244628906
0.03608441352844238
0.03608441352844238
0.027923583984375
0.027923583984375
0.025612821336835623
0.0
0.026174813974648714
0.0
0.03166111093014479
0.0
0.03372454643249512
0.03372454643249512
0.029379844665527344
0.029379844665527344
0.024222107138484716
0.0
0.03144550323486328
0.03144550323486328
0.024350708816200495
0.0
0.035848140716552734
0.035848140716552734
0.026537402998656034
0.0
0.028672218322753906
0.028672218322753906
0.031607828103005886
0.0
0.036237217020243406
0.0
0.034169673919677734
0.034169673919677734
0.0341341495513916
0.0341341495513916
0.05537009239196777
0.05537009239196777
0.02861377689987421
0.0
0.027216672897338867
0.027216672897338867
0.028393268585205078
0.028393268585205078
0.029492616653442383
0.029492616653442383
0.03265670407563448
0.0
0.02796006202697754
0.02796006202697754
0.032692909240722656
0.032692909240722656
0.035636186599731445
0.035636186599731445
