0.09295330592431128
0.08420670893974602
0.08973352913744748
0.08782377792522311
0.08683711802586913
0.0839135660789907
0.08879367611370981
0.09272912284359336
0.08655684115365148
0.09091352997347713
0.08759586280211806
0.08623095881193876
0.08783390815369785
0.08565555396489799
0.08949748007580638
0.08616848709061742
0.08616781607270241
0.08725379197858274
0.08471332886256278
0.08766492083668709
0.09434456517919898
0.08519152598455548
0.08705689618363976
0.08760466007515788
0.08783090300858021
0.08616304397583008
0.08894168795086443
0.08595893299207091
0.0906969248317182
0.08640995598398149
0.08707724697887897
0.08608365501277149
0.09296469087712467
0.09108270891010761
0.08631955389864743
0.08726806985214353
0.08472699695266783
0.08674112986773252
0.09110028389841318
0.08724563498981297
0.08872273401357234
0.08516167989000678
0.08795423805713654
0.08764747809618711
0.08687578607350588
0.09308427502401173
0.08914688602089882
0.0868907489348203
0.08449467900209129
0.10006021009758115
