0.12903618812561035
0.10556530952453613
0.09497976303100586
0.1080322265625
0.10212278366088867
0.0906076431274414
0.09448957443237305
0.09749794006347656
0.09157466888427734
0.10101556777954102
0.10594439506530762
0.09299063682556152
0.09221816062927246
0.10484576225280762
0.09855437278747559
0.10506558418273926
0.0947728157043457
0.09757399559020996
0.1046762466430664
0.08991789817810059
0.10317254066467285
0.09523653984069824
0.09380531311035156
0.09575796127319336
0.09498262405395508
0.09607505798339844
0.09758591651916504
0.10660338401794434
0.08951950073242188
0.09053182601928711
0.0929572582244873
0.10044002532958984
0.13050484657287598
0.09315848350524902
0.09552001953125
0.09171843528747559
0.09297513961791992
0.09047508239746094
0.11912655830383301
0.09811782836914062
0.09318923950195312
0.0995187759399414
0.09292769432067871
0.09372949600219727
0.09506988525390625
0.09725213050842285
0.0918581485748291
0.09301424026489258
0.09259223937988281
0.12034940719604492
