0.10806007497012615
0.08679675706662238
0.10415087617002428
0.12759016687050462
0.08871625689789653
0.09796519298106432
0.0890708020888269
0.08565132599323988
0.08825581800192595
0.09349834988825023
0.08782829204574227
0.0921415260527283
0.08966593001969159
0.086806062143296
0.09498938103206456
0.08647807617671788
0.08819071901962161
0.09071952290832996
0.08953891601413488
0.09168844600208104
0.08598351199179888
0.0905060120858252
0.09075518604367971
0.08932431391440332
0.09201036300510168
0.08986082393676043
0.09188186703249812
0.09507759707048535
0.09229820617474616
0.09124263492412865
0.08642452792264521
0.09316421789117157
0.08650658698752522
0.09431711095385253
0.09231535508297384
0.08741859998553991
0.08915195101872087
0.08741234592162073
0.08463620790280402
0.0875946581363678
0.0866772779263556
0.09233740693889558
0.08732318109832704
0.09063031408004463
0.08637173217721283
0.0910947690717876
0.0873122860211879
0.08429181389510632
0.09026497090235353
0.09359257994219661
