0.19717168807983398
0.1165018081665039
0.09176993370056152
0.09493017196655273
0.09276437759399414
0.08974409103393555
0.09800529479980469
0.09491658210754395
0.09699726104736328
0.09201502799987793
0.08993673324584961
0.09364104270935059
0.09639716148376465
0.0929112434387207
0.10137248039245605
0.09420418739318848
0.09585762023925781
0.09257698059082031
0.09466862678527832
0.0919792652130127
0.0938265323638916
0.09786057472229004
0.09656095504760742
0.1040956974029541
0.09705734252929688
0.09291434288024902
0.0930943489074707
0.09636473655700684
0.09757637977600098
0.0949854850769043
0.1057443618774414
0.09163713455200195
0.09694910049438477
0.09100651741027832
0.10025143623352051
0.09534430503845215
0.09295368194580078
0.08896493911743164
0.1391429901123047
0.10750460624694824
0.11068391799926758
0.09150910377502441
0.09802579879760742
0.09000682830810547
0.09203481674194336
0.09351587295532227
0.09511446952819824
0.09768557548522949
0.0914304256439209
0.10780954360961914
