0.12541145994327962
0.08999302191659808
0.09019731194712222
0.09142778301611543
0.0928105020429939
0.09158125799149275
0.09040068998001516
0.09033308085054159
0.09883043309673667
0.09441512287594378
0.09336660499684513
0.08810918289236724
0.09002182586118579
0.08825456886552274
0.09017101395875216
0.08667216286994517
0.08775739092379808
0.0895985250826925
0.08878714684396982
0.08744515315629542
0.0908924259711057
0.09448174899443984
0.08780084317550063
0.09038188098929822
0.08913077297620475
0.08734004409052432
0.08767197513952851
0.08646325301378965
0.08748099696822464
0.08752119308337569
0.0875691189430654
0.09159470698796213
0.09073375584557652
0.09008567105047405
0.09642752190120518
0.09040638897567987
0.08692856412380934
0.08712417702190578
0.0905038071796298
0.09132000501267612
0.08671937114559114
0.08972927299328148
0.09381675021722913
0.09693503705784678
0.09409757284447551
0.08566817687824368
0.09011114481836557
0.08802698692306876
0.09050587704405189
0.09326699306257069
