0.4580986499786377
0.09524106979370117
0.10130643844604492
0.0912172794342041
0.09487557411193848
0.13185596466064453
0.1022939682006836
0.09518694877624512
0.09862041473388672
0.08930397033691406
0.10223197937011719
0.09480142593383789
0.095367431640625
0.09747457504272461
0.10184478759765625
0.09414291381835938
0.08993077278137207
0.09847784042358398
0.10869193077087402
0.09537887573242188
0.10254883766174316
0.09241223335266113
0.09544944763183594
0.1053473949432373
0.10143303871154785
0.09688115119934082
0.09060359001159668
0.09664797782897949
0.09063148498535156
0.0950169563293457
0.1035153865814209
0.11032676696777344
0.09279227256774902
0.09623861312866211
0.10038924217224121
0.09985995292663574
0.09772491455078125
0.09324836730957031
0.12774443626403809
0.11389541625976562
0.10738229751586914
0.1063375473022461
0.09079909324645996
0.0938870906829834
0.09774565696716309
0.09660482406616211
0.09789848327636719
0.10283422470092773
0.09415769577026367
0.09007596969604492
