0.5192680358886719
0.10069990158081055
0.09941625595092773
0.09476828575134277
0.11228084564208984
0.10553169250488281
0.0946207046508789
0.11125659942626953
0.09326481819152832
0.10270977020263672
0.10387706756591797
0.09778857231140137
0.09501218795776367
0.09500932693481445
0.09747457504272461
0.0992136001586914
0.09786438941955566
0.1352846622467041
0.09766697883605957
0.13872528076171875
0.1060791015625
0.1482546329498291
0.09348869323730469
0.09953689575195312
0.09649920463562012
0.09563231468200684
0.14575767517089844
0.09799933433532715
0.10387206077575684
0.09399867057800293
0.09477639198303223
0.09896111488342285
0.09878921508789062
0.09894084930419922
0.1035928726196289
0.13032865524291992
0.09316039085388184
0.09746694564819336
0.09652876853942871
0.10626578330993652
0.11751914024353027
0.09454894065856934
0.09663605690002441
0.0993187427520752
0.10377860069274902
0.09157156944274902
0.09455680847167969
0.09573650360107422
0.0954749584197998
0.0955817699432373
