0.11708270316012204
0.0932465149089694
0.09207725711166859
0.0907333898358047
0.09246903494931757
0.08615187392570078
0.08932996797375381
0.09586642519570887
0.09611890302039683
0.0899373630527407
0.09164379606954753
0.09140240191482008
0.09349695802666247
0.08828690112568438
0.0897904250305146
0.08852783311158419
0.09529875591397285
0.09092736896127462
0.08926929510198534
0.0895351991057396
0.0880077921319753
0.08774164691567421
0.09465133678168058
0.09464005613699555
0.08742571203038096
0.09098419011570513
0.09536906913854182
0.09345934703014791
0.09098669281229377
0.09426500089466572
0.10748547804541886
0.09669665992259979
0.0901086910162121
0.08945747907273471
0.08782188408076763
0.08924687909893692
0.08708345284685493
0.08644958096556365
0.08861188706941903
0.0872201940510422
0.0918965870514512
0.08803117391653359
0.08904458116739988
0.08864818303845823
0.09576858999207616
0.0894110519438982
0.08672464382834733
0.08938338817097247
0.08808024786412716
0.09166686190292239
