0.10638155415654182
0.09423255105502903
0.0944994199089706
0.08961532404646277
0.10135475406423211
0.09658007882535458
0.08881438197568059
0.09334725816734135
0.09007423394359648
0.08758397703059018
0.09079533815383911
0.08610793808475137
0.08886401588097215
0.09387224609963596
0.09037320292554796
0.09241685178130865
0.11909735016524792
0.08899916312657297
0.10100200306624174
0.0876241191290319
0.09336869791150093
0.09262388688512146
0.09108945401385427
0.09431763109751046
0.09126017685048282
0.09341270104050636
0.08634436409920454
0.08916285401210189
0.09724739100784063
0.08847210789099336
0.08861285797320306
0.08565765293315053
0.09640875388868153
0.08827097108587623
0.0929346599150449
0.0887843060772866
0.08977082907222211
0.08910607290454209
0.08838312095031142
0.09048458002507687
0.09570264304056764
0.08936726511456072
0.09946556109935045
0.08761269599199295
0.08863701415248215
0.08797925896942616
0.08795757289044559
0.09663551393896341
0.08794531296007335
0.09180362708866596
