0.10600095591507852
0.10165206086821854
0.08840786200016737
0.08531820680946112
0.0887841209769249
0.0874737249687314
0.09008934698067605
0.08933805697597563
0.0906455060467124
0.08870631991885602
0.0857777048368007
0.08814394404180348
0.09168433304876089
0.09098280314356089
0.08530788403004408
0.0916404570452869
0.08807204104959965
0.09591407212428749
0.10315547115169466
0.10284364689141512
0.08896881202235818
0.08948205481283367
0.08930302993394434
0.08814693591557443
0.09722974081523716
0.09307534294202924
0.08665791805833578
0.08936787606216967
0.0886536119505763
0.08797863801009953
0.09346248605288565
0.09114492195658386
0.08782031992450356
0.09003180894069374
0.09158205008134246
0.08544153207913041
0.0908591179177165
0.08733138302341104
0.09279845398850739
0.08600876689888537
0.08694942202419043
0.09118570713326335
0.08716052398085594
0.08893507299944758
0.08530895900912583
0.09736412088386714
0.0876133639831096
0.08779365802183747
0.09391780197620392
0.08839768101461232
