0.2273426055908203
0.12383127212524414
0.09454989433288574
0.09233355522155762
0.10327839851379395
0.09199881553649902
0.09824848175048828
0.11224198341369629
0.11124038696289062
0.11045503616333008
0.09694576263427734
0.10390806198120117
0.09890270233154297
0.09462952613830566
0.08947277069091797
0.09416484832763672
0.0905618667602539
0.10050678253173828
0.10098481178283691
0.09574174880981445
0.09517145156860352
0.09595274925231934
0.10749220848083496
0.10206174850463867
0.09577274322509766
0.10179495811462402
0.09551572799682617
0.10011529922485352
0.08980584144592285
0.10051369667053223
0.09024620056152344
0.09592056274414062
0.09405803680419922
0.0976567268371582
0.09801483154296875
0.10957741737365723
0.09488487243652344
0.09205150604248047
0.09107685089111328
0.10025382041931152
0.09348678588867188
0.11072468757629395
0.14413857460021973
0.09726572036743164
0.09761381149291992
0.09356236457824707
0.11107301712036133
0.09146642684936523
0.11720085144042969
0.09218692779541016
