0.3742687702178955
0.09246134757995605
0.10470867156982422
0.10280108451843262
0.09978890419006348
0.10142898559570312
0.098052978515625
0.09329080581665039
0.08863258361816406
0.09302234649658203
0.09411478042602539
0.1640324592590332
0.09074211120605469
0.09487342834472656
0.09024739265441895
0.11364912986755371
0.09877991676330566
0.11301565170288086
0.09095120429992676
0.10238337516784668
0.11556005477905273
0.09458541870117188
0.08868741989135742
0.09103798866271973
0.09610605239868164
0.09951901435852051
0.09011626243591309
0.09516716003417969
0.10442829132080078
0.08947992324829102
0.08978104591369629
0.09208345413208008
0.09534788131713867
0.09332656860351562
0.09790945053100586
0.0890047550201416
0.08982968330383301
0.08919048309326172
0.09061026573181152
0.0947411060333252
0.10755324363708496
0.08884835243225098
0.130415678024292
0.09538102149963379
0.0953366756439209
0.0933680534362793
0.09560275077819824
0.09005951881408691
0.0898287296295166
0.09755468368530273
