0.3792870044708252
0.09339737892150879
0.09470152854919434
0.09330153465270996
0.09611105918884277
0.09252333641052246
0.09541010856628418
0.0995171070098877
0.09670543670654297
0.09345269203186035
0.10265874862670898
0.10390233993530273
0.09804391860961914
0.09718632698059082
0.10000157356262207
0.09702372550964355
0.10007762908935547
0.09559917449951172
0.09526562690734863
0.09484195709228516
0.10667300224304199
0.15459680557250977
0.09569048881530762
0.09538960456848145
0.10354447364807129
0.09527063369750977
0.09644460678100586
0.0977776050567627
0.09826898574829102
0.0991981029510498
0.1049814224243164
0.11307334899902344
0.0944828987121582
0.0960993766784668
0.09994816780090332
0.09542679786682129
0.09688782691955566
0.11599016189575195
0.09558629989624023
0.09400320053100586
0.09492087364196777
0.10184788703918457
0.10814094543457031
0.10040473937988281
0.09628891944885254
0.09160852432250977
0.09056878089904785
0.08997583389282227
0.09412932395935059
0.0931391716003418
