0.2050623893737793
0.0978384017944336
0.12404537200927734
0.09816956520080566
0.10635757446289062
0.09678483009338379
0.09588623046875
0.1045684814453125
0.09486961364746094
0.11659359931945801
0.10080671310424805
0.10086202621459961
0.09450507164001465
0.09384489059448242
0.10074090957641602
0.09575057029724121
0.09525012969970703
0.09687185287475586
0.09759163856506348
0.09217715263366699
0.09593844413757324
0.1040496826171875
0.10785555839538574
0.09068584442138672
0.11203527450561523
0.101806640625
0.0983891487121582
0.10586762428283691
0.10148453712463379
0.09497904777526855
0.11069178581237793
0.09214401245117188
0.1090247631072998
0.09436702728271484
0.09351921081542969
0.09715533256530762
0.09420657157897949
0.0968637466430664
0.09269976615905762
0.09673118591308594
0.0969533920288086
0.11799478530883789
0.13036131858825684
0.09734368324279785
0.09376287460327148
0.09324765205383301
0.10161447525024414
0.09404587745666504
0.1078488826751709
0.09593462944030762
