0.10689299600198865
0.09176019299775362
0.09213816095143557
0.09328933199867606
0.09034040779806674
0.08815104886889458
0.09059646213427186
0.09021672396920621
0.09744797903113067
0.09042762708850205
0.09184034704230726
0.08995045092888176
0.0912520750425756
0.0878562550060451
0.09031668305397034
0.08655052189715207
0.08966613304801285
0.08943767915479839
0.09396406798623502
0.08862274116836488
0.09838472795672715
0.09241265617311001
0.09195047104731202
0.0935492750722915
0.08916364004835486
0.0877762830350548
0.08706876798532903
0.08820231002755463
0.08660752093419433
0.08659309311769903
0.0905316558200866
0.10042210691608489
0.08668949687853456
0.08599095605313778
0.08615285786800086
0.08751385612413287
0.08841808699071407
0.08634701301343739
0.09115797001868486
0.08954221080057323
0.09320166008546948
0.08966334094293416
0.08870715601369739
0.08635704591870308
0.0909327871631831
0.08884698199108243
0.0870528370141983
0.08907553693279624
0.09100978099741042
0.09015971003100276
