0.17144060134887695
0.09664154052734375
0.09798192977905273
0.09788775444030762
0.09175586700439453
0.10135054588317871
0.09950065612792969
0.10188412666320801
0.0931546688079834
0.09698367118835449
0.0951533317565918
0.09365034103393555
0.10677099227905273
0.09676527976989746
0.09440422058105469
0.09875178337097168
0.09200572967529297
0.09765100479125977
0.10078239440917969
0.09103560447692871
0.09656977653503418
0.0937662124633789
0.09471440315246582
0.09150218963623047
0.09749937057495117
0.11786746978759766
0.09339594841003418
0.09765172004699707
0.09243917465209961
0.09493827819824219
0.09659242630004883
0.09674620628356934
0.12263321876525879
0.09398388862609863
0.0950326919555664
0.09736371040344238
0.0917973518371582
0.10966944694519043
0.10104656219482422
0.09632110595703125
0.09505963325500488
0.09460854530334473
0.09835553169250488
0.10157227516174316
0.1008305549621582
0.0907137393951416
0.09667491912841797
0.09320282936096191
0.0973825454711914
0.0963292121887207
