0.10577594698406756
0.0917464301455766
0.08633495308458805
0.08864974998869002
0.09544879198074341
0.10415816912427545
0.08880288200452924
0.08945035189390182
0.08662548800930381
0.09220272512175143
0.09107124898582697
0.08977846498601139
0.08966547506861389
0.099214127054438
0.0878557930700481
0.08798158215358853
0.09992419998161495
0.08942356216721237
0.09324468486011028
0.09307801513932645
0.09099657507613301
0.08805710193701088
0.09066347405314445
0.08666206197813153
0.09579837811179459
0.09603267908096313
0.09415273903869092
0.08937993505969644
0.08874435489997268
0.09049807791598141
0.09541849605739117
0.08615425205789506
0.09056011913344264
0.08785450807772577
0.08969546295702457
0.08925392501987517
0.08676741598173976
0.09437830816023052
0.08636017795652151
0.08811019104905427
0.08569882996380329
0.08733362494967878
0.08901794091798365
0.08927559806033969
0.08840941218659282
0.09833033010363579
0.08709100494161248
0.08892676397226751
0.09385186992585659
0.08686937391757965
