0.690993070602417
0.10848426818847656
0.09229063987731934
0.1389780044555664
0.09190773963928223
0.0985724925994873
0.09675884246826172
0.09570980072021484
0.10033893585205078
0.10393500328063965
0.09374237060546875
0.09850502014160156
0.10942864418029785
0.09260392189025879
0.09357547760009766
0.09601211547851562
0.09924769401550293
0.09490251541137695
0.1129758358001709
0.09467720985412598
0.10412263870239258
0.09407925605773926
0.0973963737487793
0.09687495231628418
0.09409785270690918
0.09409379959106445
0.09699177742004395
0.09972834587097168
0.09765791893005371
0.1095890998840332
0.10080909729003906
0.10535264015197754
0.10048675537109375
0.10041594505310059
0.10183191299438477
0.1063849925994873
0.09545254707336426
0.11802196502685547
0.09583258628845215
0.12685012817382812
0.09734058380126953
0.10564279556274414
0.10273265838623047
0.09286379814147949
0.09308886528015137
0.09155440330505371
0.08971047401428223
0.09102416038513184
0.09206581115722656
0.09215807914733887
