0.16871309280395508
0.09882473945617676
0.10151386260986328
0.0922398567199707
0.09000945091247559
0.08787798881530762
0.0957939624786377
0.0879373550415039
0.09450888633728027
0.09122371673583984
0.09977149963378906
0.0980522632598877
0.09265804290771484
0.08923482894897461
0.09383440017700195
0.08966732025146484
0.0895528793334961
0.09289145469665527
0.09005069732666016
0.09244012832641602
0.09243345260620117
0.09193778038024902
0.09506750106811523
0.09564661979675293
0.09077882766723633
0.10483598709106445
0.09477758407592773
0.0913698673248291
0.09403133392333984
0.09777402877807617
0.09931278228759766
0.08808255195617676
0.09350967407226562
0.09097671508789062
0.0923912525177002
0.10639166831970215
0.0962376594543457
0.0909733772277832
0.09096503257751465
0.0948190689086914
0.0899817943572998
0.08890485763549805
0.0899350643157959
0.09216523170471191
0.09072375297546387
0.08807826042175293
0.0962982177734375
0.08875608444213867
0.10104990005493164
0.0894005298614502
