0.32110118865966797
0.10471916198730469
0.09037923812866211
0.09525847434997559
0.09168863296508789
0.09114885330200195
0.09143233299255371
0.08933734893798828
0.0928044319152832
0.09099292755126953
0.08906149864196777
0.08827710151672363
0.09271740913391113
0.09671211242675781
0.09708499908447266
0.10178303718566895
0.09402060508728027
0.09160947799682617
0.08855938911437988
0.09287619590759277
0.09763789176940918
0.09101104736328125
0.09422945976257324
0.09654688835144043
0.09293198585510254
0.09281539916992188
0.09195423126220703
0.09178638458251953
0.09112763404846191
0.08817458152770996
0.09053182601928711
0.09981131553649902
0.09210920333862305
0.09886455535888672
0.09686708450317383
0.09539604187011719
0.09094953536987305
0.0966181755065918
0.08985328674316406
0.09633827209472656
0.0940852165222168
0.09880185127258301
0.09100914001464844
0.09230613708496094
0.0944056510925293
0.09412550926208496
0.09385919570922852
0.09105539321899414
0.09145832061767578
0.09292387962341309
