0.10432265815325081
0.10388323315419257
0.10590178286656737
0.08604136412031949
0.0878867560531944
0.08697624388150871
0.08515064907260239
0.08843516698107123
0.09215783886611462
0.08668222697451711
0.0870529490057379
0.0898399380967021
0.08841313398443162
0.09208286390639842
0.08744941302575171
0.08757566893473268
0.08965851692482829
0.08642939105629921
0.08880358282476664
0.09184680483303964
0.08729718206450343
0.08820135495625436
0.09235653118230402
0.08883187989704311
0.09110298985615373
0.0873790760524571
0.09199705300852656
0.08856923691928387
0.0912547130137682
0.09133778605610132
0.08409451995976269
0.09269509604200721
0.09427380794659257
0.08781847194768488
0.08974224282428622
0.09006441687233746
0.08761248085647821
0.08906957902945578
0.0875032190233469
0.08579595410265028
0.08700881898403168
0.08519552391953766
0.08669720683246851
0.08808444300666451
0.08506631595082581
0.08729611500166357
0.08922060113400221
0.09044650383293629
0.0855199049692601
0.08673208602704108
