0.23000264167785645
0.10308432579040527
0.1060798168182373
0.10445976257324219
0.09580564498901367
0.0905001163482666
0.09201502799987793
0.0934600830078125
0.09733033180236816
0.09296226501464844
0.14850568771362305
0.09332108497619629
0.11115360260009766
0.10177803039550781
0.09548115730285645
0.10993695259094238
0.10014128684997559
0.09690022468566895
0.09288954734802246
0.10985016822814941
0.09287452697753906
0.09177565574645996
0.09744000434875488
0.10934185981750488
0.09572553634643555
0.09155464172363281
0.09836363792419434
0.09280037879943848
0.09478616714477539
0.09361529350280762
0.09411764144897461
0.09757518768310547
0.10024452209472656
0.09233713150024414
0.10068225860595703
0.0899362564086914
0.0945897102355957
0.1511225700378418
0.0941014289855957
0.0954749584197998
0.09619450569152832
0.11471867561340332
0.09237408638000488
0.09677529335021973
0.09896540641784668
0.09656643867492676
0.09296679496765137
0.10539078712463379
0.09564590454101562
0.09410929679870605
