0.5722758769989014
0.09145236015319824
0.1011953353881836
0.0985560417175293
0.1036996841430664
0.09713912010192871
0.08753085136413574
0.0917825698852539
0.09976768493652344
0.08753848075866699
0.09273481369018555
0.10373711585998535
0.09991240501403809
0.08842110633850098
0.09083795547485352
0.10127663612365723
0.09034037590026855
0.09359502792358398
0.08734560012817383
0.08867597579956055
0.09398245811462402
0.10022974014282227
0.1027517318725586
0.0970306396484375
0.08789443969726562
0.08971261978149414
0.08827900886535645
0.10637187957763672
0.08817076683044434
0.08668923377990723
0.11040687561035156
0.08782219886779785
0.09041213989257812
0.08867692947387695
0.10913872718811035
0.09014034271240234
0.09035301208496094
0.09718823432922363
0.09127521514892578
0.09041428565979004
0.09091591835021973
0.09396648406982422
0.0930323600769043
0.09159564971923828
0.10029745101928711
0.09434080123901367
0.09041595458984375
0.09148001670837402
0.0880289077758789
0.09239435195922852
