0.12795352935791016
0.09488439559936523
0.1063528060913086
0.09424328804016113
0.09574270248413086
0.10353231430053711
0.09833097457885742
0.098602294921875
0.10215163230895996
0.1124427318572998
0.09295153617858887
0.09764862060546875
0.09663820266723633
0.09268856048583984
0.0951528549194336
0.10361814498901367
0.09604811668395996
0.09564352035522461
0.10940814018249512
0.0936288833618164
0.09228301048278809
0.09975504875183105
0.09546637535095215
0.09418249130249023
0.0987086296081543
0.10010719299316406
0.09816694259643555
0.10493898391723633
0.09478235244750977
0.09751582145690918
0.09898495674133301
0.10059690475463867
0.09922122955322266
0.2248544692993164
0.10550475120544434
0.09812307357788086
0.09699463844299316
0.10301828384399414
0.15579795837402344
0.10323524475097656
0.09346318244934082
0.09692025184631348
0.09697794914245605
0.09675216674804688
0.09446024894714355
0.09189891815185547
0.09064269065856934
0.09174895286560059
0.09476804733276367
0.09854674339294434
