0.17136693000793457
0.10355067253112793
0.09934377670288086
0.09323692321777344
0.09308552742004395
0.09711098670959473
0.09860706329345703
0.09196233749389648
0.10492563247680664
0.0946505069732666
0.0935964584350586
0.09235858917236328
0.08862996101379395
0.10920405387878418
0.09211874008178711
0.09343457221984863
0.09554934501647949
0.09412050247192383
0.09504985809326172
0.10273385047912598
0.09453129768371582
0.09689545631408691
0.09241676330566406
0.09681558609008789
0.10134029388427734
0.09971189498901367
0.09613943099975586
0.09482860565185547
0.09327101707458496
0.09952402114868164
0.09161067008972168
0.09301948547363281
0.09418869018554688
0.09244322776794434
0.09280514717102051
0.09925580024719238
0.09686827659606934
0.09151244163513184
0.09108281135559082
0.11671996116638184
0.09529352188110352
0.09057903289794922
0.09678316116333008
0.09645986557006836
0.09425497055053711
0.09522604942321777
0.09482622146606445
0.09038543701171875
0.09513306617736816
0.09391379356384277
