0.10083723068237305
0.08720636367797852
0.09055328369140625
0.09282875061035156
0.08508872985839844
0.08829045295715332
0.08797979354858398
0.08714485168457031
0.09131431579589844
0.09166288375854492
0.09291911125183105
0.09917473793029785
0.10673713684082031
0.10139942169189453
0.08966231346130371
0.08716487884521484
0.09695100784301758
0.09232568740844727
0.08994197845458984
0.09411358833312988
0.0897064208984375
0.09092569351196289
0.08545041084289551
0.09308981895446777
0.08861923217773438
0.09070968627929688
0.08697390556335449
0.0861818790435791
0.09152626991271973
0.08823704719543457
0.08852458000183105
0.08777451515197754
0.08757376670837402
0.08954930305480957
0.09283971786499023
0.08678150177001953
0.09098291397094727
0.0888068675994873
0.08784747123718262
0.09386467933654785
0.08521652221679688
0.09067034721374512
0.09315609931945801
0.08779406547546387
0.08997392654418945
0.08826732635498047
0.08955979347229004
0.0902104377746582
0.08603024482727051
0.08926796913146973
