1.0876133441925049
0.09114456176757812
0.09734749794006348
0.09299087524414062
0.10083603858947754
0.09217190742492676
0.09255409240722656
0.09621953964233398
0.09462738037109375
0.09126710891723633
0.10051751136779785
0.09889745712280273
0.0945596694946289
0.0902411937713623
0.09966135025024414
0.09627008438110352
0.10170698165893555
0.10408139228820801
0.09370803833007812
0.09174275398254395
0.09510254859924316
0.09411835670471191
0.4108438491821289
0.5806663036346436
0.09615945816040039
0.09760737419128418
0.0934600830078125
0.0967397689819336
0.10173678398132324
0.09364080429077148
0.09647989273071289
0.12604832649230957
0.10062241554260254
0.09284043312072754
0.09880828857421875
0.09885525703430176
0.09751749038696289
0.09393095970153809
0.10860991477966309
0.0933084487915039
0.10781455039978027
0.15071892738342285
0.10274767875671387
0.1098489761352539
1.09413743019104
1.0861999988555908
1.0884943008422852
1.0926449298858643
1.0871973037719727
1.088305950164795
