0.19458794593811035
0.09471678733825684
0.11677241325378418
0.10180163383483887
0.09442949295043945
0.09260225296020508
0.10190844535827637
0.0924217700958252
0.10893464088439941
0.10384511947631836
0.09792375564575195
0.09220528602600098
0.09821915626525879
0.09763741493225098
0.09969520568847656
0.10090351104736328
0.1060953140258789
0.0912172794342041
0.11381006240844727
0.0926978588104248
0.0947866439819336
0.09756755828857422
0.09383678436279297
0.1015622615814209
0.10146784782409668
0.09330272674560547
0.10092353820800781
0.09526705741882324
0.09077811241149902
0.09213471412658691
0.09188532829284668
0.09328675270080566
0.10002279281616211
0.09782862663269043
0.10942864418029785
0.10962796211242676
0.09730100631713867
0.11333346366882324
0.10046052932739258
0.09166336059570312
0.0936880111694336
0.1000814437866211
0.09492969512939453
0.0960235595703125
0.14352798461914062
0.09369730949401855
0.09912228584289551
0.09747862815856934
0.09516191482543945
0.09553718566894531
