0.09752092882990837
0.0876281438395381
0.11023637000471354
0.08769439207389951
0.08606732985936105
0.09512361790984869
0.09345310600474477
0.08438956504687667
0.08483281615190208
0.09157324093393981
0.08609736687503755
0.08514595893211663
0.0967486088629812
0.0893391219433397
0.08667645091190934
0.09078341582790017
0.0958384801633656
0.08938715793192387
0.0898737518582493
0.08557033189572394
0.08906673896126449
0.0909365750849247
0.08730934816412628
0.08886061911471188
0.08733975002542138
0.08840403193607926
0.09578164992853999
0.08458627900108695
0.09671936999075115
0.09426967077888548
0.08781423303298652
0.0873572810087353
0.0844836919568479
0.09047446283511817
0.08951817406341434
0.09023391082882881
0.08585294405929744
0.09592807199805975
0.09410852193832397
0.09057505219243467
0.09266318986192346
0.08744297293014824
0.08891333802603185
0.08856657985597849
0.08669438096694648
0.09212582092732191
0.08698616991750896
0.08494985289871693
0.08938140096142888
0.08832625881768763
