0.6647071838378906
0.09282040596008301
0.0948798656463623
0.09012007713317871
0.09142684936523438
0.09197735786437988
0.09391617774963379
0.09633946418762207
0.09441804885864258
0.0979156494140625
0.09275460243225098
0.0962679386138916
0.09642314910888672
0.09163546562194824
0.09613800048828125
0.09229111671447754
0.09489631652832031
0.09268569946289062
0.0942845344543457
0.09619402885437012
0.09567093849182129
0.09698176383972168
0.09581780433654785
0.09937357902526855
0.09551239013671875
0.09140133857727051
0.0999598503112793
0.1067507266998291
0.09166574478149414
0.09392404556274414
0.09478998184204102
0.131788969039917
0.09633398056030273
0.09569478034973145
0.09277749061584473
0.09224486351013184
0.09595751762390137
0.10159826278686523
0.09528517723083496
0.09473633766174316
0.09204339981079102
0.09377050399780273
0.09165334701538086
0.09733366966247559
0.10977673530578613
0.10247159004211426
0.09361696243286133
0.10441136360168457
0.09754061698913574
0.09747552871704102
