0.10298274806700647
0.08691132511012256
0.08726932504214346
0.08471086202189326
0.08618933707475662
0.0893249858636409
0.0973247098736465
0.08488051290623844
0.10318801598623395
0.10181998717598617
0.08887153095565736
0.08649737411178648
0.08754130685701966
0.09009367390535772
0.08740319195203483
0.0851031478960067
0.08585146511904895
0.08740195096470416
0.09350527683272958
0.09238981711678207
0.08704014611430466
0.08682586997747421
0.09257962089031935
0.0954098030924797
0.08570020296610892
0.08840223914012313
0.09277543821372092
0.0931645380333066
0.08756748493760824
0.08444900088943541
0.08835671585984528
0.08651729580014944
0.0892464928328991
0.08801070810295641
0.09517243690788746
0.08613049914129078
0.09024510602466762
0.08958812383934855
0.08565978705883026
0.08839013800024986
0.09077891102060676
0.08402695506811142
0.08652300899848342
0.08847521897405386
0.0919855220708996
0.08726889500394464
0.08642292488366365
0.08969701989553869
0.08641207008622587
0.08519703801721334
