0.48073244094848633
0.09431242942810059
0.09398412704467773
0.0934755802154541
0.09526634216308594
0.10150742530822754
0.10249042510986328
0.0943613052368164
0.09670567512512207
0.10374259948730469
0.1263277530670166
0.09089851379394531
0.10692071914672852
0.11464667320251465
0.09044075012207031
0.10709071159362793
0.10837984085083008
0.09524321556091309
0.1285865306854248
0.10126996040344238
0.10187149047851562
0.11180734634399414
0.10597729682922363
0.10008907318115234
0.10201787948608398
0.10395264625549316
0.09653902053833008
0.11792540550231934
0.09479045867919922
0.09159517288208008
0.1039590835571289
0.11730146408081055
0.09519171714782715
0.09641861915588379
0.0964968204498291
0.09874105453491211
0.09731650352478027
0.09484577178955078
0.09444284439086914
0.12443733215332031
0.1063230037689209
0.11181998252868652
0.09199762344360352
0.09755134582519531
0.13912391662597656
0.09243321418762207
0.11348152160644531
0.09083771705627441
0.09734249114990234
0.09490227699279785
