0.35476088523864746
0.09559082984924316
0.09321117401123047
0.09490489959716797
0.09657096862792969
0.09508633613586426
0.09272623062133789
0.09105634689331055
0.09236311912536621
0.09685802459716797
0.09831881523132324
0.09245967864990234
0.09204840660095215
0.11274027824401855
0.10008955001831055
0.09434390068054199
0.09246015548706055
0.10025477409362793
0.09491968154907227
0.09463953971862793
0.10401082038879395
0.09162187576293945
0.09123730659484863
0.0942530632019043
0.09271025657653809
0.09791350364685059
0.0932772159576416
0.09792733192443848
0.0928187370300293
0.09528851509094238
0.09730386734008789
0.10086917877197266
0.0944206714630127
0.09300398826599121
0.0957794189453125
0.09747886657714844
0.09404730796813965
0.10497879981994629
0.0978994369506836
0.09357476234436035
0.09293341636657715
0.09576702117919922
0.1021876335144043
0.09880566596984863
0.10267877578735352
0.09534263610839844
0.09444022178649902
0.09949469566345215
0.09453773498535156
0.11986994743347168
