0.5505173206329346
0.09374785423278809
0.1118018627166748
0.10852932929992676
0.10047197341918945
0.09292459487915039
0.08732342720031738
0.09187769889831543
0.08769679069519043
0.08970046043395996
0.10138916969299316
0.08750343322753906
0.09403300285339355
0.08858966827392578
0.09347033500671387
0.09345149993896484
0.08786559104919434
0.08784961700439453
0.09514594078063965
0.10239171981811523
0.08984041213989258
0.08973383903503418
0.11273074150085449
0.08921694755554199
0.10304474830627441
0.09338688850402832
0.08858299255371094
0.08826637268066406
0.09502530097961426
0.10313844680786133
0.0876920223236084
0.09102678298950195
0.08997058868408203
0.10033702850341797
0.08883166313171387
0.08940577507019043
0.09154319763183594
0.09075140953063965
0.09700512886047363
0.09066367149353027
0.09322547912597656
0.08918285369873047
0.0920109748840332
0.10359072685241699
0.08745312690734863
0.08709716796875
0.09110045433044434
0.0887746810913086
0.08983182907104492
0.08764791488647461
