0.1193413739092648
0.09587963717058301
0.09253460098989308
0.09292160090990365
0.09048898098990321
0.09001596202142537
0.0926877639722079
0.08978669880889356
0.09381068404763937
0.09206408099271357
0.08672139304690063
0.08903913083486259
0.09197125700302422
0.08963963692076504
0.08968761586584151
0.08915735501796007
0.09290577890351415
0.08968398091383278
0.08723967801779509
0.08793878997676075
0.09346140595152974
0.08961836178787053
0.0882523690816015
0.08709538704715669
0.08880132995545864
0.09103297186084092
0.09478402300737798
0.09355099406093359
0.09146869205869734
0.08776279911398888
0.08971641515381634
0.09021674608811736
0.08888740581460297
0.08679503900930285
0.0888402508571744
0.09022223297506571
0.0876424009911716
0.08973663812503219
0.08903602487407625
0.09052577801048756
0.08721932698972523
0.08977044210769236
0.09131086198613048
0.0866252239793539
0.09163826401345432
0.08846442820504308
0.08878668816760182
0.08626720611937344
0.09369683591648936
0.09049172699451447
