0.3307654857635498
0.11121368408203125
0.09617280960083008
0.10227370262145996
0.09548449516296387
0.09385037422180176
0.09514594078063965
0.09344363212585449
0.11719417572021484
0.15804147720336914
0.09631609916687012
0.09172868728637695
0.09459376335144043
0.09170031547546387
0.0967550277709961
0.09126424789428711
0.1099691390991211
0.10442900657653809
0.0937967300415039
0.1028599739074707
0.10342764854431152
0.10355591773986816
0.09879708290100098
0.0985872745513916
0.09321331977844238
0.09073710441589355
0.09603548049926758
0.09516596794128418
0.09674954414367676
0.10851788520812988
0.10157346725463867
0.1173851490020752
0.09579253196716309
0.09107685089111328
0.09930038452148438
0.09490442276000977
0.09076046943664551
0.10191488265991211
0.1130821704864502
0.09502506256103516
0.13209056854248047
0.11998534202575684
0.1372537612915039
0.10235238075256348
0.11316919326782227
0.09892725944519043
0.0928499698638916
0.09887838363647461
0.09315681457519531
0.1136629581451416
