0.3143742084503174
0.09061217308044434
0.09310007095336914
0.0946202278137207
0.10148477554321289
0.10344481468200684
0.0924386978149414
0.09520721435546875
0.09209060668945312
0.09316611289978027
0.0975186824798584
0.08987045288085938
0.09578227996826172
0.09050393104553223
0.09670019149780273
0.08997511863708496
0.09416890144348145
0.09083962440490723
0.09299731254577637
0.0982966423034668
0.09232902526855469
0.09110689163208008
0.09603667259216309
0.10103178024291992
0.09084510803222656
0.09282326698303223
0.09247374534606934
0.0954904556274414
0.09424901008605957
0.09149813652038574
0.09837746620178223
0.08928799629211426
0.09105730056762695
0.09098505973815918
0.09424614906311035
0.0996084213256836
0.09697556495666504
0.09307456016540527
0.09592366218566895
0.09847140312194824
0.09258913993835449
0.0929574966430664
0.0911562442779541
0.09231257438659668
0.09524750709533691
0.09128069877624512
0.09367012977600098
0.09137272834777832
0.09496092796325684
0.09451770782470703
