0.5970642566680908
0.09957695007324219
0.0888214111328125
0.09431791305541992
0.09319949150085449
0.09229779243469238
0.09108924865722656
0.09070134162902832
0.09415411949157715
0.08901596069335938
0.10019207000732422
0.09761619567871094
0.09333443641662598
0.0932004451751709
0.10827445983886719
0.10118389129638672
0.10545182228088379
0.10075616836547852
0.08992552757263184
0.1181032657623291
0.09320068359375
0.09221553802490234
0.0912773609161377
0.10015177726745605
0.09708166122436523
0.09095048904418945
0.08995413780212402
0.1096963882446289
0.0989224910736084
0.0909280776977539
0.09264779090881348
0.0899970531463623
0.09189295768737793
0.09114789962768555
0.0978543758392334
0.1093587875366211
0.09389567375183105
0.09301543235778809
0.09769177436828613
0.10518240928649902
0.08947968482971191
0.09139180183410645
0.10153055191040039
0.10732626914978027
0.09171628952026367
0.09595513343811035
0.09186029434204102
0.09129190444946289
0.08852791786193848
0.0919945240020752
