0.3389914035797119
0.09159255027770996
0.0924379825592041
0.09087610244750977
0.09432053565979004
0.0891122817993164
0.10078620910644531
0.09794497489929199
0.09425115585327148
0.0956265926361084
0.09709596633911133
0.09200501441955566
0.09253978729248047
0.09798264503479004
0.09284377098083496
0.09202313423156738
0.08869528770446777
0.09191083908081055
0.09178638458251953
0.0970149040222168
0.08879590034484863
0.10500979423522949
0.09168577194213867
0.09229087829589844
0.09333515167236328
0.09219479560852051
0.09006714820861816
0.1010892391204834
0.09486699104309082
0.09404206275939941
0.09091019630432129
0.10300397872924805
0.09064221382141113
0.10615801811218262
0.09821414947509766
0.08864879608154297
0.09851717948913574
0.09244084358215332
0.09215283393859863
0.09541893005371094
0.09161067008972168
0.09110474586486816
0.10184335708618164
0.0903773307800293
0.1120600700378418
0.09234023094177246
0.08966922760009766
0.09869909286499023
0.09620332717895508
0.09642267227172852
