0.09782263892702758
0.09341933811083436
0.09281179192475975
0.08969316282309592
0.08963859407231212
0.09620036790147424
0.09505378012545407
0.09045827900990844
0.08673235517926514
0.08890020893886685
0.09071467397734523
0.0892526360694319
0.09532135794870555
0.0900777829810977
0.09170700097456574
0.09039915795437992
0.08885782118886709
0.0954650801140815
0.08911155397072434
0.09120632102712989
0.09143374511040747
0.09081671200692654
0.09328286210075021
0.08835042407736182
0.09030847088433802
0.09145431593060493
0.09356472594663501
0.09175378107465804
0.08777296706102788
0.09125689300708473
0.0949333889875561
0.09516170085407794
0.08744116709567606
0.08918493008241057
0.08999843802303076
0.0889082639478147
0.08820556802675128
0.09323864220641553
0.09046275285072625
0.0882723699323833
0.08758792583830655
0.08832378592342138
0.08923464803956449
0.08778573502786458
0.08811718295328319
0.0893530419562012
0.08833384700119495
0.08833578880876303
0.0923115168698132
0.08929375698789954
