0.09577600890770555
0.09048841916956007
0.0905098500661552
0.09620596910826862
0.0887301410548389
0.08593811700120568
0.0872665059287101
0.08502340107224882
0.09086619783192873
0.08742144308052957
0.09267915785312653
0.08881057915277779
0.08718027709983289
0.0855893271509558
0.09339436702430248
0.09324728394858539
0.09037603810429573
0.08918179315514863
0.08862770907580853
0.09192755399271846
0.08685497404076159
0.09068032004870474
0.09366850601509213
0.08988734590820968
0.08633736800402403
0.10261512896977365
0.10266165900975466
0.09868761990219355
0.08998001390136778
0.08753954013809562
0.09065273590385914
0.08877954096533358
0.08545020595192909
0.08449579798616469
0.08824256691150367
0.09072600002400577
0.0892884791828692
0.0915831308811903
0.08955890987999737
0.08813529484905303
0.09228755510412157
0.08626574208028615
0.09342313790693879
0.08856649184599519
0.08992949780076742
0.08708645589649677
0.08584005804732442
0.08972755214199424
0.08858451899141073
0.08620663010515273
