0.4014286994934082
0.09235858917236328
0.09566450119018555
0.08900880813598633
0.09535908699035645
0.09937262535095215
0.08856534957885742
0.09370160102844238
0.09034848213195801
0.10537958145141602
0.09338593482971191
0.15934133529663086
0.09652900695800781
0.09916305541992188
0.09885001182556152
0.10149455070495605
0.08988404273986816
0.10840010643005371
0.09516358375549316
0.09752655029296875
0.09690380096435547
0.08948016166687012
0.10816550254821777
0.11154890060424805
0.0991525650024414
0.09228014945983887
0.08905196189880371
0.10758590698242188
0.09159111976623535
0.09438800811767578
0.13431501388549805
0.09635543823242188
0.08901309967041016
0.0976405143737793
0.09436750411987305
0.09270524978637695
0.09245491027832031
0.09622788429260254
0.10825943946838379
0.10913419723510742
0.09207391738891602
0.09010624885559082
0.09201955795288086
0.09058189392089844
0.09454822540283203
0.1017160415649414
0.08922648429870605
0.1007387638092041
0.1123807430267334
0.08930373191833496
