0.3080289363861084
0.09122467041015625
0.10417366027832031
0.0930182933807373
0.0931239128112793
0.09740662574768066
0.10607576370239258
0.09860372543334961
0.09126901626586914
0.0881950855255127
0.08698201179504395
0.09734845161437988
0.0906517505645752
0.0916600227355957
0.09065365791320801
0.08923602104187012
0.11152076721191406
0.08832621574401855
0.08759832382202148
0.09392857551574707
0.08834457397460938
0.08867239952087402
0.09593820571899414
0.10002779960632324
0.09637951850891113
0.09899425506591797
0.08908390998840332
0.08962130546569824
0.09839057922363281
0.09347319602966309
0.09105968475341797
0.0959477424621582
0.0888526439666748
0.09357070922851562
0.09088754653930664
0.09297513961791992
0.08749508857727051
0.09254121780395508
0.09369325637817383
0.09323549270629883
0.09243988990783691
0.09284591674804688
0.10628557205200195
0.09105634689331055
0.08988404273986816
0.09154248237609863
0.09519577026367188
0.08939290046691895
0.08825325965881348
0.0924220085144043
