0.12316034501418471
0.08878349396400154
0.08859437401406467
0.08736301492899656
0.08534180605784059
0.09365592384710908
0.0866808199789375
0.09707607189193368
0.09120702906511724
0.08939228882081807
0.09386487794108689
0.08823230885900557
0.09022806701250374
0.09440382802858949
0.08537163492292166
0.08895916002802551
0.08589142700657248
0.08740507392212749
0.09078356600366533
0.09137720917351544
0.08503378997556865
0.08782058814540505
0.09019229980185628
0.09234370803460479
0.09388770489022136
0.10384726198390126
0.09884649910964072
0.0996110790874809
0.08782204799354076
0.08810496306978166
0.08875175705179572
0.08777450514025986
0.0862716471310705
0.08797715418040752
0.1135689988732338
0.09101047995500267
0.0852205129340291
0.08498008106835186
0.09202397405169904
0.08723887195810676
0.08493367000482976
0.09095108113251626
0.08684288687072694
0.08693874790333211
0.09140515001490712
0.09564547287300229
0.08845343790017068
0.0917675239033997
0.08873069798573852
0.08648004196584225
