0.02666989481076598
0.02463156497105956
0.03387273009866476
0.02368333307094872
0.024501594016328454
0.023427529027685523
0.025664840824902058
0.02364214789122343
0.024201092775911093
0.02908663102425635
0.024695449974387884
0.0251086859498173
0.022557395044714212
0.027560537913814187
0.025837147142738104
0.024616094073280692
0.02425241912715137
0.02426696289330721
0.027059199986979365
0.027993168914690614
0.027056738967075944
0.025641071144491434
0.02366327098570764
0.024489446077495813
0.025074224919080734
0.024991502985358238
0.02296658605337143
0.02685295999981463
0.028331253910437226
0.024165357928723097
0.025165655184537172
0.023418086115270853
0.023530915146693587
0.027470757951959968
0.024797061923891306
0.02241347311064601
0.0235230908729136
0.023520992137491703
0.024148799013346434
0.024514316115528345
0.024212214862927794
0.027040255023166537
0.026031428948044777
0.024586891988292336
0.02475312096066773
0.023904290981590748
0.026200369000434875
0.025694017997011542
0.026462170062586665
0.0243163350969553
