0.1896531581878662
0.08800601959228516
0.038994550704956055
0.031218290328979492
0.034223318099975586
0.02978205680847168
0.03285098075866699
0.04400992393493652
0.03235030174255371
0.034902334213256836
0.029302597045898438
0.0332789421081543
0.03699660301208496
0.035390377044677734
0.04064226150512695
0.03565168380737305
0.05805683135986328
0.03306436538696289
0.04305267333984375
0.050479888916015625
0.0339665412902832
0.03567171096801758
0.03958916664123535
0.030272960662841797
0.041863441467285156
0.03332710266113281
0.038633108139038086
0.031316518783569336
0.028568506240844727
0.0324704647064209
0.07011890411376953
0.03328132629394531
0.0406031608581543
0.03987884521484375
0.04755973815917969
0.05340695381164551
0.03418779373168945
0.03524279594421387
0.04485177993774414
0.03702807426452637
0.04141569137573242
0.04147076606750488
0.034265995025634766
0.03002476692199707
0.030588150024414062
0.03994488716125488
0.05277395248413086
0.03087139129638672
0.03563737869262695
0.031900644302368164
