0.032028837129473686
0.02948389807716012
0.027960486942902207
0.025441317120566964
0.02379021281376481
0.024248715955764055
0.023589108139276505
0.02582490909844637
0.025087614078074694
0.02444358100183308
0.02594308299012482
0.024801415158435702
0.02397892903536558
0.025958792073652148
0.028945800848305225
0.030468015000224113
0.031028132187202573
0.023103407118469477
0.025271561928093433
0.02729171491228044
0.026737784035503864
0.024249803042039275
0.031312105944380164
0.027357205981388688
0.02552366303279996
0.02650908101350069
0.02577639790251851
0.027961720945313573
0.026250352151691914
0.02663111686706543
0.026209237053990364
0.025797813897952437
0.023939827922731638
0.02878292603418231
0.026338655967265368
0.024698978988453746
0.02459510788321495
0.027705284068360925
0.026297719916328788
0.028840247076004744
0.029178458964452147
0.025793253909796476
0.02592015382833779
0.02541738306172192
0.026538609992712736
0.02695473493076861
0.026117437053471804
0.026653458829969168
0.02365819294936955
0.024884303100407124
