0.4163649082183838
0.034111976623535156
0.09765291213989258
0.09165549278259277
0.03708338737487793
0.07024669647216797
0.05717110633850098
0.07511591911315918
0.06498599052429199
0.035414695739746094
0.12452006340026855
0.1028892993927002
0.040842533111572266
0.04831361770629883
0.12509965896606445
0.07299351692199707
0.276613712310791
0.16150116920471191
0.1127016544342041
0.06204819679260254
0.10337519645690918
0.21826553344726562
0.14211654663085938
0.0530092716217041
0.15184307098388672
0.05675625801086426
0.4858579635620117
0.0624387264251709
0.07707953453063965
0.182603120803833
0.04723548889160156
0.11389613151550293
0.16284584999084473
0.08064699172973633
0.2307753562927246
0.045734405517578125
0.09906244277954102
0.16582727432250977
0.035556793212890625
0.05813479423522949
0.18509435653686523
0.06200265884399414
0.15117096900939941
0.041825056076049805
0.23283123970031738
0.0730600357055664
0.03961753845214844
0.060134172439575195
0.05128955841064453
0.039343833923339844
