0.03796625486575067
0.027671995805576444
0.02319822902791202
0.02759135514497757
0.02423313003964722
0.025690704118460417
0.02417988097295165
0.02261525415815413
0.022708633914589882
0.023003212176263332
0.02529472205787897
0.024407826829701662
0.024653434054926038
0.029510925989598036
0.023742648074403405
0.025173031026497483
0.024235702818259597
0.02312789182178676
0.025983097963035107
0.025534317828714848
0.025348559021949768
0.028616240946576
0.03445077105425298
0.03353389981202781
0.024970117025077343
0.02332348795607686
0.024539997102692723
0.023286028997972608
0.024949047015979886
0.023165283957496285
0.025353519013151526
0.02299720817245543
0.025208381935954094
0.025732021080330014
0.0235692139249295
0.024602005956694484
0.02511274511925876
0.022724163020029664
0.02330883196555078
0.024961770977824926
0.02371332421898842
0.025753388181328773
0.02604582905769348
0.029700056882575154
0.026312735863029957
0.025250243954360485
0.025998282013460994
0.023850951110944152
0.025425327010452747
0.030012313975021243
