0.035475730895996094
0.033200740814208984
0.029655933380126953
0.02886033058166504
0.027614593505859375
0.02660346031188965
0.028079748153686523
0.02671957015991211
0.028160572052001953
0.028081893920898438
0.029587268829345703
0.027863264083862305
0.029000043869018555
0.02766251564025879
0.0346372127532959
0.03349876403808594
0.028529644012451172
0.030391693115234375
0.02819681167602539
0.03096747398376465
0.029773235321044922
0.028455495834350586
0.04186820983886719
0.03329181671142578
0.02955031394958496
0.03044581413269043
0.03160834312438965
0.0263211727142334
0.029157400131225586
0.027530670166015625
0.030470848083496094
0.02669239044189453
0.028453826904296875
0.033118486404418945
0.030870914459228516
0.02992534637451172
0.03657031059265137
0.0298459529876709
0.028570890426635742
0.026254653930664062
0.02964019775390625
0.027501821517944336
0.030755043029785156
0.03041386604309082
0.027942895889282227
0.03287100791931152
0.02943706512451172
0.028752803802490234
0.02993488311767578
0.031214475631713867
