0.06559157813899219
0.02482149889692664
0.028188129188492894
0.032917225966230035
0.02545698289759457
0.02733826986514032
0.026008198969066143
0.02537567587569356
0.024758368963375688
0.02514462685212493
0.027810403145849705
0.024825789034366608
0.025752889923751354
0.031751939095556736
0.029133708914741874
0.02360295783728361
0.028914490016177297
0.027124108048155904
0.02809850312769413
0.026102724950760603
0.02716027502901852
0.024772256147116423
0.026908931089565158
0.024492061929777265
0.02342636394314468
0.027129100868478417
0.027480329852551222
0.027451683999970555
0.030882296850904822
0.024595692055299878
0.02497196407057345
0.027259334921836853
0.02931297500617802
0.02381186606362462
0.02437535091303289
0.026481019100174308
0.024188617011532187
0.025622871005907655
0.024358107009902596
0.025856477906927466
0.024477088125422597
0.03938585100695491
0.027727843960747123
0.029404975939542055
0.023837933083996177
0.025469840969890356
0.025088388938456774
0.024390113074332476
0.02850856096483767
0.025739765027537942
