1.0332151390612125
1.0271479601506144
0.023221615003421903
1.0256584221497178
1.0251135441940278
0.2203303910791874
0.023675786098465323
0.024117110995575786
0.02306028106249869
1.023725263075903
1.0289051309227943
0.024888814892619848
0.02386969397775829
0.6543671360705048
0.02636687899939716
1.032662944169715
0.23232185491360724
0.02282008994370699
0.023009028984233737
0.023544553201645613
1.0247565859463066
1.031090792035684
0.5073695441242307
0.022940345108509064
0.023036942118778825
0.024642139906063676
0.025589525932446122
0.023774034110829234
1.0261342490557581
1.026031741173938
0.027513278182595968
0.02671888004988432
0.02607832895591855
0.02629651897586882
1.0261230659671128
1.0237959220539778
0.023600738029927015
0.022671211045235395
0.024332856060937047
0.02487924392335117
0.023015098879113793
1.0253602690063417
1.0268927400466055
0.693014218006283
0.023700269870460033
0.024415859021246433
0.024722425965592265
1.0236149348784238
1.0262603079900146
0.11776569415815175
