0.03438130603171885
0.026181172113865614
0.025103514082729816
0.02419407106935978
0.02741186087951064
0.027327782940119505
0.028152118902653456
0.024719392880797386
0.029251218074932694
0.024782145163044333
0.024694425985217094
0.02448864816688001
0.024753242963925004
0.027059610933065414
0.025054816156625748
0.029588152887299657
0.025552578968927264
0.027033899910748005
0.02363073593005538
0.025574538856744766
0.025916467187926173
0.027957173995673656
0.0240726328920573
0.027311872923746705
0.03197228419594467
0.024301127064973116
0.03624942898750305
0.03698636498302221
0.032425541896373034
0.025741478893905878
0.028864583000540733
0.02549802605062723
0.03458948293700814
0.023790029110386968
0.026258957106620073
0.025762960081920028
0.026442963164299726
0.02664204896427691
0.02730341488495469
0.03088275995105505
0.026268061017617583
0.026109438855201006
0.02499461779370904
0.02818926190957427
0.024322967045009136
0.031054021092131734
0.02446291991509497
0.02666108007542789
0.025589247001335025
0.024672101950272918
