0.037851572036743164
0.029469728469848633
0.026011228561401367
0.027537107467651367
0.03122997283935547
0.030061721801757812
0.028804302215576172
0.028314828872680664
0.027878284454345703
0.033370256423950195
0.026194334030151367
0.028423070907592773
0.028369665145874023
0.02611231803894043
0.029097318649291992
0.028589963912963867
0.03207039833068848
0.026459932327270508
0.030188798904418945
0.02771306037902832
0.02748703956604004
0.028651952743530273
0.026060819625854492
0.02601146697998047
0.029020071029663086
0.030204296112060547
0.028026342391967773
0.0258328914642334
0.026393651962280273
0.03545522689819336
0.028879404067993164
0.02659893035888672
0.02897477149963379
0.027782201766967773
0.03291034698486328
0.028784513473510742
0.025191783905029297
0.028388500213623047
0.026077985763549805
0.03357696533203125
0.026375770568847656
0.029928922653198242
0.028502702713012695
0.025136232376098633
0.028411388397216797
0.03207063674926758
0.02656412124633789
0.02623438835144043
0.03044581413269043
0.027399778366088867
