0.7997004410717636
0.6170955391135067
0.8684620440471917
0.147271258989349
0.8358314060606062
1.0210019429214299
1.0265938451047987
1.0235868350137025
0.5203101029619575
0.769536895910278
1.0241686410736293
0.11309104296378791
1.0249733289238065
0.6179742740932852
0.9093116950243711
1.026179684791714
1.026172721059993
0.16333407093770802
1.023352958029136
0.3344157391693443
0.4668780278880149
0.0245836169924587
1.0310093441512436
1.0248627560213208
1.026034106966108
1.024909872096032
0.3090555048547685
1.004115659976378
0.023849850054830313
1.0240834748838097
1.0247058072127402
0.3273558830842376
0.3242724670562893
0.3257626909762621
0.3249858368653804
1.027340549044311
0.26942044612951577
0.028001296799629927
0.024324893951416016
0.3289015730842948
0.02542531886138022
1.0222973299678415
1.023546767886728
0.1970961920451373
1.0261208519805223
0.32417272916063666
0.024138908833265305
0.32512849685736
0.3241830358747393
1.0247260199394077
