0.10535717010498047
0.048192739486694336
0.03437089920043945
0.036392927169799805
0.032816171646118164
0.030174970626831055
0.0316319465637207
0.03938722610473633
0.03740668296813965
0.0347905158996582
0.03364753723144531
0.03293442726135254
0.04698634147644043
0.030699491500854492
0.03543901443481445
0.030572891235351562
0.030056238174438477
0.049164772033691406
0.04169344902038574
0.03549456596374512
0.032306671142578125
0.034876346588134766
0.05269312858581543
0.04120516777038574
0.03778958320617676
0.03755903244018555
0.033716440200805664
0.039304256439208984
0.032266855239868164
0.04700279235839844
0.030940771102905273
0.06002187728881836
0.035378217697143555
0.0606539249420166
0.06437969207763672
0.033803701400756836
0.032592058181762695
0.03624534606933594
0.03379988670349121
0.038117170333862305
0.03373312950134277
0.04109907150268555
0.030873537063598633
0.036954402923583984
0.036407470703125
0.0347599983215332
0.03294515609741211
0.03735828399658203
0.0435643196105957
0.036429405212402344
