0.03344106674194336
0.026259660720825195
0.028605937957763672
0.031258344650268555
0.025317907333374023
0.028092145919799805
0.029304981231689453
0.030288219451904297
0.026012182235717773
0.02740311622619629
0.027561187744140625
0.027719497680664062
0.024370670318603516
0.025925397872924805
0.028954505920410156
0.032682180404663086
0.027156591415405273
0.027876615524291992
0.02713322639465332
0.025777816772460938
0.032000064849853516
0.025107860565185547
0.02669382095336914
0.028921127319335938
0.028805255889892578
0.030560731887817383
0.028826475143432617
0.02843022346496582
0.02604079246520996
0.025348663330078125
0.030791759490966797
0.0277402400970459
0.027098655700683594
0.02719855308532715
0.029331207275390625
0.032453060150146484
0.029943466186523438
0.029631853103637695
0.0283353328704834
0.027797937393188477
0.025453567504882812
0.02825188636779785
0.030185699462890625
0.03309440612792969
0.02779984474182129
0.029801368713378906
0.02964186668395996
0.02989339828491211
0.028162717819213867
0.026544570922851562
