0.03694510459899902
0.02978205680847168
0.030524492263793945
0.030025720596313477
0.0348207950592041
0.027312517166137695
0.026644468307495117
0.03299069404602051
0.028537750244140625
0.02785658836364746
0.028209447860717773
0.025124073028564453
0.02516937255859375
0.029968738555908203
0.02765965461730957
0.029518604278564453
0.031040668487548828
0.0334172248840332
0.028436660766601562
0.029636621475219727
0.026927709579467773
0.035425662994384766
0.03022027015686035
0.034542083740234375
0.026476621627807617
0.030938386917114258
0.027830839157104492
0.028503894805908203
0.03034496307373047
0.037251949310302734
0.030010461807250977
0.027889013290405273
0.02952718734741211
0.03154730796813965
0.02740478515625
0.028807401657104492
0.03049015998840332
0.028823137283325195
0.03357243537902832
0.02671504020690918
0.027991056442260742
0.02972269058227539
0.03225541114807129
0.032171010971069336
0.027940988540649414
0.02759265899658203
0.03485894203186035
0.03962349891662598
0.02588653564453125
0.028109073638916016
