1.0398881859146059
0.9597689548972994
0.02330668200738728
1.026468771044165
1.0269251230638474
0.4113799820188433
0.023370618000626564
0.02381151611916721
1.0238543988671154
1.025928117102012
0.022622321033850312
0.024223868967965245
0.023714696988463402
0.025358783081173897
0.02357853320427239
1.0285909599624574
0.6271254231687635
0.024687535129487514
0.023115759016945958
0.025432274909690022
0.025288958102464676
1.0261214971542358
1.0242472339887172
0.26353746210224926
0.02660266892053187
0.02910918020643294
0.026825850130990148
0.027813246939331293
1.0238750379066914
1.028493659105152
0.023512568091973662
0.02394518884830177
0.025356889003887773
0.028684526914730668
1.0249615851789713
1.024654608918354
0.024372834945097566
0.023326447000727057
1.0282262288965285
1.0290463948622346
0.02538267499767244
0.025086584966629744
0.024969251127913594
0.029466328909620643
0.025075382087379694
0.02252892986871302
1.0289863350335509
1.0260436721146107
0.02402472007088363
0.022853089030832052
