0.04793670307844877
0.023811313090845942
0.022645194083452225
0.025252370862290263
0.022862524027004838
0.025222923140972853
0.024354560999199748
0.025729074142873287
0.023901993175968528
0.02661433699540794
0.023535627173259854
0.024194679921492934
0.025327419862151146
0.024193810066208243
0.025177071103826165
0.022136634914204478
0.02517511509358883
0.022732506040483713
0.025129802990704775
0.0415105780120939
0.024884778074920177
0.02438380103558302
0.02285988093353808
0.024209725204855204
0.025753873866051435
0.025332379154860973
0.02552094287239015
0.023949768859893084
0.02601829101331532
0.023972328985109925
0.030096265021711588
0.02316964603960514
0.0259924849960953
0.02442106604576111
0.024126038886606693
0.027142626931890845
0.024206486996263266
0.02545895497314632
0.023077826015651226
0.025321417953819036
0.023580481996759772
0.025469697080552578
0.02294823806732893
0.023448094027116895
0.026457841973751783
0.0234220779966563
0.024201407097280025
0.026776877930387855
0.025408072862774134
0.025227827951312065
