0.06153277191333473
0.024467370938509703
0.027305016992613673
0.026997796958312392
0.025474874069914222
0.024945318000391126
0.040571392979472876
0.024446957977488637
0.02482952713035047
0.027188993990421295
0.025290453108027577
0.024592526955530047
0.025980715174227953
0.025952856987714767
0.027608310105279088
0.03006385895423591
0.03255705605261028
0.02515648794360459
0.025153481867164373
0.027900404995307326
0.027406319975852966
0.026337636867538095
0.02951438119634986
0.025463652098551393
0.026464453898370266
0.0310782459564507
0.02699440298601985
0.02557805087417364
0.02511187200434506
0.02526385593228042
0.025466460036113858
0.02511102892458439
0.026583708822727203
0.02798669203184545
0.02700463286601007
0.028217255137860775
0.024029612075537443
0.025125096086412668
0.02934611914679408
0.02745350287295878
0.024363494012504816
0.024852670961990952
0.02425623405724764
0.025078958831727505
0.02563784783706069
0.0257954359985888
0.025757460854947567
0.024531159084290266
0.03647197596728802
0.02910127700306475
