0.03164172172546387
0.027733564376831055
0.03362298011779785
0.02639293670654297
0.029129505157470703
0.03144192695617676
0.027383804321289062
0.027263641357421875
0.029184341430664062
0.028246641159057617
0.03269624710083008
0.030385732650756836
0.029807090759277344
0.02674078941345215
0.028560161590576172
0.0349271297454834
0.030585050582885742
0.02794504165649414
0.028810501098632812
0.029313087463378906
0.02722907066345215
0.029608964920043945
0.028825759887695312
0.03178906440734863
0.03104686737060547
0.03406167030334473
0.031019210815429688
0.03802061080932617
0.028638124465942383
0.02697610855102539
0.035440683364868164
0.02945995330810547
0.026257038116455078
0.03216695785522461
0.031196117401123047
0.029341936111450195
0.03603005409240723
0.027135848999023438
0.029388904571533203
0.036966562271118164
0.031096458435058594
0.027843236923217773
0.02864813804626465
0.03170442581176758
0.027687788009643555
0.041481733322143555
0.03307700157165527
0.0287020206451416
0.03076910972595215
0.03581523895263672
