0.03579998016357422
0.02789926528930664
0.02757406234741211
0.028026819229125977
0.0310213565826416
0.027165889739990234
0.030838727951049805
0.02895951271057129
0.030080556869506836
0.02812957763671875
0.031341552734375
0.03205275535583496
0.031012296676635742
0.027289867401123047
0.027756690979003906
0.0280606746673584
0.026961565017700195
0.034223318099975586
0.030879735946655273
0.028218746185302734
0.028497695922851562
0.032460689544677734
0.02804112434387207
0.026923418045043945
0.02761077880859375
0.026886463165283203
0.02892279624938965
0.028989076614379883
0.030695438385009766
0.03154182434082031
0.03267955780029297
0.030202627182006836
0.034050941467285156
0.02962636947631836
0.03065967559814453
0.0281374454498291
0.027147531509399414
0.029349327087402344
0.02792978286743164
0.028784990310668945
0.025742292404174805
0.027963638305664062
0.031021595001220703
0.02983379364013672
0.029849767684936523
0.030442237854003906
0.030097246170043945
0.025905132293701172
0.030480146408081055
0.026285409927368164
