1.0267996788024902
1.0262517929077148
1.0284233093261719
1.0245928764343262
1.022449016571045
1.0339152812957764
1.023198127746582
1.0228548049926758
1.027284860610962
1.0259926319122314
1.0251133441925049
1.0247044563293457
1.0292487144470215
1.0311779975891113
1.0241246223449707
1.0276298522949219
1.0258564949035645
1.0376996994018555
1.028796911239624
1.0239803791046143
1.028676986694336
1.0312347412109375
1.0242106914520264
1.0240905284881592
1.0282199382781982
1.0250377655029297
1.0281789302825928
1.0261716842651367
1.0264298915863037
1.0342493057250977
1.0272388458251953
1.0280890464782715
1.0270249843597412
1.024597406387329
0.14655113220214844
1.0261187553405762
1.0239107608795166
1.0233571529388428
1.0241868495941162
1.03916597366333
1.0265333652496338
1.0234248638153076
1.0241599082946777
1.0323600769042969
1.0266532897949219
1.0303688049316406
1.0241212844848633
1.0258171558380127
0.6960575580596924
1.026456594467163
