0.040363311767578125
0.02588796615600586
0.029264211654663086
0.027642011642456055
0.02565622329711914
0.02443075180053711
0.024817466735839844
0.03488564491271973
0.024248600006103516
0.025502681732177734
0.024470806121826172
0.027174711227416992
0.028049945831298828
0.02654290199279785
0.030188560485839844
0.030208587646484375
0.02751612663269043
0.030150651931762695
0.026488304138183594
0.026402950286865234
0.028829574584960938
0.03194379806518555
0.02606821060180664
0.038936614990234375
0.02896857261657715
0.030096769332885742
0.02916884422302246
0.026989221572875977
0.02689075469970703
0.02584528923034668
0.0249788761138916
0.028437137603759766
0.027519941329956055
0.03121018409729004
0.02610945701599121
0.026096105575561523
0.028038740158081055
0.028758525848388672
0.025837182998657227
0.026057004928588867
0.02614569664001465
0.027191877365112305
0.028244495391845703
0.0261077880859375
0.03429913520812988
0.0298769474029541
0.026607275009155273
0.02762889862060547
0.03055286407470703
0.03237271308898926
