0.12294197082519531
0.03931379318237305
0.03645610809326172
0.03429579734802246
0.03210139274597168
0.05899405479431152
0.042487144470214844
0.04917025566101074
0.039536237716674805
0.03968644142150879
0.04176616668701172
0.04084157943725586
0.04769325256347656
0.03876900672912598
0.03368735313415527
0.05511331558227539
0.031134843826293945
0.0352017879486084
0.045400381088256836
0.03309488296508789
0.029958724975585938
0.05656909942626953
0.03293967247009277
0.06384706497192383
0.04054379463195801
0.04558134078979492
0.03494453430175781
0.035898685455322266
0.03585362434387207
0.040618896484375
0.04201936721801758
0.031149864196777344
0.03759574890136719
0.06590509414672852
0.031552791595458984
0.037012338638305664
0.034870147705078125
0.033109188079833984
0.17834186553955078
0.04496169090270996
0.04349994659423828
0.07526016235351562
0.03729367256164551
0.03384232521057129
0.034714698791503906
0.03720831871032715
0.06275486946105957
0.05739235877990723
0.033278465270996094
0.04936838150024414
