0.8560004234313965
0.0346529483795166
0.11052775382995605
0.08463454246520996
0.09925675392150879
0.04328274726867676
0.5833721160888672
0.03732037544250488
0.06503582000732422
0.039614200592041016
0.18706083297729492
0.24146413803100586
0.11594772338867188
0.36526966094970703
0.07078719139099121
0.03791451454162598
0.05341958999633789
0.41608691215515137
0.11506295204162598
0.05586981773376465
0.07985305786132812
0.05571436882019043
0.041494131088256836
0.04058051109313965
0.043007612228393555
0.052908897399902344
0.07971405982971191
0.05677151679992676
0.06863617897033691
0.06266975402832031
0.12534236907958984
0.061127424240112305
0.1641991138458252
0.18138837814331055
0.26822733879089355
0.05096864700317383
0.12909317016601562
0.03320789337158203
0.38342976570129395
0.08081722259521484
0.3487837314605713
0.07348418235778809
0.0405430793762207
0.0752420425415039
0.06984066963195801
0.1018366813659668
0.0442652702331543
0.03454923629760742
0.051096200942993164
0.035828590393066406
