1.0322892770636827
1.0276416488923132
0.6242975199129432
0.5999722720589489
0.023532456951215863
1.0261560259386897
1.0241735568270087
1.0289600358810276
1.0235460561234504
1.0234793222043663
1.0291634360328317
1.0282946419902146
0.02338364999741316
0.23232159693725407
0.3561176210641861
1.0251143728382885
0.1214734201785177
1.0239558250177652
0.23875055415555835
0.02560840407386422
1.022222155937925
0.7025483301840723
0.3245714281219989
0.16050309408456087
1.0245439510326833
0.3236214180942625
0.33318292000330985
1.0287275230512023
0.08151358389295638
0.324364610016346
0.3245383691973984
1.0246191110927612
0.5087009859271348
0.3230294440872967
0.02508999314159155
0.1922137620858848
0.324853187892586
0.3247082319576293
1.0239318020176142
1.0262059192173183
1.0238750642165542
0.02429917291738093
0.3259047351311892
0.3229881830047816
0.32241861312650144
1.0228710239753127
1.0270215009804815
0.02437998214736581
0.3228204541373998
1.0244679290335625
