0.035327645018696785
0.024362244177609682
0.02385799610055983
0.022482350002974272
0.023921979125589132
0.024413767969235778
0.024947561090812087
0.022534321062266827
0.023391083115711808
0.024926536018028855
0.02399892103858292
0.027948594884946942
0.02936640288680792
0.024671348044648767
0.030261913081631064
0.024303115904331207
0.02283049002289772
0.02529697399586439
0.031962180975824594
0.023641305975615978
0.025839006062597036
0.02773704589344561
0.025905240094289184
0.024937184061855078
0.025458251126110554
0.02948115998879075
0.03210646007210016
0.02344547281973064
0.022887045983225107
0.02722966391593218
0.022534173913300037
0.02373796608299017
0.025496877962723374
0.029447999084368348
0.024443842936307192
0.025591068901121616
0.026192990131676197
0.028225261019542813
0.02386891795322299
0.02519619488157332
0.025005168048664927
0.022628731792792678
0.02358535397797823
0.026492092991247773
0.024073122069239616
0.023182765813544393
0.02295551006682217
0.024178233928978443
0.024953002110123634
0.024961477145552635
