0.2674555778503418
0.04581117630004883
0.03234982490539551
0.03201913833618164
0.035538434982299805
0.03207278251647949
0.04006004333496094
0.03508329391479492
0.03129458427429199
0.036493778228759766
0.03519725799560547
0.031771183013916016
0.03819561004638672
0.04180502891540527
0.040575265884399414
0.032738447189331055
0.038893938064575195
0.039363861083984375
0.04060053825378418
0.029123544692993164
0.03869819641113281
0.0316770076751709
0.038762569427490234
0.03458070755004883
0.03581809997558594
0.029413461685180664
0.03427243232727051
0.03649425506591797
0.03096747398376465
0.03987002372741699
0.04318547248840332
0.033383846282958984
0.04004693031311035
0.03380608558654785
0.03749966621398926
0.03580451011657715
0.03907608985900879
0.030780553817749023
0.036115169525146484
0.03150296211242676
0.03660917282104492
0.02920389175415039
0.03946328163146973
0.03219795227050781
0.03827261924743652
0.044339895248413086
0.03369593620300293
0.03280806541442871
0.03818678855895996
0.03189730644226074
