0.04493355751037598
0.02842116355895996
0.027661561965942383
0.030832529067993164
0.028667449951171875
0.026775598526000977
0.0274507999420166
0.038892269134521484
0.028877735137939453
0.030112028121948242
0.02925419807434082
0.03106379508972168
0.027342796325683594
0.03074336051940918
0.030723094940185547
0.03189802169799805
0.02893686294555664
0.029618263244628906
0.028963804244995117
0.032019615173339844
0.02683544158935547
0.028650760650634766
0.02657771110534668
0.030301570892333984
0.026766300201416016
0.029546499252319336
0.03105020523071289
0.028493881225585938
0.02870941162109375
0.03019118309020996
0.030741214752197266
0.02952861785888672
0.03128862380981445
0.028505325317382812
0.029161691665649414
0.026030778884887695
0.028828144073486328
0.033504486083984375
0.030502796173095703
0.03240561485290527
0.033573150634765625
0.02844381332397461
0.026203632354736328
0.03209185600280762
0.029148340225219727
0.029908180236816406
0.02683568000793457
0.028172731399536133
0.0276334285736084
0.02957463264465332
