0.04974007606506348
0.028560876846313477
0.029860973358154297
0.029033184051513672
0.027645349502563477
0.032132625579833984
0.03215312957763672
0.03320813179016113
0.0272066593170166
0.03086996078491211
0.03241729736328125
0.028876781463623047
0.027640104293823242
0.030333518981933594
0.033043861389160156
0.025951862335205078
0.03018641471862793
0.02685689926147461
0.033843278884887695
0.028074026107788086
0.0343928337097168
0.030019760131835938
0.027283906936645508
0.029529571533203125
0.033896684646606445
0.0345149040222168
0.041048526763916016
0.028837919235229492
0.028697490692138672
0.029901504516601562
0.026545286178588867
0.02732229232788086
0.026038169860839844
0.0296328067779541
0.03229498863220215
0.029590368270874023
0.030200481414794922
0.031270742416381836
0.02693939208984375
0.025394439697265625
0.027376651763916016
0.0280153751373291
0.026669979095458984
0.030724287033081055
0.03015875816345215
0.027030229568481445
0.027316570281982422
0.031785011291503906
0.04329323768615723
0.03019857406616211
