0.03609612095169723
0.02555311704054475
0.026995561784133315
0.030435207998380065
0.025135429110378027
0.02519698697142303
0.02766017895191908
0.02566608297638595
0.027579595101997256
0.026950479950755835
0.0293543201405555
0.026367540936917067
0.027890129946172237
0.024363543838262558
0.028319641016423702
0.02746999799273908
0.026963203912600875
0.02584008197300136
0.026200080988928676
0.024366169003769755
0.026400985894724727
0.025034361984580755
0.026555669028311968
0.02529310598038137
0.028110771207138896
0.026454290142282844
0.031497305957600474
0.027296679094433784
0.02497067814692855
0.02931283786892891
0.029746745945885777
0.025947650196030736
0.02553009707480669
0.03323023207485676
0.02431231806986034
0.029712107963860035
0.024620900163426995
0.027651574928313494
0.024126975098624825
0.026555395917966962
0.02522006002254784
0.03125464194454253
0.026817010948434472
0.025875215884298086
0.026803676038980484
0.028541484847664833
0.02643991308286786
0.023454539012163877
0.027145581087097526
0.026449362048879266
