0.04070068895816803
0.02573946421034634
0.031364803900942206
0.024158930871635675
0.026367946062237024
0.023729098960757256
0.025845280848443508
0.024154942017048597
0.023258459055796266
0.02628731494769454
0.028950543142855167
0.026393843814730644
0.025288073113188148
0.025430026929825544
0.022211164003238082
0.02307967795059085
0.022901118965819478
0.024882419034838676
0.025428602006286383
0.025639504892751575
0.026952039916068316
0.030201978981494904
0.02595990989357233
0.02764490293338895
0.025316024897620082
0.026138191809877753
0.02471237280406058
0.027537271147593856
0.023310895077884197
0.023272000951692462
0.023696978110820055
0.02591595915146172
0.02710569486953318
0.024081640178337693
0.024213203927502036
0.022448882926255465
0.02477791882120073
0.02513384399935603
0.025338360108435154
0.0305672031827271
0.022748825140297413
0.02499130694195628
0.02783270995132625
0.025037050945684314
0.023548234021291137
0.025256667053326964
0.02839415706694126
0.02704222104512155
0.025517523987218738
0.024756553815677762
