0.04684567451477051
0.027219057083129883
0.03553318977355957
0.02651810646057129
0.026449918746948242
0.036292076110839844
0.026933670043945312
0.03317713737487793
0.02679157257080078
0.027715206146240234
0.0307462215423584
0.028205156326293945
0.03054213523864746
0.026454687118530273
0.05718541145324707
0.029673337936401367
0.03225588798522949
0.02933669090270996
0.029546022415161133
0.03928256034851074
0.028903484344482422
0.03043055534362793
0.03743553161621094
0.02718210220336914
0.027520179748535156
0.0316922664642334
0.028623342514038086
0.036981821060180664
0.02844977378845215
0.026871681213378906
0.028953075408935547
0.029361963272094727
0.028768539428710938
0.026117324829101562
0.032549142837524414
0.02823615074157715
0.029302597045898438
0.033306121826171875
0.030600786209106445
0.03404951095581055
0.030026912689208984
0.03176450729370117
0.028098344802856445
0.0322725772857666
0.03120136260986328
0.03265190124511719
0.02615642547607422
0.026617765426635742
0.03135490417480469
0.03250765800476074
