0.03370308876037598
0.03105020523071289
0.0304412841796875
0.02692127227783203
0.045177459716796875
0.03069591522216797
0.029919862747192383
0.02924799919128418
0.031233549118041992
0.02840590476989746
0.02968311309814453
0.030733585357666016
0.04311347007751465
0.028931856155395508
0.03845643997192383
0.026346683502197266
0.027701616287231445
0.03503847122192383
0.0319366455078125
0.028938770294189453
0.02852463722229004
0.027204513549804688
0.0322270393371582
0.02925848960876465
0.032489776611328125
0.031085491180419922
0.02854299545288086
0.02860283851623535
0.02557826042175293
0.052260398864746094
0.03113245964050293
0.027358293533325195
0.02974724769592285
0.03255271911621094
0.02879500389099121
0.029984474182128906
0.030483245849609375
0.026610136032104492
0.027189970016479492
0.029072284698486328
0.0332791805267334
0.033452510833740234
0.03434252738952637
0.027437925338745117
0.030342578887939453
0.031677961349487305
0.030615568161010742
0.030227184295654297
0.03077554702758789
0.02814936637878418
