0.0501237369608134
0.027211822103708982
0.02568681095726788
0.027527200058102608
0.027274351101368666
0.032132519874721766
0.027682699961587787
0.02522264001891017
0.028541406150907278
0.029138271929696202
0.02666940214112401
0.02666953904554248
0.02453033998608589
0.025849606143310666
0.031191601185128093
0.026185363065451384
0.02867137687280774
0.023510514060035348
0.026869129855185747
0.02600742015056312
0.027015618979930878
0.02772038709372282
0.024662954965606332
0.028235042933374643
0.028072797926142812
0.02602702798321843
0.0261214729398489
0.02676038700155914
0.023774829925969243
0.030834367033094168
0.023800830822438
0.03205637098290026
0.024614714086055756
0.02608151314780116
0.030654974980279803
0.024034145986661315
0.02533337310887873
0.025130164111033082
0.026889055036008358
0.025246402015909553
0.026869056979194283
0.024986661970615387
0.02698992402292788
0.02753090998157859
0.02526892116293311
0.024630964966490865
0.02538544498383999
0.03028415096923709
0.03185470215976238
0.037889880826696754
