0.03289675712585449
0.027508020401000977
0.027699708938598633
0.02612447738647461
0.029654264450073242
0.030629873275756836
0.03561115264892578
0.03007221221923828
0.03467226028442383
0.02622699737548828
0.02752089500427246
0.02895951271057129
0.02723097801208496
0.027268409729003906
0.029878854751586914
0.02639460563659668
0.025701045989990234
0.02637171745300293
0.025265932083129883
0.030789613723754883
0.03094339370727539
0.02951979637145996
0.03495669364929199
0.026808500289916992
0.03133678436279297
0.026700258255004883
0.03165602684020996
0.03338813781738281
0.026844263076782227
0.030637025833129883
0.028096914291381836
0.0278170108795166
0.026919126510620117
0.02842879295349121
0.030889511108398438
0.033811092376708984
0.02990412712097168
0.028186559677124023
0.02866363525390625
0.027937889099121094
0.026035785675048828
0.03300786018371582
0.02773451805114746
0.029158353805541992
0.027110576629638672
0.030373811721801758
0.02982306480407715
0.029186725616455078
0.028383255004882812
0.02748274803161621
