0.03776979446411133
0.027339696884155273
0.02673506736755371
0.02856135368347168
0.032584428787231445
0.0269925594329834
0.028152942657470703
0.031170368194580078
0.029052734375
0.02779364585876465
0.03076314926147461
0.031078100204467773
0.03181815147399902
0.027264118194580078
0.03199362754821777
0.029240846633911133
0.028661727905273438
0.0308687686920166
0.032508134841918945
0.027977705001831055
0.027878761291503906
0.02802562713623047
0.031708478927612305
0.03010416030883789
0.02583479881286621
0.038703203201293945
0.03233528137207031
0.03322887420654297
0.02683877944946289
0.026865243911743164
0.026734113693237305
0.038602590560913086
0.029868364334106445
0.02789306640625
0.03219771385192871
0.034011125564575195
0.026308536529541016
0.026217937469482422
0.025566577911376953
0.02964186668395996
0.027455806732177734
0.030163288116455078
0.027118682861328125
0.02860569953918457
0.029316186904907227
0.029441118240356445
0.02973318099975586
0.03006768226623535
0.030647754669189453
0.027161598205566406
