0.03420281410217285
0.029089927673339844
0.029858827590942383
0.026979446411132812
0.026656627655029297
0.024916648864746094
0.033190250396728516
0.030808687210083008
0.03201460838317871
0.026233911514282227
0.032416343688964844
0.031101465225219727
0.03512692451477051
0.027547121047973633
0.026576995849609375
0.03150486946105957
0.0270841121673584
0.030333995819091797
0.0256955623626709
0.036104440689086914
0.02906179428100586
0.025725126266479492
0.030334949493408203
0.03369951248168945
0.033048152923583984
0.029142141342163086
0.03207755088806152
0.028029441833496094
0.026370525360107422
0.03113865852355957
0.03002023696899414
0.02762293815612793
0.03003215789794922
0.026821374893188477
0.030625104904174805
0.03223061561584473
0.02719712257385254
0.02580404281616211
0.026318788528442383
0.03485703468322754
0.029634475708007812
0.03209543228149414
0.029188871383666992
0.025424718856811523
0.03340339660644531
0.026223182678222656
0.032637596130371094
0.028922080993652344
0.02975296974182129
0.02857351303100586
