0.030524492263793945
0.025473833084106445
0.02567005157470703
0.026668310165405273
0.023718833923339844
0.026439428329467773
0.026485443115234375
0.026284456253051758
0.02772212028503418
0.026602506637573242
0.03445029258728027
0.024717330932617188
0.03244447708129883
0.027713775634765625
0.02553415298461914
0.026105165481567383
0.028501033782958984
0.02635645866394043
0.026449918746948242
0.029563188552856445
0.02671527862548828
0.026317596435546875
0.02714991569519043
0.02461409568786621
0.024834394454956055
0.028873443603515625
0.028330087661743164
0.024701356887817383
0.028021812438964844
0.026535511016845703
0.026273012161254883
0.033828020095825195
0.025353670120239258
0.02818012237548828
0.028951644897460938
0.02730727195739746
0.025841236114501953
0.028641462326049805
0.026264190673828125
0.026323795318603516
0.026237964630126953
0.027338266372680664
0.029233694076538086
0.02613210678100586
0.031140565872192383
0.028551101684570312
0.026384353637695312
0.03145861625671387
0.030404329299926758
0.033771514892578125
