1.0474927425384521
1.0259344577789307
1.0258710384368896
1.025254487991333
1.0252785682678223
0.3464984893798828
1.0295484066009521
1.0257315635681152
1.0294747352600098
1.0283093452453613
0.833289384841919
1.0244948863983154
1.0270392894744873
1.0251874923706055
1.0282847881317139
1.026991367340088
1.0318090915679932
1.02419114112854
1.024747371673584
1.031261920928955
1.0234863758087158
1.0253753662109375
1.0272815227508545
1.0246293544769287
1.0249969959259033
1.0279932022094727
0.28185081481933594
0.44360828399658203
1.0209705829620361
1.0241305828094482
1.0264520645141602
1.0256767272949219
1.0240802764892578
1.0316715240478516
1.0257384777069092
1.0330815315246582
1.0284783840179443
1.0224010944366455
1.0246264934539795
1.0261220932006836
1.025697946548462
1.0278558731079102
1.0237388610839844
1.0292775630950928
1.0249049663543701
1.0294394493103027
0.36402201652526855
0.2713789939880371
1.027510166168213
1.0295562744140625
