0.08378934860229492
0.04168343544006348
0.032135963439941406
0.04254603385925293
0.03192949295043945
0.06593155860900879
0.04896855354309082
0.04611492156982422
0.03983902931213379
0.05948662757873535
0.0554509162902832
0.03611326217651367
0.05473971366882324
0.04008173942565918
0.038860321044921875
0.035401105880737305
0.04397988319396973
0.0421905517578125
0.03027820587158203
0.033568620681762695
0.04150557518005371
0.038053274154663086
0.03390169143676758
0.03024744987487793
0.03465080261230469
0.04492020606994629
0.03592967987060547
0.03037548065185547
0.04565620422363281
0.03786516189575195
0.0429224967956543
0.03556394577026367
0.04683542251586914
0.04410409927368164
0.037876129150390625
0.03619098663330078
0.0331728458404541
0.03878045082092285
0.033463478088378906
0.03493452072143555
0.03678441047668457
0.05764484405517578
0.04128694534301758
0.04840517044067383
0.11076188087463379
0.04831719398498535
0.03599429130554199
0.04940962791442871
0.056383609771728516
0.04732322692871094
