1.0537967958953232
1.0251092079561204
0.023097476921975613
0.024300358956679702
1.0247095560189337
0.3225903888233006
1.0266426301095635
0.026556139113381505
0.02379485499113798
0.0234120839741081
1.022860208991915
1.0288994889706373
0.023233891930431128
0.023710791021585464
0.024154110113158822
0.026650057872757316
0.02283773012459278
1.024621699936688
1.02542968490161
0.024588346015661955
0.023044714936986566
0.024793664924800396
0.024527175817638636
0.023714293027296662
0.024927674094215035
1.0251062589231879
1.0236364749725908
0.026390342973172665
0.02294228901155293
0.027893239865079522
0.027147492161020637
1.0227482069749385
1.0276696959044784
0.022567890118807554
0.023000978864729404
0.023613019147887826
1.028018234996125
1.0244119768030941
1.0064376979134977
0.028261835919693112
0.026678662048652768
0.024258967954665422
1.0240090121515095
0.4518491611815989
0.02361997007392347
0.027601824142038822
0.02308124420233071
0.02332161902450025
1.0224684670101851
0.7696342179551721
