0.03284664102829993
0.023340099025517702
0.02379597583785653
0.02523334394209087
0.024601986166089773
0.02474575280211866
0.02595988498069346
0.022760855965316296
0.025558274006471038
0.02362597710452974
0.023360386956483126
0.02747934591025114
0.0329253098461777
0.0253850060980767
0.026457808911800385
0.02586282603442669
0.025969607988372445
0.023842412047088146
0.024593159090727568
0.02356044203042984
0.024360249983146787
0.024952752981334925
0.02315893303602934
0.02342580398544669
0.02602288406342268
0.025197981158271432
0.024725086987018585
0.02607339294627309
0.025880940025672317
0.023988409899175167
0.02412526006810367
0.02362642390653491
0.025155388982966542
0.026140663074329495
0.0271655828692019
0.030332864029332995
0.028018569108098745
0.02370451483875513
0.024811720941215754
0.023345871130004525
0.03231621300801635
0.023565181996673346
0.0232120081782341
0.02763214590959251
0.024312139954417944
0.025098918937146664
0.02287751017138362
0.026767304865643382
0.024518894962966442
0.02641128282994032
