0.9438610076904297
0.21061372756958008
0.04164838790893555
0.043972015380859375
0.04089784622192383
0.2596120834350586
0.8443138599395752
0.06280660629272461
0.2602396011352539
0.14354729652404785
0.04109907150268555
0.09023165702819824
0.26433324813842773
0.08961105346679688
0.03668665885925293
0.06477212905883789
0.1511974334716797
0.12842702865600586
0.2939176559448242
0.0804586410522461
0.05263853073120117
0.12672829627990723
0.29235267639160156
0.384080171585083
0.1024627685546875
0.04418134689331055
0.0497744083404541
0.10126376152038574
0.22444367408752441
0.10740065574645996
0.18223094940185547
0.37166786193847656
0.05161452293395996
0.11057066917419434
0.09227371215820312
0.15145158767700195
0.07634520530700684
0.5508303642272949
0.03811049461364746
0.15924835205078125
0.1612532138824463
0.07626557350158691
0.0780339241027832
0.08529400825500488
0.0796968936920166
0.15730738639831543
0.1300656795501709
0.05089426040649414
0.03306841850280762
0.04395270347595215
