0.0825958251953125
0.0503842830657959
0.10346460342407227
0.042032480239868164
0.05433845520019531
0.051999807357788086
0.04251599311828613
0.053173065185546875
0.047429800033569336
0.1081843376159668
0.04442763328552246
0.05946516990661621
0.0370333194732666
0.051702022552490234
0.09943914413452148
0.25415492057800293
0.1484527587890625
0.10205745697021484
0.3324265480041504
0.04135727882385254
0.06514859199523926
0.06897616386413574
0.0416109561920166
0.045957088470458984
0.11931109428405762
0.0319061279296875
0.04851531982421875
0.05845475196838379
0.03934979438781738
0.0472865104675293
0.06032752990722656
0.04287004470825195
0.04582715034484863
0.04337120056152344
0.048632144927978516
0.04136776924133301
0.09865951538085938
0.034039974212646484
0.043863534927368164
0.06482481956481934
0.043494224548339844
0.07184004783630371
0.11504864692687988
0.12219643592834473
0.07636594772338867
0.09356498718261719
1.027775764465332
1.0274677276611328
1.0302512645721436
1.024512767791748
