1.032423734664917
1.0263431072235107
1.0348117351531982
0.31421518325805664
1.0286736488342285
1.0273375511169434
1.0258581638336182
1.0253305435180664
0.032915353775024414
1.0263638496398926
1.024193525314331
1.030228614807129
1.0255064964294434
1.0258727073669434
1.025949478149414
1.0230872631072998
1.0232563018798828
1.0301599502563477
1.0235512256622314
1.027850866317749
1.024747371673584
0.5914831161499023
1.0254523754119873
1.0280320644378662
1.0321757793426514
1.0295815467834473
1.0242793560028076
1.0252525806427002
1.0345790386199951
1.0294601917266846
1.0291564464569092
1.0254180431365967
0.1575462818145752
1.0251951217651367
1.0281119346618652
1.0250511169433594
0.13277721405029297
0.5715615749359131
1.0258808135986328
1.031297206878662
1.02390718460083
1.0240888595581055
1.0258276462554932
1.0289270877838135
1.0299310684204102
1.0271475315093994
1.027613878250122
1.0265326499938965
1.0213837623596191
1.032094955444336
