0.051173645071685314
0.02617177297361195
0.02943458198569715
0.025917812017723918
0.026093539083376527
0.02640317496843636
0.026749276090413332
0.026969409082084894
0.029587013879790902
0.02799687604419887
0.02635689009912312
0.03384878905490041
0.03134341794066131
0.02513246890157461
0.024414479034021497
0.02701848279684782
0.025121710961684585
0.028497392078861594
0.02557263197377324
0.028086103033274412
0.025283385068178177
0.02958004013635218
0.027557705994695425
0.025374628836289048
0.025325306924059987
0.0304884510114789
0.024197516962885857
0.03090445790439844
0.02944417088292539
0.02655263408087194
0.025188948027789593
0.029533861903473735
0.02429026598110795
0.026265658903867006
0.027471807086840272
0.029244784964248538
0.029897721018642187
0.02984390198253095
0.0246577609796077
0.02615767507813871
0.025040628854185343
0.027005958138033748
0.024404825875535607
0.03088279697112739
0.026533182011917233
0.026979809859767556
0.025959036080166698
0.027802275959402323
0.027276722947135568
0.025773795088753104
