0.03345298767089844
0.02664041519165039
0.02650737762451172
0.030992984771728516
0.026303529739379883
0.02614736557006836
0.027103662490844727
0.028125524520874023
0.027355432510375977
0.03189206123352051
0.031446218490600586
0.027199268341064453
0.025942564010620117
0.030872106552124023
0.0302278995513916
0.02734684944152832
0.028656959533691406
0.027408599853515625
0.029994964599609375
0.026164531707763672
0.03156304359436035
0.026458740234375
0.02661752700805664
0.030443668365478516
0.03145480155944824
0.026279926300048828
0.02967047691345215
0.02556777000427246
0.024982690811157227
0.02839493751525879
0.026748180389404297
0.029982566833496094
0.03028106689453125
0.029526233673095703
0.03532552719116211
0.02900409698486328
0.025820016860961914
0.028910398483276367
0.057752370834350586
0.03040146827697754
0.028563737869262695
0.027457714080810547
0.028098106384277344
0.02979111671447754
0.029491901397705078
0.03415369987487793
0.03158235549926758
0.028100967407226562
0.032724857330322266
0.029619455337524414
