0.12601184844970703
0.040760040283203125
0.054898738861083984
0.030862808227539062
0.04139518737792969
0.054898977279663086
0.03245806694030762
0.036234140396118164
0.0343327522277832
0.05205225944519043
0.05095982551574707
0.05713772773742676
0.037453651428222656
0.05429649353027344
0.05899453163146973
0.04958772659301758
0.03767728805541992
0.03345918655395508
0.042722463607788086
0.03980612754821777
0.034232378005981445
0.0404815673828125
0.036179542541503906
0.041089773178100586
0.04112505912780762
0.05455350875854492
0.0510706901550293
0.04200935363769531
0.034063100814819336
0.07570862770080566
0.040744781494140625
0.05580592155456543
0.03329896926879883
0.05037188529968262
0.1433391571044922
0.045148611068725586
0.0308682918548584
0.04038095474243164
0.03454232215881348
0.04433298110961914
0.032239437103271484
0.07077193260192871
0.032999277114868164
0.045342445373535156
0.03759026527404785
0.15784168243408203
0.03990674018859863
0.034406185150146484
0.04966092109680176
0.0332183837890625
