0.07228946685791016
0.031006813049316406
0.03184795379638672
0.0282895565032959
0.027132034301757812
0.029726505279541016
0.024912118911743164
0.026886463165283203
0.027252197265625
0.03408956527709961
0.025238990783691406
0.02747964859008789
0.0263063907623291
0.03366708755493164
0.029976844787597656
0.03866434097290039
0.031533241271972656
0.024629592895507812
0.025329113006591797
0.0358128547668457
0.03029036521911621
0.028597593307495117
0.02708578109741211
0.026471614837646484
0.026421546936035156
0.030544042587280273
0.028551101684570312
0.0270841121673584
0.027758359909057617
0.0268399715423584
0.029578685760498047
0.03176736831665039
0.029150962829589844
0.03346085548400879
0.03139996528625488
0.042081356048583984
0.026903629302978516
0.02945113182067871
0.028554677963256836
0.027204275131225586
0.0327606201171875
0.02661871910095215
0.02476811408996582
0.034775733947753906
0.025534629821777344
0.02473139762878418
0.03487873077392578
0.025754213333129883
0.02820754051208496
0.028499126434326172
