1.0426781880669296
1.029950074851513
0.029225990874692798
0.024597893003374338
1.0244504201691598
1.0231285088229924
1.0246680181007832
0.023673190036788583
0.02260960778221488
0.023041244130581617
1.0280083699617535
1.0239655829500407
0.023326695896685123
0.02785618486814201
0.024368521058931947
0.022712398087605834
0.023677631048485637
1.0245427060872316
1.0227241369429976
0.02408161386847496
0.02633310784585774
0.023111114045605063
1.0253910799510777
1.0280157499946654
0.023845399962738156
0.02528630499728024
0.02401817007921636
0.02508678799495101
0.027334952959790826
1.0248264439869672
0.787415673956275
0.02598922699689865
0.025047461967915297
0.0249749100767076
0.024480242049321532
1.0243549710139632
1.0264117759652436
0.27961695683188736
0.023378208046779037
0.03087990405037999
0.02712526498362422
0.024079153081402183
1.026848518056795
1.0223877399694175
0.023525476921349764
0.02252215798944235
0.02567270305007696
0.02465188200585544
0.027937501901760697
1.0262122999411076
