0.6037828922271729
0.05483722686767578
0.088409423828125
0.05609631538391113
0.060451507568359375
0.7521286010742188
0.06216001510620117
0.20654702186584473
0.06363916397094727
0.08002400398254395
0.20625805854797363
0.06138443946838379
0.12911057472229004
0.25438356399536133
0.06396651268005371
0.10861420631408691
0.05116415023803711
0.17803025245666504
0.14568209648132324
0.14829516410827637
0.049144744873046875
0.039369821548461914
0.06465625762939453
0.3939065933227539
0.05766129493713379
0.0466763973236084
0.06571340560913086
0.25150132179260254
0.044328927993774414
0.07998323440551758
0.14172625541687012
0.034644126892089844
0.05435991287231445
0.11060309410095215
0.19269180297851562
0.04819011688232422
0.06098484992980957
0.2340996265411377
0.09672808647155762
0.05961728096008301
0.16727948188781738
0.07632589340209961
0.03698110580444336
0.03758859634399414
0.18261313438415527
0.08829712867736816
0.04604816436767578
0.23949027061462402
0.04376530647277832
0.07126569747924805
