0.043520212173461914
0.029958009719848633
0.025181055068969727
0.024379253387451172
0.030857086181640625
0.03177142143249512
0.030956745147705078
0.027906179428100586
0.03576040267944336
0.026935577392578125
0.031145334243774414
0.026286840438842773
0.030896902084350586
0.0252230167388916
0.03058004379272461
0.026202678680419922
0.025409936904907227
0.027750015258789062
0.029829978942871094
0.029225826263427734
0.03224587440490723
0.03140544891357422
0.030233383178710938
0.02555060386657715
0.02784442901611328
0.026837587356567383
0.024895429611206055
0.03493070602416992
0.02970147132873535
0.028842449188232422
0.027695894241333008
0.027344226837158203
0.030680179595947266
0.025647401809692383
0.025841236114501953
0.028074264526367188
0.027634382247924805
0.025762319564819336
0.035622358322143555
0.032689809799194336
0.026703357696533203
0.02960491180419922
0.02670884132385254
0.029730796813964844
0.030501604080200195
0.026261568069458008
0.028316736221313477
0.038025617599487305
0.027054548263549805
0.03210330009460449
