0.2628340721130371
0.0406947135925293
0.03261542320251465
0.03253960609436035
0.03134965896606445
0.03162980079650879
0.031209230422973633
0.03576970100402832
0.03821849822998047
0.029613733291625977
0.03784942626953125
0.03308677673339844
0.03611302375793457
0.03611874580383301
0.04256010055541992
0.03374433517456055
0.03579378128051758
0.03987550735473633
0.03483080863952637
0.03297138214111328
0.030281543731689453
0.03353309631347656
0.03519892692565918
0.04447031021118164
0.04026174545288086
0.04762625694274902
0.033651113510131836
0.0428314208984375
0.032538652420043945
0.03692984580993652
0.03842782974243164
0.04208207130432129
0.03286576271057129
0.029738187789916992
0.04114866256713867
0.06297779083251953
0.02927422523498535
0.0466303825378418
0.03962230682373047
0.03768515586853027
0.05444741249084473
0.04109525680541992
0.07963395118713379
0.05211639404296875
0.04153847694396973
0.032067298889160156
0.03530168533325195
0.0449368953704834
0.03997230529785156
0.03436088562011719
