0.29736852645874023
0.03795218467712402
0.04277849197387695
0.031549692153930664
0.030142784118652344
0.03286886215209961
0.03348350524902344
0.030941009521484375
0.03362083435058594
0.032439231872558594
0.03949403762817383
0.03433823585510254
0.0356600284576416
0.039736032485961914
0.033940792083740234
0.045699119567871094
0.04477715492248535
0.03387784957885742
0.03186988830566406
0.04275941848754883
0.04029583930969238
0.0393834114074707
0.030959606170654297
0.033713340759277344
0.031023502349853516
0.034847259521484375
0.030594587326049805
0.04223299026489258
0.03145122528076172
0.03619813919067383
0.03783917427062988
0.047507524490356445
0.040574073791503906
0.03498029708862305
0.04352569580078125
0.04024195671081543
0.04932236671447754
0.03042316436767578
0.04054737091064453
0.04247641563415527
0.03166508674621582
0.03493356704711914
0.03134942054748535
0.030176162719726562
0.04257678985595703
0.02961277961730957
0.03618144989013672
0.04726600646972656
0.03740549087524414
0.030411243438720703
