0.30719637870788574
0.03890252113342285
0.03972315788269043
0.03153729438781738
0.038691043853759766
0.03496241569519043
0.0336458683013916
0.0566408634185791
0.05244183540344238
0.03161334991455078
0.0367734432220459
0.04477047920227051
0.04947519302368164
0.0423586368560791
0.038611412048339844
0.045244693756103516
0.03280925750732422
0.03353142738342285
0.04709577560424805
0.03729844093322754
0.057117462158203125
0.06844210624694824
0.04891514778137207
0.10370278358459473
0.03456449508666992
0.0556330680847168
0.0405271053314209
0.0591740608215332
0.04500222206115723
0.058943748474121094
0.12598371505737305
0.06999802589416504
0.05078411102294922
0.05492854118347168
0.043042898178100586
0.03769850730895996
0.045912981033325195
0.042481422424316406
0.03601479530334473
0.08813357353210449
0.04164528846740723
0.03937816619873047
0.03882098197937012
0.03874802589416504
0.04634737968444824
0.055169105529785156
0.04701805114746094
0.07842087745666504
0.04414224624633789
0.03504323959350586
