0.6347839832305908
0.03375434875488281
0.04834604263305664
0.04420304298400879
0.03507804870605469
0.04055190086364746
0.041837215423583984
0.0498960018157959
0.04077935218811035
0.03994560241699219
0.0347132682800293
0.03513383865356445
0.04842829704284668
0.04074668884277344
0.03457140922546387
0.05275893211364746
0.0413668155670166
0.03720879554748535
0.07690048217773438
0.04157853126525879
0.044267892837524414
0.033104896545410156
0.042664527893066406
0.037943124771118164
0.07252192497253418
0.03478741645812988
0.03967738151550293
0.04128718376159668
0.03742814064025879
0.06952714920043945
0.04941964149475098
0.03609871864318848
0.0362238883972168
0.043587684631347656
0.06670832633972168
0.04480862617492676
0.05082106590270996
0.04887819290161133
0.04176688194274902
0.03769087791442871
0.03769111633300781
0.04634261131286621
0.03787589073181152
0.04632878303527832
0.08286309242248535
0.07013320922851562
0.04561471939086914
0.037554264068603516
0.037847042083740234
0.04347085952758789
