0.27773261605761945
0.11098824301734567
0.09197285585105419
0.08888332988135517
0.08611283404752612
0.08614356094039977
0.09069307101890445
0.06324765784665942
0.023361708037555218
0.09048987389542162
0.08851701277308166
0.11888196598738432
0.0863633828703314
0.025357733014971018
0.09337311005219817
0.09724182402715087
0.09169077803380787
0.12692925008013844
0.12981044501066208
0.08823874802328646
0.12355521298013628
0.02668731100857258
0.09425050904974341
0.09282040386460721
0.08576424303464592
0.12034575501456857
0.08765413914807141
0.09010069514624774
0.08823927585035563
0.02263659704476595
0.09476247010752559
0.09210890112444758
0.08930374681949615
0.0893248519860208
0.0931665578391403
0.13076852797530591
0.12058236915618181
0.09370577591471374
0.09276960603892803
0.08815098111517727
0.12696775398217142
0.11727803782559931
0.09270463301800191
0.08926291204988956
0.02378834900446236
0.1493667489849031
0.12422024784609675
0.024644800927489996
0.08860945887863636
0.08677324303425848
