0.24296998977661133
0.03801774978637695
0.033887624740600586
0.036614418029785156
0.05634760856628418
0.043210744857788086
0.032318830490112305
0.03082561492919922
0.03578829765319824
0.05552816390991211
0.029831647872924805
0.030629634857177734
0.03181195259094238
0.029415369033813477
0.03385353088378906
0.030466079711914062
0.031996726989746094
0.05266451835632324
0.07592892646789551
0.03880167007446289
0.036337852478027344
0.028352022171020508
0.0307924747467041
0.031070470809936523
0.02965092658996582
0.031078100204467773
0.030095815658569336
0.0313258171081543
0.044594764709472656
0.03092050552368164
0.03751397132873535
0.03663063049316406
0.0292356014251709
0.0330047607421875
0.033425331115722656
0.03402853012084961
0.12560057640075684
0.02969050407409668
0.03252053260803223
0.03704190254211426
0.03360438346862793
0.03653693199157715
0.03445935249328613
0.03377580642700195
0.030308961868286133
0.029883861541748047
0.07592964172363281
0.03274941444396973
0.030153751373291016
0.029645442962646484
