0.21683311462402344
0.027231454849243164
0.02746129035949707
0.036618947982788086
0.02898120880126953
0.02941608428955078
0.029256582260131836
0.028759479522705078
0.03039407730102539
0.027479171752929688
0.02844715118408203
0.0372617244720459
0.028933048248291016
0.028391122817993164
0.04732680320739746
0.03297257423400879
0.0315701961517334
0.03027629852294922
0.034905195236206055
0.02782154083251953
0.03847050666809082
0.03157687187194824
0.03054213523864746
0.030491113662719727
0.02845931053161621
0.030260324478149414
0.028630495071411133
0.030611515045166016
0.033492088317871094
0.030971050262451172
0.032485008239746094
0.028742551803588867
0.027993202209472656
0.03217029571533203
0.031073331832885742
0.0295259952545166
0.03380441665649414
0.03051590919494629
0.03800058364868164
0.02962017059326172
0.02935504913330078
0.02756524085998535
0.029761791229248047
0.029656410217285156
0.034787654876708984
0.034641265869140625
0.03137350082397461
0.0356600284576416
0.03191709518432617
0.029896020889282227
