0.05271410942077637
0.03222846984863281
0.02844691276550293
0.04136514663696289
0.029539108276367188
0.028917789459228516
0.02997446060180664
0.027062177658081055
0.030821800231933594
0.029550552368164062
0.03987479209899902
0.04183244705200195
0.03895854949951172
0.03854846954345703
0.031037092208862305
0.0317990779876709
0.03215336799621582
0.029527902603149414
0.03642749786376953
0.03087449073791504
0.034262657165527344
0.07487678527832031
0.03296852111816406
0.03528094291687012
0.03406167030334473
0.02939438819885254
0.03298187255859375
0.036658525466918945
0.032685041427612305
0.035002946853637695
0.035596370697021484
0.03619694709777832
0.031295061111450195
0.03114795684814453
0.03248453140258789
0.03988361358642578
0.03641629219055176
0.03473353385925293
0.03054356575012207
0.06687307357788086
0.046262502670288086
0.04438304901123047
0.05832362174987793
0.03488922119140625
0.1594524383544922
0.03705644607543945
0.034235239028930664
0.03486752510070801
0.03115391731262207
0.035327911376953125
