0.5717082130722702
0.09370776498690248
0.16203716304153204
0.08861463400535285
0.08714466309174895
0.10171360895037651
0.08765008510090411
0.09281642106361687
0.08799166209064424
0.024843566119670868
0.0900899248663336
0.09610607102513313
0.09257536614313722
0.09107199404388666
0.11938719591125846
0.09497893787920475
0.08913536299951375
0.08897311589680612
0.08648001588881016
0.024206137051805854
0.1297696081455797
0.08804437099024653
0.087673599133268
0.09056961885653436
0.09704612311907113
0.0883404710330069
0.11914647417142987
0.093625966925174
0.09179726894944906
0.032540467102080584
0.08700480894185603
0.12139419792219996
0.08654014789499342
0.0887844457756728
0.0883676300290972
0.09068643697537482
0.08911201590672135
0.11801973287947476
0.11853318102657795
0.02704836893826723
0.18154655280523002
0.08802359900437295
0.0889885991346091
0.09557622694410384
0.024158955086022615
0.1170202000066638
0.09065333101898432
0.0888642689678818
0.08682734915055335
0.0922388918697834
