0.02960756397806108
0.03448429307900369
0.032376413932070136
0.031592695973813534
0.039905005134642124
0.03325107414275408
0.031038308050483465
0.03299494297243655
0.03379576210863888
0.027385883033275604
0.02637085085734725
0.02829437516629696
0.028950291918590665
0.034854664001613855
0.031124582048505545
0.02806749101728201
0.03253780910745263
0.028440426802262664
0.038171984953805804
0.029705093009397388
0.027828212128952146
0.03421127190813422
0.03364821197465062
0.028525286121293902
0.034491939935833216
0.029158476972952485
0.028809555107727647
0.027233242988586426
0.02902239584363997
0.031017720932140946
0.03867422207258642
0.026549739064648747
0.026786930160596967
0.02530138799920678
0.02924204897135496
0.03014101507142186
0.03187459986656904
0.026174945989623666
0.029087764909490943
0.026708872988820076
0.02898831502534449
0.02873209211975336
0.027563042007386684
0.03499763994477689
0.03266014996916056
0.031251957872882485
0.03067485219798982
0.028069534804672003
0.03117691702209413
0.02575513906776905
