0.06888900510966778
0.05819598794914782
0.05538012087345123
0.05708085396327078
0.05941044888459146
0.05605918006040156
0.05605054902844131
0.05861892201937735
0.05539473984390497
0.05662502790801227
0.056353215128183365
0.05926486593671143
0.05701590795069933
0.0599722929764539
0.05871544010005891
0.05476645100861788
0.05581331695429981
0.059822279028594494
0.05778493289835751
0.06238334905356169
0.06372639606706798
0.06482623005285859
0.05453190114349127
0.05617517395876348
0.05641076993197203
0.05806025303900242
0.057695986004546285
0.05902495188638568
0.05523940408602357
0.05495080095715821
0.06260039587505162
0.05836076382547617
0.05605870112776756
0.05631466303020716
0.0582248168066144
0.054596679052338004
0.054658028995618224
0.05510407919064164
0.058873789152130485
0.05561347701586783
0.05940438690595329
0.06040619104169309
0.05673541594296694
0.05840211804024875
0.05446778913028538
0.05897611519321799
0.05647607194259763
0.0612806158605963
0.05810543103143573
0.05994838918559253
