0.23803371307440102
0.03304868098348379
0.0650482359342277
0.028263977961614728
0.027134476928040385
0.028780618915334344
0.03635541698895395
0.034581687999889255
0.02452430408447981
0.02750993217341602
0.03551661712117493
0.025133881019428372
0.024875191040337086
0.024355222936719656
0.027046934003010392
0.03572959080338478
0.03564487397670746
0.042597780004143715
0.024384766118600965
0.02714358502998948
0.024488051887601614
0.02437937306240201
0.025601387955248356
0.07163351704366505
0.03133565909229219
0.024518816033378243
0.03181085712276399
0.0292163728736341
0.0376730659045279
0.024237906094640493
0.03088375786319375
0.043814357137307525
0.025637690909206867
0.03592136292718351
0.02500977599993348
0.03278460097499192
0.03033045306801796
0.027887335047125816
0.02512775594368577
0.02474611415527761
0.032387879909947515
0.028039457043632865
0.047724368050694466
0.024221258936449885
0.02347510913386941
0.028545257169753313
0.024392131017521024
0.027576104970648885
0.0244757910259068
0.025757423136383295
