0.4273858410306275
0.2763804770074785
0.1504604071378708
0.37242735200561583
0.2734046010300517
0.09060387895442545
0.09242983884178102
0.12238803994841874
0.15432427893392742
0.09318530489690602
0.18366711703129113
0.18423550995066762
0.18649768503382802
0.06494518788531423
0.09170751017518342
0.12427678192034364
0.062210542848333716
0.08842798601835966
0.09441324300132692
0.15449089789763093
0.11923190904781222
0.05933681200258434
0.09418550319969654
0.059508704114705324
0.06528673297725618
0.08848531194962561
0.060744803166016936
0.1861453289166093
0.0896317909937352
0.0904880550224334
0.0876138280145824
0.09634460392408073
0.09065708192065358
0.0966834700666368
0.09140347712673247
0.15391867700964212
0.05817246716469526
0.09034320898354053
0.09325782908126712
0.09391017002053559
0.09223812399432063
0.05879066092893481
0.09071061597205698
0.05811422900296748
0.09037952404469252
0.09760063304565847
0.09004316199570894
0.08916868083178997
0.09887753403745592
0.12021150696091354
