0.20089125633239746
0.0531916618347168
0.028823375701904297
0.02943873405456543
0.030767202377319336
0.03154897689819336
0.03572511672973633
0.029011249542236328
0.035405635833740234
0.030386686325073242
0.03277158737182617
0.029273509979248047
0.032366275787353516
0.0308840274810791
0.03145289421081543
0.027227401733398438
0.031461477279663086
0.03417611122131348
0.04352831840515137
0.03133416175842285
0.030651569366455078
0.032731056213378906
0.0324862003326416
0.026917219161987305
0.05136823654174805
0.02749037742614746
0.030974388122558594
0.031154870986938477
0.028391361236572266
0.03332829475402832
0.03426837921142578
0.034607887268066406
0.03406691551208496
0.03402066230773926
0.033766746520996094
0.0345609188079834
0.033608436584472656
0.03187131881713867
0.028345108032226562
0.031029224395751953
0.03519439697265625
0.02707958221435547
0.03805851936340332
0.02855682373046875
0.030547618865966797
0.031017780303955078
0.029248476028442383
0.03673243522644043
0.02814173698425293
0.03300118446350098
