0.04828238487243652
0.02937150001525879
0.029546260833740234
0.02938079833984375
0.028373003005981445
0.026128768920898438
0.028331995010375977
0.028717994689941406
0.0278322696685791
0.027339458465576172
0.02969670295715332
0.0285642147064209
0.03225350379943848
0.03174901008605957
0.03484058380126953
0.03310966491699219
0.02754497528076172
0.028727054595947266
0.026140451431274414
0.02725076675415039
0.03173685073852539
0.031960487365722656
0.02926039695739746
0.02631974220275879
0.03388643264770508
0.028043746948242188
0.03153824806213379
0.028517723083496094
0.027930498123168945
0.029698848724365234
0.027506113052368164
0.02805042266845703
0.036707162857055664
0.028697729110717773
0.033895015716552734
0.02905416488647461
0.037853240966796875
0.03238725662231445
0.03151416778564453
0.028912067413330078
0.02845597267150879
0.031182527542114258
0.029924869537353516
0.030620813369750977
0.027435302734375
0.029245376586914062
0.0261232852935791
0.03257012367248535
0.03113269805908203
0.03925609588623047
