0.06304287910461426
0.035256385803222656
0.029517650604248047
0.028569698333740234
0.05107569694519043
0.042562246322631836
0.030269384384155273
0.033722877502441406
0.03041219711303711
0.029818058013916016
0.03143167495727539
0.02849102020263672
0.034955739974975586
0.03282666206359863
0.03153657913208008
0.028542757034301758
0.0333406925201416
0.030346155166625977
0.02916431427001953
0.07158255577087402
0.03064894676208496
0.03178143501281738
0.03053879737854004
0.03472280502319336
0.03296709060668945
0.034166812896728516
0.031222105026245117
0.02960205078125
0.02840733528137207
0.03412437438964844
0.03062129020690918
0.0407412052154541
0.030652284622192383
0.03292727470397949
0.03120565414428711
0.031069517135620117
0.03058767318725586
0.03167271614074707
0.029708147048950195
0.029990434646606445
0.029913663864135742
0.0309908390045166
0.03343677520751953
0.03151202201843262
0.041585445404052734
0.031992197036743164
0.03059697151184082
0.033172607421875
0.03138470649719238
0.04120182991027832
