0.02976476401090622
0.02524870401248336
0.02919022203423083
0.024562758160755038
0.028181371046230197
0.03452201490290463
0.026922377990558743
0.02749552298337221
0.030444280011579394
0.027336360886693
0.02648532297462225
0.03133222507312894
0.02802013303153217
0.029197582975029945
0.024761354085057974
0.02417802787385881
0.03253214107826352
0.026924252975732088
0.032597562996670604
0.02847720799036324
0.02544742706231773
0.025378685910254717
0.029839593917131424
0.026550028007477522
0.02687488403171301
0.026161341927945614
0.02547879284247756
0.026470316108316183
0.02685567201115191
0.0252878291066736
0.028358447132632136
0.0311825149692595
0.02883169800043106
0.0936613311059773
0.026811443967744708
0.03169327904470265
0.028262871084734797
0.02692987211048603
0.030975157162174582
0.02396870800293982
0.02796714403666556
0.02713842992670834
0.028235686011612415
0.024723572889342904
0.02645705989561975
0.024580538040027022
0.025932956021279097
0.028682914096862078
0.0349995659198612
0.02604259387589991
