0.28754687309265137
0.04068398475646973
0.04459118843078613
0.038465023040771484
0.03995037078857422
0.04755401611328125
0.048313140869140625
0.04209637641906738
0.04482221603393555
0.03572964668273926
0.04218554496765137
0.03707265853881836
0.04297232627868652
0.04625511169433594
0.037488698959350586
0.03644418716430664
0.06101369857788086
0.03471064567565918
0.047647714614868164
0.04108023643493652
0.03400230407714844
0.042800188064575195
0.04474639892578125
0.06325292587280273
0.050849199295043945
0.03037118911743164
0.03279376029968262
0.035857200622558594
0.03741145133972168
0.0355839729309082
0.034386634826660156
0.0370478630065918
0.06646060943603516
0.03887939453125
0.04326462745666504
0.045445919036865234
0.034351348876953125
0.06340336799621582
0.05630302429199219
0.06060528755187988
0.030936002731323242
0.10945606231689453
0.03432941436767578
0.03626108169555664
0.05495476722717285
0.05762195587158203
0.03623771667480469
0.03871798515319824
0.048000335693359375
0.03647971153259277
