0.443187952041626
0.033487796783447266
0.09077095985412598
0.030685901641845703
0.05397796630859375
0.0344395637512207
0.03577756881713867
0.03944849967956543
0.03431844711303711
0.05209994316101074
0.03237271308898926
0.03936171531677246
0.041280269622802734
0.039947509765625
0.06975793838500977
0.04030179977416992
0.03429555892944336
0.0312960147857666
0.031109333038330078
0.0480961799621582
0.03421950340270996
0.039399147033691406
0.0298769474029541
0.03662562370300293
0.044503211975097656
0.041585445404052734
0.0313258171081543
0.0338289737701416
0.030219316482543945
0.038002729415893555
0.039067983627319336
0.03019857406616211
0.031096220016479492
0.04029107093811035
0.06997370719909668
0.0350031852722168
0.030892372131347656
0.03822660446166992
0.03210854530334473
0.04048514366149902
0.035311222076416016
0.034265756607055664
0.05939483642578125
0.03094029426574707
0.034861087799072266
0.03291964530944824
0.03104686737060547
0.03495192527770996
0.03032827377319336
0.04579806327819824
