0.035983267007395625
0.02456869394518435
0.03729896596632898
0.02886548894457519
0.02897301595658064
0.02556323306635022
0.02625388908199966
0.02791219693608582
0.026741358917206526
0.03581555304117501
0.025019419845193624
0.02639590692706406
0.029296451015397906
0.027301159920170903
0.024939705152064562
0.026536331046372652
0.025944836903363466
0.024334151996299624
0.02670916891656816
0.02873757015913725
0.024426158983260393
0.026837874902412295
0.029120346996933222
0.0376476370729506
0.025762616889551282
0.027537253918126225
0.02535695000551641
0.024326056009158492
0.024817337980493903
0.03261629701592028
0.025972364004701376
0.026418207213282585
0.02883496996946633
0.02701583900488913
0.026355791836977005
0.028652511071413755
0.0241851347964257
0.02897993102669716
0.025540113914757967
0.02517076302319765
0.02472708886489272
0.02805957500822842
0.026543130865320563
0.02530792378820479
0.028292095055803657
0.02893883502110839
0.026560442987829447
0.028855381067842245
0.028905503917485476
0.027874523773789406
