0.03439264092594385
0.027599168941378593
0.03163707489147782
0.029156452044844627
0.028862401843070984
0.024240498896688223
0.026366753038018942
0.025555707048624754
0.027924240799620748
0.029607977019622922
0.03592161578126252
0.09117325395345688
0.025410000002011657
0.026788837043568492
0.034166152123361826
0.02729619387537241
0.02429967001080513
0.026678793132305145
0.03043732699006796
0.026252152863889933
0.026339042000472546
0.024922693148255348
0.025498207891359925
0.029032704886049032
0.025201749056577682
0.03412019298411906
0.025089247152209282
0.02718411711975932
0.02750739804469049
0.03020355198532343
0.02982632489874959
0.02489325893111527
0.031037681037560105
0.03484057215973735
0.026095375884324312
0.026765942107886076
0.02487556100822985
0.03314495785161853
0.026371306972578168
0.02981494995765388
0.04107946017757058
0.030336339958012104
0.02613841090351343
0.029440356884151697
0.029819275019690394
0.026079069124534726
0.026934538036584854
0.09786303015425801
0.03475062805227935
0.029364801943302155
