0.7932062149047852
0.06676888465881348
0.04862093925476074
0.16286110877990723
0.05160665512084961
0.04546761512756348
0.04284071922302246
0.08334612846374512
0.11026477813720703
0.04494881629943848
0.057158470153808594
0.6173896789550781
0.05170178413391113
0.08731889724731445
0.039286136627197266
0.09366822242736816
0.051245927810668945
0.09200191497802734
0.05701494216918945
0.05142688751220703
0.04438304901123047
0.0444791316986084
0.05864429473876953
0.048645973205566406
0.06973743438720703
0.08126401901245117
0.0598909854888916
0.05126380920410156
0.08418631553649902
0.05581498146057129
0.04612421989440918
0.036040544509887695
26.580026865005493
0.039841413497924805
0.04895901679992676
0.06789255142211914
0.04114031791687012
0.05520176887512207
0.04790687561035156
0.042078495025634766
0.03660249710083008
0.04015803337097168
0.039938926696777344
0.03690052032470703
0.0361175537109375
0.039606571197509766
0.04260611534118652
0.04402804374694824
0.03626537322998047
0.04756450653076172
