0.03541840403340757
0.15587370307184756
0.10436726314947009
0.09638292412273586
0.1239606961607933
0.10521462699398398
0.09186813305132091
0.03712203097529709
0.10159556684084237
0.022852339781820774
0.08977516600862145
0.08908855309709907
0.08829702693037689
0.08762895409017801
0.08847397309727967
0.09012201009318233
0.0905834841541946
0.09234493388794363
0.09040971612557769
0.09057896700687706
0.08725347579456866
0.08922294690273702
0.023744167992845178
0.08839752292260528
0.0876174250151962
0.09402049100026488
0.08692124695517123
0.12099629500880837
0.12203104118816555
0.08679426298476756
0.09320219210349023
0.09333553002215922
0.1265767510049045
0.09545515803620219
0.0911437701433897
0.09601795300841331
0.022664936957880855
0.08826940483413637
0.08650522399693727
0.08753309887833893
0.08752577588893473
0.08978223986923695
0.09338428894989192
0.1193481630180031
0.11906206491403282
0.09234742098487914
0.08644603192806244
0.11822949699126184
0.08748610806651413
0.024615633068606257
