0.05364560801535845
0.027918462874367833
0.028672008076682687
0.0258385450579226
0.02833528909832239
0.026660253992304206
0.035484123043715954
0.02618049504235387
0.03033051500096917
0.026903416961431503
0.02792643499560654
0.03254261612892151
0.029494836926460266
0.030168676981702447
0.027815978042781353
0.025978343095630407
0.0275797750800848
0.027329528937116265
0.03126465016975999
0.037260300014168024
0.02630734001286328
0.03229017602279782
0.03133971709758043
0.02996726520359516
0.027731736889109015
0.027955278987064958
0.03117586998268962
0.0315074420068413
0.027294635074213147
0.032364604994654655
0.029142357874661684
0.030921141151338816
0.04393589892424643
0.030152399092912674
0.03495514299720526
0.029043117072433233
0.030520356027409434
0.028603326994925737
0.03224077099002898
0.028122532879933715
0.030651854118332267
0.029505830956622958
0.025432523107156157
0.02927196817472577
0.028510803123936057
0.03158795111812651
0.027466875966638327
0.027533842949196696
0.031015670159831643
0.029108913149684668
