0.12367439270019531
0.03526782989501953
0.039475440979003906
0.0391087532043457
0.03664684295654297
0.03165030479431152
0.03305625915527344
0.04063558578491211
0.05967545509338379
0.031740427017211914
0.03260469436645508
0.06606197357177734
0.03642725944519043
0.030684709548950195
0.03614521026611328
0.03153395652770996
0.054262638092041016
0.03316950798034668
0.11048364639282227
0.03587460517883301
0.058449506759643555
0.03384518623352051
0.03774309158325195
0.04133462905883789
0.03426980972290039
0.03235983848571777
0.04021167755126953
0.04676055908203125
0.042501211166381836
0.03889656066894531
0.037171125411987305
0.06007266044616699
0.035965681076049805
0.09275460243225098
0.04280877113342285
0.04531288146972656
0.03578925132751465
0.03326845169067383
0.0311582088470459
0.043029069900512695
0.03235960006713867
0.05484151840209961
0.032558441162109375
0.037120819091796875
0.03549337387084961
0.04066634178161621
0.03534293174743652
0.04307389259338379
0.0374913215637207
0.03370547294616699
