0.052789718145504594
0.030836300924420357
0.029251303058117628
0.02685955911874771
0.03070382517762482
0.03365722903981805
0.028056296054273844
0.029313534032553434
0.02774481405504048
0.03476045886054635
0.028921026969328523
0.02809838391840458
0.026919211028143764
0.029723050072789192
0.03774714004248381
0.025874787010252476
0.02678447705693543
0.027360985055565834
0.028640161035582423
0.025616565020754933
0.0316861851606518
0.027212457032874227
0.030404604971408844
0.027905517956241965
0.029090255964547396
0.027326826937496662
0.027234632056206465
0.02797192195430398
0.034358293982222676
0.032162597170099616
0.027786791091784835
0.026333142071962357
0.027646675007417798
0.02814298286102712
0.028153290040791035
0.029806287959218025
0.02799878199584782
0.03478012210689485
0.027784093050286174
0.027780417120084167
0.02729666093364358
0.03252485208213329
0.03015228291042149
0.030684457859024405
0.030484189046546817
0.034912520088255405
0.029640842927619815
0.029227865859866142
0.02940547582693398
0.026125316973775625
