0.5556125640869141
0.029308080673217773
0.02861928939819336
0.031059980392456055
0.04351520538330078
0.049916744232177734
0.030382394790649414
0.0319976806640625
0.03296160697937012
0.03455185890197754
0.037744998931884766
0.0352020263671875
0.04247593879699707
0.031098127365112305
0.03338503837585449
0.033211469650268555
0.04226088523864746
0.04503178596496582
0.028520822525024414
0.04494047164916992
0.045709848403930664
0.03865933418273926
0.04138302803039551
0.03447699546813965
0.03165626525878906
0.03642559051513672
0.030905961990356445
0.031105518341064453
0.03619837760925293
0.03403759002685547
0.03161263465881348
0.03336477279663086
0.02930474281311035
0.03497624397277832
0.03929638862609863
0.038252830505371094
0.029077529907226562
0.035802364349365234
0.03430485725402832
0.03596019744873047
0.04011178016662598
0.02942681312561035
0.03082561492919922
0.03315114974975586
0.05754423141479492
0.03389596939086914
0.03492999076843262
0.030319690704345703
0.03901219367980957
0.03185296058654785
