0.5549676418304443
0.03776383399963379
0.05042672157287598
0.032781124114990234
0.02899479866027832
0.031095504760742188
0.029721498489379883
0.044266700744628906
0.03229689598083496
0.03306770324707031
0.032778263092041016
0.04248166084289551
0.030299901962280273
0.03045797348022461
0.04036569595336914
0.03129982948303223
0.0339665412902832
0.036519527435302734
0.028995513916015625
0.0361173152923584
0.034493446350097656
0.029262542724609375
0.037836313247680664
0.03072357177734375
0.036551475524902344
0.04052162170410156
0.03238797187805176
0.029700756072998047
0.033354997634887695
0.0333101749420166
0.034807443618774414
0.034377336502075195
0.03076958656311035
0.0486907958984375
0.03551745414733887
0.035364627838134766
0.041388750076293945
0.03164362907409668
0.03416728973388672
0.030231475830078125
0.03165721893310547
0.034735918045043945
0.0351254940032959
0.031003475189208984
0.0333399772644043
0.03445696830749512
0.03607654571533203
0.03240370750427246
0.03737640380859375
0.04487419128417969
