0.3803293704986572
0.03850841522216797
0.03963303565979004
0.028428077697753906
0.03358006477355957
0.031025171279907227
0.03382229804992676
0.035901784896850586
0.029050588607788086
0.03078937530517578
0.02889251708984375
0.03040909767150879
0.030488014221191406
0.03972196578979492
0.031839847564697266
0.04258465766906738
0.031737565994262695
0.03241872787475586
0.036530494689941406
0.05979204177856445
0.029784440994262695
0.03204989433288574
0.0322718620300293
0.03657245635986328
0.030877113342285156
0.03975248336791992
0.031104087829589844
0.04011821746826172
0.04299592971801758
0.0352017879486084
0.03226661682128906
0.034342288970947266
0.03169703483581543
0.06287813186645508
0.03805994987487793
0.03728938102722168
0.03476428985595703
0.03289198875427246
0.06776595115661621
0.03466939926147461
0.04533243179321289
0.038039207458496094
0.03287982940673828
0.05241656303405762
0.03155660629272461
0.04094195365905762
0.03292083740234375
0.035378217697143555
0.03352618217468262
0.03159475326538086
