0.553777061868459
0.05903902114368975
0.02580681210383773
0.02469505090266466
0.029089126968756318
0.030225584050640464
0.024573164992034435
0.02474699798040092
0.02377019403502345
0.025417764903977513
0.024293372873216867
0.03352226712740958
0.025318435160443187
0.025745314080268145
0.024180416949093342
0.024662834824994206
0.02491200203076005
0.02439356013201177
0.024433644022792578
0.02473380113951862
0.025882384972646832
0.02505226107314229
0.02516469592228532
0.023981024976819754
0.02364148898050189
0.0290924368891865
0.024829462869092822
0.024215518962591887
0.02426766906864941
0.02631492307409644
0.04372931784018874
0.02451761602424085
0.024715732084587216
0.02393636992201209
0.026275150943547487
0.026164222974330187
0.0255880169570446
0.02474842988885939
0.026759906904771924
0.027962923981249332
0.026188679970800877
0.023714260198175907
0.02902849903330207
0.024870511842891574
0.02420331910252571
0.025511325802654028
0.03076704195700586
0.026075402041897178
0.025470625841990113
0.027611086145043373
