0.1404712200164795
0.03048253059387207
0.03405451774597168
0.04127383232116699
0.03406047821044922
0.031339406967163086
0.03239941596984863
0.0375518798828125
0.03970599174499512
0.03788042068481445
0.02975296974182129
0.029446125030517578
0.03577446937561035
0.031340837478637695
0.031092166900634766
0.03186535835266113
0.03805851936340332
0.035613059997558594
0.029346942901611328
0.03795742988586426
0.030777931213378906
0.045183658599853516
0.031519174575805664
0.041031837463378906
0.03815460205078125
0.029260635375976562
0.030112028121948242
0.029939651489257812
0.03084087371826172
0.03745865821838379
0.038237810134887695
0.08728837966918945
0.0333714485168457
0.09140920639038086
0.031357526779174805
0.056878089904785156
0.03435707092285156
0.05033731460571289
0.03285050392150879
0.03291678428649902
0.03403496742248535
0.035643815994262695
0.04811215400695801
0.04286456108093262
0.04300332069396973
0.03560924530029297
0.04029703140258789
0.03416275978088379
0.031683921813964844
0.03485512733459473
