0.03080351697281003
0.02689745998941362
0.026095649925991893
0.02813513414002955
0.027737274998798966
0.032111645909026265
0.026983940042555332
0.026193080935627222
0.0277970761526376
0.02625651704147458
0.025862382957711816
0.027342461049556732
0.028342934092506766
0.026928708888590336
0.0300848709885031
0.026404451811686158
0.025744701037183404
0.02509435103274882
0.024978877045214176
0.027919750893488526
0.029539807932451367
0.028773201862350106
0.028335713082924485
0.02531582093797624
0.02980875293724239
0.025386886205524206
0.025809173937886953
0.027200537035241723
0.024611430009827018
0.02986782882362604
0.026178179075941443
0.024961933959275484
0.027661446016281843
0.029163236962631345
0.03510414692573249
0.02780208899639547
0.031844418961554766
0.024202811997383833
0.031159410951659083
0.02622684300877154
0.026141725946217775
0.032844877103343606
0.027490338077768683
0.024726889096200466
0.025346302893012762
0.029757998883724213
0.025342647917568684
0.026378171052783728
0.02613017801195383
0.02425570599734783
