0.3694138959981501
0.0594955999404192
0.18203359190374613
0.12266568816266954
0.30658508907072246
0.18182235001586378
0.16275636199861765
0.24820602405816317
0.08974224515259266
0.1532448111101985
0.27979912399314344
0.05961514916270971
0.24278585892170668
0.08862077910453081
0.09363797982223332
0.09190687001682818
0.08729446493089199
0.13593252003192902
0.21930205007083714
0.0884759200271219
0.08978738891892135
0.1188718001358211
0.05891734687611461
0.06554118217900395
0.12218634993769228
0.0924827610142529
0.08921922999434173
0.08901787688955665
0.09670427395030856
0.09343179198913276
0.062073546927422285
0.11972274002619088
0.08957471395842731
0.18648912804201245
0.09305260586552322
0.0924884001724422
0.12024875311180949
0.14635729882866144
0.08857198315672576
0.08862267504446208
0.060953028965741396
0.15202711801975965
0.08937412709929049
0.2458472230937332
0.12862464995123446
0.09103686804883182
0.09475165116600692
0.16280532605014741
0.2207918670028448
0.10818275716155767
