0.24065351486206055
0.03269791603088379
0.03449678421020508
0.0305178165435791
0.04445219039916992
0.041376590728759766
0.05097007751464844
0.0328671932220459
0.03655862808227539
0.04353451728820801
0.04179573059082031
0.03664422035217285
0.04221081733703613
0.034403324127197266
0.06238961219787598
0.03654336929321289
0.03418540954589844
0.031087636947631836
0.0387568473815918
0.05979442596435547
0.03236079216003418
0.03495907783508301
0.03362274169921875
0.03867793083190918
0.04069066047668457
0.05684232711791992
0.039508819580078125
0.05279731750488281
0.05156970024108887
0.03628897666931152
0.05123448371887207
0.0363156795501709
0.040541648864746094
0.03460288047790527
0.03881525993347168
0.04698300361633301
0.04888319969177246
0.03731060028076172
0.03878068923950195
0.042897939682006836
0.05673027038574219
0.062256813049316406
0.06289339065551758
0.03621840476989746
0.03940391540527344
0.035027503967285156
0.033907413482666016
0.03187108039855957
0.03777432441711426
0.0365748405456543
