0.35151414992287755
0.08918836782686412
0.1297371000982821
0.0892433151602745
0.02687764586880803
0.1273347050882876
0.08852800005115569
0.08883472182787955
0.08806042606011033
0.09054797096177936
0.08811627514660358
0.09046863787807524
0.02435476309619844
0.02453347505070269
0.08718158793635666
0.02741481806151569
0.08749473583884537
0.059588495874777436
0.08759620506316423
0.030513112898916006
0.0991223780438304
0.09205451607704163
0.09991970309056342
0.09144957107491791
0.09274091315455735
0.08902742387726903
0.08720092987641692
0.08813052484765649
0.09209785191342235
0.09246361698023975
0.03131545381620526
0.0879850098863244
0.12045951606705785
0.08889621705748141
0.09094515605829656
0.09159971191547811
0.09382524201646447
0.08889791183173656
0.12069676909595728
0.09032509103417397
0.12340538296848536
0.08965203096158803
0.08781375107355416
0.08824367891065776
0.08876367681659758
0.09011689992621541
0.022950243204832077
0.11805059178732336
0.119883316103369
0.08826489304192364
