0.05756510701030493
0.02717743720859289
0.032573155127465725
0.024974259082227945
0.024592445930466056
0.027800373965874314
0.027977534104138613
0.024492447031661868
0.02656016405671835
0.03078187699429691
0.04531137691810727
0.0257743198890239
0.031199484132230282
0.026887563057243824
0.025821848073974252
0.027404470136389136
0.031284819124266505
0.024583549005910754
0.026633618865162134
0.02526198187842965
0.03140967385843396
0.024225809145718813
0.02827882394194603
0.029429108137264848
0.024443662026897073
0.025102128041908145
0.024731952929869294
0.03273382084444165
0.03123859502375126
0.02676973515190184
0.02649736381135881
0.026448077987879515
0.028587125008925796
0.025898552034050226
0.026344964979216456
0.029582003131508827
0.02469040686264634
0.02845268091186881
0.026780571090057492
0.026087031001225114
0.026002735132351518
0.027835916029289365
0.027693619951605797
0.025864432100206614
0.0334107899107039
0.03079522680491209
0.03257054020650685
0.028932349989190698
0.030067172134295106
0.025214237859472632
