0.7275161743164062
0.041747093200683594
0.0430452823638916
0.03504443168640137
0.034192562103271484
0.04023385047912598
0.037718772888183594
0.032715559005737305
0.03417062759399414
0.06536698341369629
0.03443431854248047
0.044269561767578125
0.03966712951660156
0.05095505714416504
0.04507327079772949
0.052271366119384766
0.04441666603088379
0.03611564636230469
0.04130721092224121
0.04489445686340332
0.04862856864929199
0.03636288642883301
0.04357481002807617
0.043854713439941406
0.038155555725097656
0.04009604454040527
0.039691925048828125
0.09520435333251953
0.04543185234069824
0.04888463020324707
0.03697037696838379
0.042736053466796875
0.04196476936340332
0.0428464412689209
0.04836440086364746
0.04838824272155762
0.037548065185546875
0.0358428955078125
0.0454714298248291
0.056493520736694336
0.04580044746398926
0.03616809844970703
0.036128997802734375
0.03585457801818848
0.044545888900756836
0.0497281551361084
0.03975200653076172
0.04819369316101074
0.038936614990234375
0.03731203079223633
