0.39199137687683105
0.0463407039642334
0.038187503814697266
0.033826589584350586
0.0365605354309082
0.0375218391418457
0.04021930694580078
0.03660225868225098
0.033182382583618164
0.05572652816772461
0.03575754165649414
0.03219723701477051
0.04092001914978027
0.03572583198547363
0.034096479415893555
0.03034353256225586
0.03832602500915527
0.03671097755432129
0.03132224082946777
0.03203582763671875
0.04427623748779297
0.04084348678588867
0.041487932205200195
0.0350947380065918
0.03173041343688965
0.03210139274597168
0.03670763969421387
0.03623175621032715
0.03810834884643555
0.05967855453491211
0.03925275802612305
0.03515625
0.03144693374633789
0.03512763977050781
0.033509254455566406
0.04046034812927246
0.04631304740905762
0.035672664642333984
0.03177618980407715
0.032011985778808594
0.03540492057800293
0.03515124320983887
0.03126072883605957
0.03103017807006836
0.04673123359680176
0.038239479064941406
0.032822608947753906
0.030719757080078125
0.04304099082946777
0.035773515701293945
