0.6929856538772583
0.03095916914753616
0.02824601111933589
0.024735213024541736
0.028297373093664646
0.02565996488556266
0.024834066862240434
0.025898065185174346
0.03474714793264866
0.024215107085183263
0.024593024980276823
0.024537082063034177
0.023682798026129603
0.026201479136943817
0.025054245023056865
0.027142465114593506
0.02461431105621159
0.027954546036198735
0.02852420578710735
0.024745562812313437
0.02445806097239256
0.024138987995684147
0.028186520794406533
0.024434847990050912
0.02539778407663107
0.02438327018171549
0.02820204710587859
0.027989468071609735
0.024738689186051488
0.024609288899227977
0.02771595004014671
0.02460911707021296
0.03825645404867828
0.026325277984142303
0.02834477904252708
0.026360731106251478
0.029069443931803107
0.025120167061686516
0.050428851041942835
0.02593305497430265
0.026139324996620417
0.02451609610579908
0.02419667597860098
0.02485382789745927
0.024334494024515152
0.026713555911555886
0.024560089921578765
0.026203572051599622
0.02542036003433168
0.024124023038893938
