0.4009864330291748
0.034186601638793945
0.034087181091308594
0.03455495834350586
0.04702901840209961
0.0479283332824707
0.03751230239868164
0.03645658493041992
0.029479503631591797
0.041907548904418945
0.029235363006591797
0.03169965744018555
0.029003143310546875
0.03881192207336426
0.03670954704284668
0.032292842864990234
0.03029799461364746
0.03285622596740723
0.03569912910461426
0.03780484199523926
0.028519392013549805
0.030730485916137695
0.06058478355407715
0.03441810607910156
0.03596949577331543
0.047451019287109375
0.032602787017822266
0.05612373352050781
0.029449939727783203
0.03780722618103027
0.03284406661987305
0.03811502456665039
0.03554940223693848
0.03543376922607422
0.034848690032958984
0.04372382164001465
0.03704953193664551
0.030172109603881836
0.03448843955993652
0.03724169731140137
0.030454635620117188
0.03044891357421875
0.030006885528564453
0.030477285385131836
0.034719228744506836
0.030643701553344727
0.03728222846984863
0.030127525329589844
0.035553693771362305
0.030518770217895508
