0.04895695485174656
0.03009102400392294
0.030673609813675284
0.03415134199894965
0.03669280605390668
0.029190069995820522
0.027700483100488782
0.02839491982012987
0.0276660171803087
0.03886927687563002
0.02898849709890783
0.039705737959593534
0.02720314497128129
0.029935399070382118
0.025183341931551695
0.029277288122102618
0.02748435316607356
0.02852786984294653
0.03044294915162027
0.04193180287256837
0.02733611292205751
0.03381309611722827
0.027526537887752056
0.02657684893347323
0.028906859923154116
0.03499016701243818
0.03130407305434346
0.029333724873140454
0.032318127108737826
0.027527962112799287
0.03158917208202183
0.024917145958170295
0.0300801619887352
0.03221168997697532
0.02380691305734217
0.02892110892571509
0.02715891390107572
0.028089968021959066
0.022829187102615833
0.02989945700392127
0.03405175218358636
0.03618724108673632
0.024729722877964377
0.03160346997901797
0.03392073791474104
0.034642934100702405
0.032990013947710395
0.024911741027608514
0.028490863041952252
0.024084027856588364
