0.39708733558654785
0.03748440742492676
0.03516697883605957
0.0333404541015625
0.03510117530822754
0.03345203399658203
0.037213802337646484
0.03588390350341797
0.032381534576416016
0.03511643409729004
0.039396047592163086
0.032880306243896484
0.04891252517700195
0.034505367279052734
0.041182518005371094
0.03907895088195801
0.04383087158203125
0.05135011672973633
0.03398275375366211
0.03356432914733887
0.036184072494506836
0.032793521881103516
0.03318071365356445
0.030332565307617188
0.034688711166381836
0.06704354286193848
0.03240633010864258
0.06063675880432129
0.03438067436218262
0.032572269439697266
0.033585548400878906
0.036646127700805664
0.034249305725097656
0.03343558311462402
0.03793668746948242
0.04708504676818848
0.04048037528991699
0.03630542755126953
0.037351131439208984
0.039742231369018555
0.041548728942871094
0.029877901077270508
0.03503084182739258
0.036402225494384766
0.038935184478759766
0.03859066963195801
0.034636497497558594
0.03971409797668457
0.034392356872558594
0.03752017021179199
