0.2972095012664795
0.03354144096374512
0.03170466423034668
0.036457061767578125
0.039793968200683594
0.02935338020324707
0.0316770076751709
0.039788007736206055
0.05313515663146973
0.035378456115722656
0.031820058822631836
0.03064894676208496
0.03864431381225586
0.029969215393066406
0.03618574142456055
0.033968210220336914
0.031136512756347656
0.034525156021118164
0.031055212020874023
0.03253936767578125
0.028913259506225586
0.03589320182800293
0.045301198959350586
0.03896355628967285
0.042253732681274414
0.029931306838989258
0.036916494369506836
0.030956745147705078
0.03142356872558594
0.034340620040893555
0.0342402458190918
0.029757022857666016
0.03191113471984863
0.028536081314086914
0.032317161560058594
0.03697657585144043
0.030120849609375
0.034784555435180664
0.03520345687866211
0.031494855880737305
0.03382372856140137
0.041948795318603516
0.029578685760498047
0.03402543067932129
0.030758380889892578
0.03179597854614258
0.03027486801147461
0.04747438430786133
0.04760599136352539
0.03679180145263672
