0.049103498458862305
0.0340886116027832
0.025662660598754883
0.03258514404296875
0.02895498275756836
0.025583982467651367
0.030193805694580078
0.02723383903503418
0.03145456314086914
0.02697467803955078
0.02745985984802246
0.029097795486450195
0.02673196792602539
0.03031611442565918
0.02530956268310547
0.029924392700195312
0.02884054183959961
0.027956008911132812
0.030594825744628906
0.028076887130737305
0.02808403968811035
0.034403324127197266
0.03521394729614258
0.026149272918701172
0.02921271324157715
0.02943253517150879
0.030169963836669922
0.028573036193847656
0.03683924674987793
0.048876285552978516
0.029111146926879883
0.028624773025512695
0.02837657928466797
0.028800249099731445
0.031186819076538086
0.0303041934967041
0.028328418731689453
0.027781009674072266
0.028162479400634766
0.025174379348754883
0.026411771774291992
0.029803752899169922
0.03393888473510742
0.030866146087646484
0.028881072998046875
0.03253912925720215
0.029575347900390625
0.030075550079345703
0.03646993637084961
0.03415250778198242
