0.12985860998742282
0.08812977699562907
0.09311511786654592
0.11965743405744433
0.023998690070584416
0.027527241967618465
0.08737290417775512
0.026271468959748745
0.09106518817134202
0.126147038070485
0.05850151600316167
0.0968712440226227
0.02389410580508411
0.08680373011156917
0.1181606559548527
0.12132953386753798
0.0255235789809376
0.09501687297597528
0.1210884761530906
0.09108058596029878
0.09193632891401649
0.0902976670768112
0.12137229298241436
0.08954813797026873
0.0918392208404839
0.12312695104628801
0.1174865229986608
0.09200267097912729
0.12100385804660618
0.0889560878276825
0.0901861279271543
0.12972105108201504
0.08785706688649952
0.09499112400226295
0.08821418485604227
0.08884382899850607
0.09523122501559556
0.09459468489512801
0.09178831614553928
0.11824074503965676
0.08867580583319068
0.16026586084626615
0.11883544200100005
0.08704241388477385
0.11796605796553195
0.09370127320289612
0.09007145999930799
0.1256620609201491
0.09344689617864788
0.1285658609122038
