0.061701509868726134
0.03450924693606794
0.025522520998492837
0.04028182406909764
0.023354692850261927
0.028994116932153702
0.03057293896563351
0.03420825907960534
0.03201079508289695
0.030423446791246533
0.023760335985571146
0.03452041698619723
0.023056867066770792
0.03468181216157973
0.03371241199783981
0.029804346151649952
0.027792013017460704
0.029144758824259043
0.026586205000057817
0.025446987012401223
0.035953122889623046
0.03359360690228641
0.03408059710636735
0.025663018925115466
0.027393113123252988
0.032217623898759484
0.02581447991542518
0.028210064861923456
0.027171639958396554
0.03104180097579956
0.029763719998300076
0.052284513134509325
0.03066914319060743
0.02549587399698794
0.029447787208482623
0.027448272798210382
0.03190387203358114
0.030193100916221738
0.034287791000679135
0.033230126136913896
0.03439098293893039
0.026373751927167177
0.03689635102637112
0.027326643001288176
0.03353380016051233
0.028101181844249368
0.036811238154768944
0.03538643196225166
0.024325094185769558
0.04247525101527572
