0.02750645997002721
0.02627067593857646
0.025106636807322502
0.02410012879408896
0.02623952296562493
0.02431834884919226
0.02592238108627498
0.0272086791228503
0.02554827998392284
0.02431620005518198
0.028767162933945656
0.02667635609395802
0.022990375058725476
0.025734958006069064
0.02666394505649805
0.027388456044718623
0.026448834920302033
0.02926843403838575
0.025822984986007214
0.03061822708696127
0.024907759856432676
0.025537636829540133
0.024881638819351792
0.03014262393116951
0.031735782977193594
0.026338116033002734
0.02262037410400808
0.02701468300074339
0.025597059866413474
0.023149501997977495
0.028194620041176677
0.025050451047718525
0.02360023814253509
0.02544912602752447
0.026540449121966958
0.025542391929775476
0.03347608586773276
0.025349426083266735
0.02352017699740827
0.027326490031555295
0.025188856991007924
0.022707174997776747
0.028637494891881943
0.02424709196202457
0.027595788007602096
0.024835349060595036
0.02726843603886664
0.02426118403673172
0.024150271899998188
0.02872319705784321
