0.04532814025878906
0.029440641403198242
0.03272747993469238
0.03284311294555664
0.02992415428161621
0.03266739845275879
0.02915048599243164
0.03259754180908203
0.03013920783996582
0.030638456344604492
0.027640104293823242
0.034104347229003906
0.029023170471191406
0.034394264221191406
0.03151440620422363
0.028879880905151367
0.030046939849853516
0.0274965763092041
0.028196334838867188
0.03014206886291504
0.03358936309814453
0.030999422073364258
0.031124353408813477
0.028151750564575195
0.029394865036010742
0.03684186935424805
0.027184486389160156
0.03291654586791992
0.028242826461791992
0.027018070220947266
0.031087636947631836
0.029836177825927734
0.027640581130981445
0.027892589569091797
0.038274526596069336
0.03668618202209473
0.03506803512573242
0.02678823471069336
0.03149676322937012
0.02915644645690918
0.029560089111328125
0.031183719635009766
0.03376650810241699
0.0367131233215332
0.028780460357666016
0.02749180793762207
0.03634834289550781
0.026872634887695312
0.036368370056152344
0.03093242645263672
