0.13900327682495117
0.05973196029663086
0.15807032585144043
0.058327436447143555
0.029809236526489258
0.048868656158447266
0.034913063049316406
0.04594612121582031
0.03313612937927246
0.036714792251586914
0.04584670066833496
0.041817665100097656
0.08733177185058594
0.03132748603820801
0.03489518165588379
0.03683161735534668
0.029618024826049805
0.039214372634887695
0.03506207466125488
0.03125739097595215
0.03554654121398926
0.030413389205932617
0.03502964973449707
0.04482531547546387
0.03215956687927246
0.04710531234741211
0.031273603439331055
0.03439664840698242
0.030733823776245117
0.04279828071594238
0.030593395233154297
0.044114112854003906
0.029072046279907227
0.03362393379211426
0.03509950637817383
0.035253047943115234
0.16243267059326172
0.03715372085571289
0.045740604400634766
0.03220534324645996
0.0341336727142334
0.0393216609954834
0.03325486183166504
0.03576087951660156
0.06451845169067383
0.03720831871032715
0.03023242950439453
0.03003692626953125
0.03049492835998535
0.028951168060302734
