0.11140251159667969
0.037760019302368164
0.04008173942565918
0.031793832778930664
0.03240084648132324
0.03162336349487305
0.0361485481262207
0.03524279594421387
0.033243656158447266
0.040676116943359375
0.031897783279418945
0.037660837173461914
0.03785562515258789
0.03519892692565918
0.03017878532409668
0.0487971305847168
0.03253459930419922
0.03874635696411133
0.031232833862304688
0.055422306060791016
0.03461790084838867
0.033977508544921875
0.03864550590515137
0.08563470840454102
0.030620336532592773
0.0473790168762207
0.05598592758178711
0.05463385581970215
0.03647112846374512
0.0343325138092041
0.033275604248046875
0.03823709487915039
0.04234647750854492
0.029651641845703125
0.036065101623535156
0.035395145416259766
0.04509902000427246
0.0348057746887207
0.0368657112121582
0.04069948196411133
0.04511618614196777
0.03656959533691406
0.04573869705200195
0.0311737060546875
0.04641103744506836
0.033519744873046875
0.03785824775695801
0.037107229232788086
0.039762258529663086
0.04006338119506836
