0.033252608962357044
0.031917712884023786
0.031209751032292843
0.028428873978555202
0.031786523992195725
0.03211107314564288
0.0318083050660789
0.027110771974548697
0.03152357507497072
0.027127763954922557
0.025931146927177906
0.029698028229176998
0.02635953202843666
0.02748895902186632
0.03428618307225406
0.02893929206766188
0.03294925484806299
0.028828873997554183
0.029123965883627534
0.0325265999417752
0.028680996969342232
0.03452540095895529
0.03023652615956962
0.027456709882244468
0.029868952929973602
0.029569438891485333
0.02750155096873641
0.03312154719606042
0.029037546832114458
0.02897560503333807
0.033504403196275234
0.02791727497242391
0.028982623014599085
0.026061445008963346
0.03002116782590747
0.028939584037289023
0.027091650059446692
0.028465190902352333
0.02987434691749513
0.028914716094732285
0.025946717942133546
0.0320638669654727
0.032094666035845876
0.03290637698955834
0.0261549090500921
0.027625547954812646
0.030599189922213554
0.026436955900862813
0.032511824974790215
0.03642299002967775
