0.056730063864961267
0.029495310969650745
0.03298457502387464
0.0318606321234256
0.029461895115673542
0.03481859993189573
0.02883782284334302
0.027281076880171895
0.02844434604048729
0.030532960081472993
0.03310659993439913
0.030561347026377916
0.03475954011082649
0.031665629940107465
0.027624615002423525
0.02764012897387147
0.024831115966662765
0.030135960783809423
0.028722258051857352
0.03326369286514819
0.033118149964138865
0.029837189940735698
0.025608290918171406
0.03115790616720915
0.037498838966712356
0.0288444219622761
0.030644965823739767
0.03454514290206134
0.029082352062687278
0.029361577006056905
0.031446600100025535
0.0329653350636363
0.03090611402876675
0.03333195694722235
0.026776630897074938
0.023806994082406163
0.0259402128867805
0.034810381941497326
0.027331847930327058
0.037168608978390694
0.02710270881652832
0.03010388114489615
0.02768689300864935
0.03438202105462551
0.02787384996190667
0.029752618866041303
0.03556558396667242
0.041229018941521645
0.031777563970535994
0.02495320700109005
