0.05444025993347168
0.027993440628051758
0.03506016731262207
0.03223228454589844
0.02760910987854004
0.028104543685913086
0.03209829330444336
0.031981468200683594
0.028120756149291992
0.03647041320800781
0.03032374382019043
0.0304563045501709
0.031037330627441406
0.029317855834960938
0.02823352813720703
0.028148651123046875
0.028931379318237305
0.03649282455444336
0.028758764266967773
0.032093048095703125
0.032161712646484375
0.03340268135070801
0.03516864776611328
0.030028104782104492
0.034078359603881836
0.029891252517700195
0.029665231704711914
0.02795696258544922
0.028150558471679688
0.03154444694519043
0.030038118362426758
0.03152298927307129
0.03539395332336426
0.0397794246673584
0.028291940689086914
0.027390241622924805
0.0313105583190918
0.03575730323791504
0.027587175369262695
0.037407875061035156
0.0345311164855957
0.02959442138671875
0.034726619720458984
0.032509565353393555
0.029088973999023438
0.029215574264526367
0.03211259841918945
0.03070831298828125
0.029773950576782227
0.03123641014099121
