0.06435220106504858
0.03645529318600893
0.04012468713335693
0.027742157923057675
0.02727270103059709
0.02673976798541844
0.029649634147062898
0.03138727997429669
0.02939113788306713
0.026745232054963708
0.02964431489817798
0.0319556959439069
0.026439777808263898
0.028204041067510843
0.0310067490208894
0.026475259102880955
0.02275938610546291
0.02909176517277956
0.029248165898025036
0.027780778938904405
0.025798770133405924
0.027076987782493234
0.030002622865140438
0.029158300021663308
0.02832503104582429
0.029938529012724757
0.036377196200191975
0.029438734985888004
0.032309583155438304
0.026037642965093255
0.028482132824137807
0.027896333020180464
0.025359687861055136
0.026710767997428775
0.03808103408664465
0.02841516607441008
0.030982953030616045
0.026695976965129375
0.026728513883426785
0.028750175144523382
0.02853346592746675
0.02493312698788941
0.030878660967573524
0.025836415821686387
0.030725823948159814
0.029985158005729318
0.03230418707244098
0.03456283290870488
0.02887879009358585
0.030790528981015086
