0.13677191734313965
0.043723106384277344
0.043328285217285156
0.03492140769958496
0.04479694366455078
0.03420829772949219
0.03853797912597656
0.036733150482177734
0.037390947341918945
0.03889656066894531
0.038655757904052734
0.03096604347229004
0.0308990478515625
0.03992486000061035
0.03282761573791504
0.036263227462768555
0.04845094680786133
0.032440185546875
0.030898094177246094
0.03341531753540039
0.03838396072387695
0.03314089775085449
0.05692458152770996
0.03484940528869629
0.034186363220214844
0.031073331832885742
0.03417682647705078
0.0478520393371582
0.03899359703063965
0.03499770164489746
0.03288674354553223
0.03746771812438965
0.03457188606262207
0.034473419189453125
0.03063178062438965
0.03648948669433594
0.03442716598510742
0.03507709503173828
0.043791770935058594
0.05999040603637695
0.03210139274597168
0.03335690498352051
0.037471771240234375
0.03817629814147949
0.03322196006774902
0.03743243217468262
0.04092144966125488
0.041443586349487305
0.03248929977416992
0.03563284873962402
