0.1298208236694336
0.03951382637023926
0.03181743621826172
0.037537574768066406
0.03949260711669922
0.03206324577331543
0.03502964973449707
0.03800678253173828
0.03334927558898926
0.03286242485046387
0.04571413993835449
0.04807758331298828
0.040697574615478516
0.03481030464172363
0.03432965278625488
0.03624320030212402
0.03284859657287598
0.038480281829833984
0.03305196762084961
0.03408074378967285
0.046339988708496094
0.031708478927612305
0.036200523376464844
0.03345441818237305
0.03836393356323242
0.05878877639770508
0.03194880485534668
0.04182291030883789
0.03357386589050293
0.04391622543334961
0.0365142822265625
0.035187482833862305
0.03457164764404297
0.03659415245056152
0.03315544128417969
0.036010026931762695
0.04563403129577637
0.043904781341552734
0.034638404846191406
0.030551910400390625
0.03804826736450195
0.039216041564941406
0.03707289695739746
0.0342559814453125
0.03681063652038574
0.03854012489318848
0.03578782081604004
0.034501075744628906
0.03361201286315918
0.03220987319946289
