0.0375216007232666
0.02929973602294922
0.02773427963256836
0.034224510192871094
0.023860931396484375
0.026473522186279297
0.026341676712036133
0.0324709415435791
0.026342153549194336
0.023564815521240234
0.034806013107299805
0.028711318969726562
0.03051137924194336
0.03859257698059082
0.024425983428955078
0.027006864547729492
0.05899524688720703
0.03187084197998047
0.027373075485229492
0.03969287872314453
0.028693675994873047
0.024936199188232422
0.026784658432006836
0.02463245391845703
0.026096105575561523
0.027239561080932617
0.02883434295654297
1.098893642425537
0.027539968490600586
0.023851633071899414
0.023734331130981445
0.02586674690246582
0.03128647804260254
0.025028705596923828
0.02349543571472168
0.028727054595947266
0.03091597557067871
0.024657726287841797
0.0303499698638916
0.02713751792907715
0.02440476417541504
0.030274152755737305
0.023581981658935547
0.027892589569091797
0.02395915985107422
0.02789139747619629
0.026134490966796875
0.027048349380493164
0.025476455688476562
0.026523351669311523
