0.034824371337890625
0.027980566024780273
0.03379702568054199
0.027187824249267578
0.027066946029663086
0.03180432319641113
0.027965068817138672
0.03070998191833496
0.028148412704467773
0.027991533279418945
0.027191638946533203
0.030955791473388672
0.0333714485168457
0.03161478042602539
0.028191089630126953
0.02727508544921875
0.02794957160949707
0.032613515853881836
0.031221628189086914
0.029122352600097656
0.03199911117553711
0.028641462326049805
0.028600692749023438
0.0279693603515625
0.029044628143310547
0.02659440040588379
0.026155710220336914
0.03327035903930664
0.0286862850189209
0.036123037338256836
0.02755451202392578
0.029894351959228516
0.030457735061645508
0.032087087631225586
0.03226280212402344
0.027454614639282227
0.03689885139465332
0.0314784049987793
0.03807234764099121
0.031212568283081055
0.027742624282836914
0.03462862968444824
0.033994197845458984
0.028903484344482422
0.029164791107177734
0.03061819076538086
0.031248807907104492
0.029193639755249023
0.02723383903503418
0.026775360107421875
