0.06375458301045
0.05734333908185363
0.061811854131519794
0.05612991494126618
0.056596539914608
0.058086722157895565
0.05688021401874721
0.05665795993991196
0.0577404520008713
0.05784841417334974
0.05573809891939163
0.059084226144477725
0.05557585693895817
0.06680473894812167
0.056676317006349564
0.05643835896626115
0.05549494503065944
0.055673436960205436
0.06673472095280886
0.05702421092428267
0.0578227371443063
0.059350648894906044
0.054802463157102466
0.05862794001586735
0.05678165704011917
0.054763641906902194
0.05655700387433171
0.05590517492964864
0.05650421301834285
0.060402924893423915
0.056574386078864336
0.05658490699715912
0.05962613387964666
0.05696453899145126
0.05601977393962443
0.05686185089871287
0.05665592895820737
0.07040128600783646
0.06414656597189605
0.056182499043643475
0.055758219910785556
0.06448959605768323
0.055719062918797135
0.05536294588819146
0.05647619906812906
0.06241109501570463
0.057626395020633936
0.06089365901425481
0.05463011213578284
0.05562267708592117
