0.7601966857910156
0.03334689140319824
0.03545808792114258
0.03661799430847168
0.037590980529785156
0.09429025650024414
0.05135798454284668
0.03443145751953125
0.04191780090332031
0.03408241271972656
0.03847694396972656
0.0884239673614502
0.051207780838012695
0.03595376014709473
0.04059624671936035
0.03534984588623047
0.07976365089416504
0.04779982566833496
0.045398712158203125
0.045798301696777344
0.03696393966674805
0.04082155227661133
0.03959202766418457
0.04085803031921387
0.05973649024963379
0.03484320640563965
0.04294252395629883
0.03596043586730957
0.040204763412475586
0.03799843788146973
0.07891488075256348
0.04340934753417969
0.05809831619262695
0.041474342346191406
0.03479814529418945
0.04475140571594238
0.0581052303314209
0.03423953056335449
0.04249095916748047
0.039937496185302734
0.04238533973693848
0.04548168182373047
0.048532724380493164
0.04181241989135742
0.09496521949768066
0.03712034225463867
0.04723405838012695
0.041259765625
0.04228615760803223
0.035875558853149414
