0.33780550956726074
0.03776717185974121
0.055437564849853516
0.034197092056274414
0.040570974349975586
0.033118486404418945
0.033854007720947266
0.03279232978820801
0.0313868522644043
0.04236173629760742
0.032039642333984375
0.03682541847229004
0.03319573402404785
0.0296628475189209
0.03738713264465332
0.04904747009277344
0.03137826919555664
0.030423879623413086
0.03635525703430176
0.03503704071044922
0.04588675498962402
0.07192182540893555
0.035880088806152344
0.03791046142578125
0.038339853286743164
0.04362297058105469
0.041141510009765625
0.041461944580078125
0.03336358070373535
0.053861141204833984
0.03893589973449707
0.0333104133605957
0.03798651695251465
0.03973793983459473
0.030199289321899414
0.030086278915405273
0.03214883804321289
0.0311124324798584
0.031201601028442383
0.037836551666259766
0.06138157844543457
0.04433608055114746
0.03339552879333496
0.03090691566467285
0.03455185890197754
0.04071044921875
0.034111738204956055
0.042842864990234375
0.03239774703979492
0.037526607513427734
