0.4290890221018344
0.33696396299637854
0.09224761393852532
0.2825689020100981
0.11929344502277672
0.11907962895929813
0.42708933097310364
0.058939743088558316
0.09072860586456954
0.0612563518807292
0.19026172603480518
0.25029953895136714
0.12307573296129704
0.09751134994439781
0.11889929906465113
0.09088211809284985
0.05738980905152857
0.09190115821547806
0.13589275302365422
0.06322161899879575
0.14268075209110975
0.1466646478511393
0.061089585069566965
0.10266917501576245
0.09506513993255794
0.0902565149590373
0.08758557704277337
0.09207871020771563
0.0933191399089992
0.0980576139409095
0.06274136900901794
0.1649625371210277
0.05967313703149557
0.058261471102014184
0.09112087613902986
0.08957961201667786
0.08853869792073965
0.09597745211794972
0.09594552591443062
0.09415903990156949
0.09213050082325935
0.1525829560123384
0.08847641199827194
0.18577395798638463
0.0884577389806509
0.09659381490200758
0.09177299193106592
0.12326877703890204
0.12325264909304678
0.09169721906073391
