0.09047576203010976
0.09126974712125957
0.058091457933187485
0.09606808191165328
0.09067513095214963
0.08972221589647233
0.08977577486075461
0.08944018185138702
0.09515742701478302
0.09163358714431524
0.025093310978263617
0.08867602399550378
0.11786375707015395
0.024009763961657882
0.09207858704030514
0.09080546000041068
0.1235113050788641
0.023625744972378016
0.08980673784390092
0.060611282009631395
0.14955345005728304
0.09617542685009539
0.09266735916025937
0.09400259493850172
0.09407504997216165
0.11793636507354677
0.0952554689720273
0.05982292606495321
0.08775896881707013
0.15318554313853383
0.09404770215041935
0.09042342915199697
0.09026774484664202
0.09574695094488561
0.02388730109669268
0.09200159506872296
0.025394582888111472
0.09030690602958202
0.09109254507347941
0.11918867798522115
0.09041263582184911
0.1526327079627663
0.09282467514276505
0.09077912988141179
0.15287639806047082
0.08866557292640209
0.0942823770456016
0.15738467290066183
0.16342188115231693
0.087806377094239
