0.0766641239169985
0.03123794891871512
0.029137596022337675
0.04246359900571406
0.030004146974533796
0.029576696921139956
0.02830454078502953
0.030012382892891765
0.030278682941570878
0.029665698064491153
0.02669167914427817
0.026098818983882666
0.03092218586243689
0.030770549084991217
0.029161358019337058
0.028539965162053704
0.028162603033706546
0.03228965797461569
0.027697846991941333
0.03481513890437782
0.03226373787038028
0.027983472915366292
0.03565651108510792
0.028551463037729263
0.02973182685673237
0.031090487027540803
0.0307857149746269
0.02851009787991643
0.02774894516915083
0.030887921107932925
0.02992155309766531
0.028292096918448806
0.02997396793216467
0.031232434092089534
0.031094457022845745
0.03097051987424493
0.030525150941684842
0.029744654893875122
0.03672709898091853
0.0321368130389601
0.027960345847532153
0.03237817995250225
0.027134594041854143
0.028694513021036983
0.029675225028768182
0.02683329302817583
0.027528941864147782
0.028598298085853457
0.030651879962533712
0.029569042148068547
