0.4081232389435172
0.21704055881127715
0.12403420615009964
0.12383228098042309
0.2479357689153403
0.27415511501021683
0.08720488706603646
0.12787172803655267
0.08969456888735294
0.15782933705486357
0.09205371304415166
0.12162656104192138
0.15423336811363697
0.08920794492587447
0.09444861789233983
0.058903236873447895
0.09259154391475022
0.09735297691076994
0.15673111006617546
0.0877351900562644
0.06607732293196023
0.09406964690424502
0.12005227617919445
0.0937870021443814
0.08819689089432359
0.09279760788194835
0.1498720699455589
0.08810202591121197
0.0913206278346479
0.0942222778685391
0.15145166288129985
0.12334769801236689
0.09073090204037726
0.0901255770586431
0.1854368147905916
0.08852820005267859
0.12762346304953098
0.09993561310693622
0.1882824080530554
0.12147581297904253
0.06707301386632025
0.09122751210816205
0.06277296389453113
0.12489310395903885
0.08858861704356968
0.09444512194022536
0.09487051703035831
0.08810845389962196
0.05928303301334381
0.09280124888755381
