0.39967458904720843
0.3441099929623306
0.21597445686347783
0.21188729698769748
0.24081049696542323
0.15518897585570812
0.18912633787840605
0.33779251389205456
0.15958253620192409
0.18313639401458204
0.0883766571059823
0.0971669100690633
0.12122532492503524
0.07106651202775538
0.09021830698475242
0.05816305987536907
0.09143066592514515
0.0973941299598664
0.09285098011605442
0.09681142889894545
0.09591809590347111
0.06108312401920557
0.09432116593234241
0.1175762889906764
0.09303345205262303
0.09061564598232508
0.12170206685550511
0.08960040006786585
0.08931028586812317
0.09110859385691583
0.1188303220551461
0.09650358511134982
0.09060167102143168
0.09719872381538153
0.10148867894895375
0.09409189992584288
0.12255803402513266
0.09167541586793959
0.08826136100105941
0.09075712412595749
0.09380361111834645
0.12498645321466029
0.089978865114972
0.08902971190400422
0.12113854312337935
0.12244754005223513
0.09515054011717439
0.13675836916081607
0.09512990107759833
0.05976823694072664
