0.4404809910338372
0.06742566707544029
0.06423857505433261
0.18565887701697648
0.09481048001907766
0.16494343802332878
0.09482034388929605
0.09385784203186631
0.18732866318896413
0.21665539615787566
0.08776934212073684
0.09231809503398836
0.060017413925379515
0.2529263589531183
0.09474111115559936
0.12566538900136948
0.12651144014671445
0.09398002806119621
0.12464883900247514
0.058815605007112026
0.15356584708206356
0.10138754500076175
0.09154478088021278
0.09072717488743365
0.05827481113374233
0.13159576593898237
0.09234653413295746
0.12075057299807668
0.12374814902432263
0.09067741897888482
0.1194130009971559
0.09180680615827441
0.15577550907619298
0.1574525530450046
0.09190192678943276
0.09321278799325228
0.10617866809479892
0.05930488300509751
0.12160576786845922
0.06097248801961541
0.09188254200853407
0.09050768497399986
0.0965272169560194
0.08973128697834909
0.08826532820239663
0.11989484005607665
0.06317062489688396
0.09362765680998564
0.09159597591497004
0.12249486288055778
