0.49138689041137695
0.048853158950805664
0.04687213897705078
0.03416037559509277
0.03184175491333008
0.04089498519897461
0.034422874450683594
0.04031825065612793
0.035097360610961914
0.0371088981628418
0.03285098075866699
0.03394770622253418
0.043355703353881836
0.03999662399291992
0.03695821762084961
0.03008723258972168
0.034440040588378906
0.03600597381591797
0.03880429267883301
0.03836321830749512
0.03255486488342285
0.03368806838989258
0.054117441177368164
0.03562426567077637
0.040035247802734375
0.0441133975982666
0.031117677688598633
0.03403329849243164
0.029181718826293945
0.0340113639831543
0.03733348846435547
0.036626338958740234
0.03288984298706055
0.030295848846435547
0.03207659721374512
0.04184770584106445
0.030101776123046875
0.03217458724975586
0.029844045639038086
0.037162065505981445
0.03554224967956543
0.030948162078857422
0.03449845314025879
0.031526803970336914
0.029139995574951172
0.04106616973876953
0.02996969223022461
0.029261350631713867
0.04078054428100586
0.02973175048828125
