0.42054271697998047
0.037323951721191406
0.03312063217163086
0.035546064376831055
0.04539632797241211
0.03396868705749512
0.028459548950195312
0.029399871826171875
0.03419828414916992
0.030927419662475586
0.03255581855773926
0.03406858444213867
0.03315305709838867
0.055716514587402344
0.03335714340209961
0.05009031295776367
0.04208636283874512
0.029325246810913086
0.03459048271179199
0.031499624252319336
0.03372931480407715
0.034288644790649414
0.03670811653137207
0.03407621383666992
0.04627633094787598
0.02896404266357422
0.03337454795837402
0.036141157150268555
0.03138875961303711
0.038281917572021484
0.028526782989501953
0.035813093185424805
0.03780794143676758
0.03708386421203613
0.03198528289794922
0.05230426788330078
0.03193545341491699
0.030387163162231445
0.036774396896362305
0.03780317306518555
0.02871990203857422
0.03066539764404297
0.02932596206665039
0.036031484603881836
0.030140161514282227
0.0312192440032959
0.043253421783447266
0.07115554809570312
0.06266307830810547
0.0346376895904541
