0.1622452735900879
0.036957740783691406
0.03539443016052246
0.03637266159057617
0.04979085922241211
0.03251385688781738
0.037322998046875
0.05530428886413574
0.03742814064025879
0.032311201095581055
0.04443788528442383
0.035167694091796875
0.03127694129943848
0.030011892318725586
0.0335085391998291
0.03194880485534668
0.031603097915649414
0.03758072853088379
0.030344486236572266
0.032502174377441406
0.03831791877746582
0.03980565071105957
0.034932613372802734
0.03234720230102539
0.03367900848388672
0.032624006271362305
0.04352831840515137
0.03571820259094238
0.03477358818054199
0.032750606536865234
0.04366111755371094
0.03635597229003906
0.04549098014831543
0.03369712829589844
0.033911943435668945
0.0459136962890625
0.0329132080078125
0.03114485740661621
0.031452178955078125
0.04008316993713379
0.03502845764160156
0.0308072566986084
0.040670156478881836
0.031816959381103516
0.030732393264770508
0.03780984878540039
0.033921003341674805
0.03673505783081055
0.03735923767089844
0.03486895561218262
