0.13025593757629395
0.035726070404052734
0.039785146713256836
0.03759932518005371
0.035486698150634766
0.03443717956542969
0.046732425689697266
0.0536189079284668
0.0574338436126709
0.04804587364196777
0.04217410087585449
0.04616570472717285
0.04311347007751465
0.04117465019226074
0.03786802291870117
0.06212973594665527
0.06794238090515137
0.055094242095947266
0.03468918800354004
0.058145999908447266
0.0545957088470459
0.0344691276550293
0.04359126091003418
0.03815937042236328
0.03727126121520996
0.06018257141113281
0.039933204650878906
0.04478597640991211
0.03791213035583496
0.03394031524658203
0.04401707649230957
0.04072093963623047
0.03618669509887695
0.0853421688079834
0.057106971740722656
0.0344998836517334
0.06615447998046875
0.053583383560180664
0.0344088077545166
0.03631925582885742
0.036689043045043945
0.03589606285095215
0.03393983840942383
0.05933523178100586
0.036481618881225586
0.040148258209228516
0.03184819221496582
0.03449416160583496
0.0425257682800293
0.04223227500915527
