0.043446593917906284
0.022553800139576197
0.024752632016316056
0.024175080936402082
0.02419682894833386
0.02529313089326024
0.026050426997244358
0.031819822965189815
0.026422010036185384
0.024241829058155417
0.025000024121254683
0.02683380013331771
0.0240157269872725
0.02486995398066938
0.025020044995471835
0.024168133968487382
0.023659219965338707
0.02454165113158524
0.02712923288345337
0.027526177931576967
0.026948857819661498
0.024827142944559455
0.02523662894964218
0.024718410102650523
0.02579083596356213
0.029700654093176126
0.024815578013658524
0.024227473186329007
0.02702443697489798
0.02493168180808425
0.025912789860740304
0.025537499925121665
0.024356683949008584
0.02387112402357161
0.028440407942980528
0.025123317958787084
0.02369945589452982
0.02432033489458263
0.02401096187531948
0.028507774928584695
0.024848276982083917
0.027045296039432287
0.02814248693175614
0.02320248493924737
0.026392789790406823
0.02297393511980772
0.025470932945609093
0.022901575081050396
0.023775606881827116
0.02577563701197505
