0.3483742829412222
0.2776605279650539
0.21494238497689366
0.21306275483220816
0.12282709102146327
0.18473804905079305
0.057982158148661256
0.2425371038261801
0.060112450970336795
0.12174793588928878
0.21379880793392658
0.12361706607043743
0.09169399691745639
0.18387125618755817
0.1190448640845716
0.09339962108060718
0.08933128812350333
0.08809114713221788
0.09059916087426245
0.09228577697649598
0.059536544140428305
0.18259418988600373
0.10038723517209291
0.12873504892922938
0.08867536601610482
0.11892778496257961
0.09819286316633224
0.09546606102958322
0.12301181093789637
0.09257742203772068
0.09465434309095144
0.056712242774665356
0.12490312405861914
0.15177172305993736
0.1552960390690714
0.09420328796841204
0.08805502601899207
0.15219295397400856
0.09539289586246014
0.0929155689664185
0.12348298286087811
0.09086032421328127
0.12020620098337531
0.09665432898327708
0.088648681063205
0.21657101600430906
0.12195788603276014
0.09877463593147695
0.09926879801787436
0.09193280409090221
