0.2490946939215064
0.10288592288270593
0.032372475136071444
0.09442586405202746
0.11883353115990758
0.03196168504655361
0.08907842310145497
0.08850116888061166
0.09210004121996462
0.088116206927225
0.11957762483507395
0.12200494110584259
0.09218889405019581
0.03222859208472073
0.09142303210683167
0.08908125082962215
0.0875595179386437
0.09334507398307323
0.09867638605646789
0.08760988805443048
0.08702958398498595
0.1203888941090554
0.1001786570996046
0.09076332696713507
0.09446338191628456
0.0898110861890018
0.11795209883712232
0.02689463389106095
0.08942467207089067
0.08891263417899609
0.08794623496942222
0.025962413987144828
0.0902685399632901
0.12325407098978758
0.0882401061244309
0.08797520492225885
0.09253053390420973
0.15247154491953552
0.11960816103965044
0.0887005168478936
0.08897162787616253
0.1181995749939233
0.08950619795359671
0.0877441568300128
0.1202453391160816
0.05886784289032221
0.09112351504154503
0.08832822693511844
0.09194847592152655
0.08835542784072459
