0.7121922969818115
0.03251361846923828
0.04285931587219238
0.041284799575805664
0.044731855392456055
0.034967899322509766
0.03875732421875
0.03318142890930176
0.042650699615478516
0.05044674873352051
0.07481598854064941
0.044348716735839844
0.03653240203857422
0.03974008560180664
0.04090476036071777
0.036638736724853516
0.039658546447753906
0.038960933685302734
0.03972768783569336
0.038237810134887695
0.03223299980163574
0.035303354263305664
0.0858457088470459
0.03646969795227051
0.03296780586242676
0.03951692581176758
0.03493094444274902
0.03204941749572754
0.058760643005371094
0.035529375076293945
0.04738879203796387
0.04629087448120117
0.038277387619018555
0.03793931007385254
0.054726362228393555
0.0390322208404541
0.036588191986083984
0.06269383430480957
0.043927907943725586
0.04390525817871094
0.04894685745239258
0.05151724815368652
0.04134654998779297
0.03638792037963867
0.042824506759643555
0.036087751388549805
0.04561305046081543
0.0440213680267334
0.052446603775024414
0.04384732246398926
