0.2946901321411133
0.027886629104614258
0.027214765548706055
0.02758169174194336
0.028824329376220703
0.02831578254699707
0.029742956161499023
0.028472423553466797
0.026619434356689453
0.02785658836364746
0.0372769832611084
0.03313183784484863
0.0292813777923584
0.029636383056640625
0.03133273124694824
0.029425382614135742
0.028256893157958984
0.03929758071899414
0.030554533004760742
0.03197789192199707
0.02843785285949707
0.03571438789367676
0.034476280212402344
0.03253936767578125
0.028130054473876953
0.033362388610839844
0.02774834632873535
0.04248642921447754
0.028078556060791016
0.031069278717041016
0.028250455856323242
0.03638601303100586
0.03595590591430664
0.030022382736206055
0.033879995346069336
0.03155922889709473
0.02827143669128418
0.028435468673706055
0.03279376029968262
0.03158116340637207
0.028293371200561523
0.03691840171813965
0.03574037551879883
0.030565261840820312
0.03226804733276367
0.030074119567871094
0.029541492462158203
0.032323360443115234
0.04794883728027344
0.030458688735961914
