0.04736565216444433
0.03300479706376791
0.16998482285998762
0.050079785054549575
0.024463382083922625
0.039005724946036935
0.03350929100997746
0.030041757971048355
0.02651018602773547
0.049177490174770355
0.028364568017423153
0.041485605062916875
0.024288443848490715
0.04083065199665725
0.03913197899237275
0.027444181963801384
0.024508300935849547
0.046923414804041386
0.03619277384132147
0.03311230498366058
0.03580517694354057
0.037757761077955365
0.025594223057851195
0.0238875700160861
0.025699342833831906
0.025739169912412763
0.02448698994703591
0.03989179199561477
0.025204784935340285
0.02379196509718895
0.02849285793490708
0.024640640011057258
0.0293986308388412
0.023973403964191675
0.02725241589359939
0.029974315082654357
0.03745512291789055
0.03227113117463887
0.02406126307323575
0.025562912924215198
0.033874345012009144
0.281657453160733
0.03468875982798636
0.027145535917952657
0.026118041947484016
0.03995872405357659
0.024041342083364725
0.02407477400265634
0.028157094959169626
0.02432070579379797
