0.041867451975122094
0.03156144195236266
0.028655807953327894
0.02934167697094381
0.031608195044100285
0.03256857907399535
0.02867385814897716
0.034307047026231885
0.029366211034357548
0.025270887184888124
0.02717882301658392
0.02992132492363453
0.038028710056096315
0.052393031073734164
0.027261835988610983
0.030082251876592636
0.029488606844097376
0.026693850988522172
0.029658572981134057
0.026494487887248397
0.027624235954135656
0.030766879906877875
0.03026007697917521
0.029160270933061838
0.028119185008108616
0.023309354903176427
0.028400385985150933
0.03139249701052904
0.027045645052567124
0.03869984904304147
0.029329635901376605
0.026556886034086347
0.029834097949787974
0.027545938966795802
0.026156533043831587
0.029454231029376388
0.030403960961848497
0.027186949970200658
0.0243818829767406
0.030188160948455334
0.029348958050832152
0.028730913065373898
0.02720747096464038
0.042730828979983926
0.031174314906820655
0.027208684012293816
0.026963066076859832
0.027734002098441124
0.03021951694972813
0.030466648982837796
