0.3439459800720215
0.03030681610107422
0.03015422821044922
0.02942061424255371
0.030234336853027344
0.034511566162109375
0.03079056739807129
0.03062605857849121
0.02936100959777832
0.028005361557006836
0.027834415435791016
0.035269737243652344
0.028531551361083984
0.029659748077392578
0.038631439208984375
0.030954599380493164
0.0312197208404541
0.029998779296875
0.03170657157897949
0.029339075088500977
0.03447246551513672
0.031066179275512695
0.03168034553527832
0.02838420867919922
0.03052496910095215
0.030361175537109375
0.0328822135925293
0.028920412063598633
0.03293609619140625
0.029410839080810547
0.03348398208618164
0.0375370979309082
0.035782575607299805
0.030915260314941406
0.029720544815063477
0.029237747192382812
0.03894233703613281
0.04257464408874512
0.0290679931640625
0.031408071517944336
0.032335758209228516
0.03532528877258301
0.028014183044433594
0.029750347137451172
0.029354333877563477
0.029092788696289062
0.030179262161254883
0.03668093681335449
0.029570579528808594
0.04679417610168457
