0.039289236068725586
0.02734994888305664
0.02736353874206543
0.026861906051635742
0.027265310287475586
0.025759220123291016
0.026109933853149414
0.02817702293395996
0.027173757553100586
0.027193307876586914
0.025936365127563477
0.026822328567504883
0.02983856201171875
0.03272724151611328
0.03163933753967285
0.028926372528076172
0.02706456184387207
0.027953624725341797
0.03336811065673828
0.027559995651245117
0.03342914581298828
0.031929731369018555
0.0268402099609375
0.03146862983703613
0.02889108657836914
0.028186321258544922
0.029068470001220703
0.028986454010009766
0.03027939796447754
0.027322769165039062
0.03175473213195801
0.030035018920898438
0.028428316116333008
0.030373811721801758
0.02852010726928711
0.028744935989379883
0.030796289443969727
0.03312110900878906
0.03234529495239258
0.026970624923706055
0.028385400772094727
0.026416540145874023
0.029573440551757812
0.03276348114013672
0.04152417182922363
0.02999567985534668
0.0281217098236084
0.02813267707824707
0.02782917022705078
0.033915042877197266
