0.10347771644592285
0.03925633430480957
0.030541181564331055
0.0282440185546875
0.03705883026123047
0.03989529609680176
0.036931753158569336
0.0313258171081543
0.03283429145812988
0.03054046630859375
0.039804935455322266
0.03783416748046875
0.030256271362304688
0.030637741088867188
0.028447866439819336
0.030125141143798828
0.030678749084472656
0.03328442573547363
0.031842947006225586
0.034664154052734375
0.02782297134399414
0.029379844665527344
0.029916763305664062
0.031693458557128906
0.03433632850646973
0.03785085678100586
0.03101348876953125
0.029345273971557617
0.028350353240966797
0.029968976974487305
0.038016557693481445
0.028436660766601562
0.0388181209564209
0.03908824920654297
0.03343081474304199
0.040926218032836914
0.031868696212768555
0.03891324996948242
0.03188800811767578
0.03134346008300781
0.02792525291442871
0.03345203399658203
0.03932499885559082
0.035863637924194336
0.02839517593383789
0.03465008735656738
0.02911210060119629
0.03328418731689453
0.03294491767883301
0.03453683853149414
