0.0696666871663183
0.056005103047937155
0.05749925994314253
0.05629432899877429
0.06157597596757114
0.060417371802031994
0.05831071292050183
0.0568880548235029
0.06160449096933007
0.0543823370244354
0.056061078095808625
0.05573880299925804
0.056098636938259006
0.058056280948221684
0.056148049887269735
0.05830751289613545
0.05579269281588495
0.06600431306287646
0.05647335108369589
0.06065219105221331
0.058628614991903305
0.05789334001019597
0.056835096096619964
0.055855511920526624
0.05541544687002897
0.05667231301777065
0.05664428882300854
0.0600060869473964
0.0658138410653919
0.05527039780281484
0.06007093912921846
0.05771730002015829
0.05935791414231062
0.05600838316604495
0.06817373307421803
0.059678166173398495
0.058095316868275404
0.0548445291351527
0.056506530148908496
0.05627407017163932
0.06074144318699837
0.058446415001526475
0.05760438391007483
0.05942046898417175
0.05583965894766152
0.061985493870452046
0.06315944204106927
0.06140993884764612
0.056090353056788445
0.06165701593272388
