0.18440726213157177
0.09110027202405035
0.06092949490994215
0.024530902039259672
0.09233192913234234
0.13100939895957708
0.09051784500479698
0.08818286098539829
0.09126198012381792
0.11934985499829054
0.09535946696996689
0.0964322779327631
0.09378596697933972
0.09875379106961191
0.09015182894654572
0.1214024240616709
0.12205687793903053
0.0599986610468477
0.08691399800591171
0.12578088091686368
0.08953374903649092
0.09205377800390124
0.1343560421373695
0.08951926906593144
0.12420306308194995
0.09221510798670352
0.09059720789082348
0.0889058739412576
0.09573173010721803
0.09239040617831051
0.1256791998166591
0.12419452308677137
0.1187417150940746
0.05929665290750563
0.08889371692202985
0.09714171593077481
0.09502616408281028
0.11965258489362895
0.023404865991324186
0.11869068816304207
0.09033446991816163
0.121088364161551
0.11829998693428934
0.12798444787040353
0.08631629799492657
0.09732006303966045
0.11693201307207346
0.0236757539678365
0.08974177902564406
0.10092867608182132
