0.21569645800627768
0.10185923893004656
0.08838124596513808
0.08679423201829195
0.08765737200155854
0.1209313168656081
0.09134908602572978
0.09962771297432482
0.09194685518741608
0.09309131093323231
0.08950656512752175
0.09093588381074369
0.08956312597729266
0.09344076598063111
0.09800465707667172
0.09078571386635303
0.04147069784812629
0.0893193599767983
0.09481574012897909
0.09667020896449685
0.0882881348952651
0.09435927402228117
0.11828655516728759
0.11868695495650172
0.09035454993136227
0.08742848900146782
0.09637749590910971
0.023410347988829017
0.02400993905030191
0.022920127026736736
0.09425503411330283
0.12053457507863641
0.11835428699851036
0.12042573909275234
0.09052192699164152
0.09611101821064949
0.08935755584388971
0.09463404887355864
0.10180138982832432
0.09506047400645912
0.02403842005878687
0.08990479493513703
0.09028309304267168
0.08721027290448546
0.09095369419082999
0.09342627506703138
0.1193823388312012
0.0875196261331439
0.1327448298688978
0.09090357110835612
