0.27285218238830566
0.0489962100982666
0.03418588638305664
0.0557858943939209
0.044568538665771484
0.03466963768005371
0.06055474281311035
0.04106450080871582
0.048166513442993164
0.030942916870117188
0.03701138496398926
0.04400205612182617
0.036997079849243164
0.038099050521850586
0.059564828872680664
0.048630714416503906
0.04479789733886719
0.061902523040771484
0.06340646743774414
0.0327143669128418
0.03214144706726074
0.042018890380859375
0.04590749740600586
0.051055908203125
0.039901018142700195
0.04478883743286133
0.03226661682128906
0.03974032402038574
0.03409910202026367
0.03453469276428223
0.0573575496673584
0.06250143051147461
0.07047629356384277
0.04718279838562012
0.042812347412109375
0.05894184112548828
0.0346064567565918
0.04924774169921875
0.0481867790222168
0.05971407890319824
0.04907488822937012
0.03316140174865723
0.0339350700378418
0.04317927360534668
0.03536629676818848
0.03963422775268555
0.045061588287353516
0.05740690231323242
0.05009722709655762
0.03884100914001465
