0.1272141933441162
0.0678093433380127
0.03426074981689453
0.029079198837280273
0.04673886299133301
0.03461933135986328
0.03438258171081543
0.04440164566040039
0.04099416732788086
0.05837273597717285
0.03404736518859863
0.039461612701416016
0.03007984161376953
0.030349016189575195
0.033017873764038086
0.034121036529541016
0.03672361373901367
0.029734134674072266
0.04024314880371094
0.042017221450805664
0.03673386573791504
0.03509402275085449
0.037436485290527344
0.039702653884887695
0.03800845146179199
0.031138896942138672
0.030449867248535156
0.04003310203552246
0.05093717575073242
0.032813310623168945
0.03055119514465332
0.030162334442138672
0.18147730827331543
0.05896592140197754
0.04612565040588379
0.05940556526184082
0.05663895606994629
0.03241991996765137
0.030303955078125
0.07750129699707031
0.04989933967590332
0.03200054168701172
0.03675651550292969
0.044470787048339844
0.029322385787963867
0.039827823638916016
0.03918623924255371
0.03763747215270996
0.0292818546295166
0.029966115951538086
