0.032465758034959435
0.0265782349742949
0.02887845505028963
0.026902484940364957
0.03250898700207472
0.025715897092595696
0.023992600152269006
0.031227517873048782
0.02530201501213014
0.02879351400770247
0.026554197072982788
0.03436420694924891
0.025905084097757936
0.02353217895142734
0.02564030885696411
0.02312534092925489
0.029554828070104122
0.027176816947758198
0.025001124944537878
0.02665847190655768
0.02926270104944706
0.027397096157073975
0.027382899075746536
0.031218918040394783
0.030625249026343226
0.027232683030888438
0.024572938913479447
0.025920275133103132
0.029011583887040615
0.03328534704633057
0.026264968793839216
0.02843641280196607
0.026242508087307215
0.03162124892696738
0.025604142108932137
0.025345163885504007
0.03495689085684717
0.026467975927516818
0.026349412044510245
0.030977390008047223
0.02730411384254694
0.031047056196257472
0.035522209014743567
0.03128844709135592
0.026044375961646438
0.02519110799767077
0.03290233202278614
0.029005137039348483
0.02383199497126043
0.027693822979927063
