0.05941462516784668
0.033448219299316406
0.03258156776428223
0.028844833374023438
0.029314756393432617
0.031107664108276367
0.030135393142700195
0.03363966941833496
0.028144359588623047
0.030587434768676758
0.03115224838256836
0.035564422607421875
0.03769969940185547
0.02758336067199707
0.029433012008666992
0.034613847732543945
0.028065919876098633
0.027254819869995117
0.048958539962768555
0.02747511863708496
0.031183242797851562
0.02826523780822754
0.030385971069335938
0.03929328918457031
0.0334935188293457
0.030986785888671875
0.03434300422668457
0.029186248779296875
0.027335643768310547
0.030617713928222656
0.030996084213256836
0.03176569938659668
0.028388500213623047
0.034468889236450195
0.03530430793762207
0.029584884643554688
0.02810955047607422
0.0314023494720459
0.03393125534057617
0.03170061111450195
0.04178357124328613
0.03160285949707031
0.029128074645996094
0.040354013442993164
0.028685808181762695
0.0314030647277832
0.029687166213989258
0.030829429626464844
0.03079819679260254
0.030856609344482422
