0.055458784103393555
0.047742366790771484
0.029861927032470703
0.0974268913269043
0.031951904296875
0.04039263725280762
0.06522035598754883
0.03565645217895508
0.03223848342895508
0.030980825424194336
0.030816316604614258
0.04293632507324219
0.035924434661865234
0.0426788330078125
0.04360389709472656
0.044771671295166016
0.03330063819885254
0.04601287841796875
0.030566692352294922
0.033768415451049805
0.035643577575683594
0.030132055282592773
0.030269861221313477
0.030131101608276367
0.030088186264038086
0.032584428787231445
0.036087989807128906
0.11592912673950195
0.03538656234741211
0.03156709671020508
0.0576939582824707
0.030652284622192383
0.030841350555419922
0.03139185905456543
0.06632733345031738
0.028609275817871094
0.030611276626586914
0.03894448280334473
0.028801918029785156
0.028498411178588867
0.0330042839050293
0.0686945915222168
0.030904769897460938
0.03770256042480469
0.0324249267578125
0.048868417739868164
0.032794952392578125
0.032486915588378906
0.030673742294311523
0.030924081802368164
