0.03507566452026367
0.03203988075256348
0.03067183494567871
0.03377342224121094
0.030793190002441406
0.030344724655151367
0.042645931243896484
0.03165602684020996
0.06658697128295898
0.0534207820892334
0.03188657760620117
0.03670310974121094
0.03416252136230469
0.042046546936035156
0.031007766723632812
0.03769540786743164
0.033072710037231445
0.0433807373046875
0.03693199157714844
0.06249594688415527
0.03174614906311035
0.04504585266113281
0.03253674507141113
0.04005289077758789
0.29610157012939453
0.03771090507507324
0.029501676559448242
0.029857158660888672
0.03399300575256348
0.03782343864440918
0.042023420333862305
0.03198504447937012
0.03451967239379883
0.04228830337524414
0.03044915199279785
0.03508424758911133
0.05033111572265625
0.03027486801147461
0.034390926361083984
0.06787300109863281
0.03474617004394531
0.03424525260925293
0.045746564865112305
0.04881143569946289
0.03440403938293457
0.029315710067749023
0.037438154220581055
0.03768754005432129
0.03699469566345215
0.030967235565185547
