0.13306856155395508
0.03906893730163574
0.03779196739196777
0.04110407829284668
0.03306460380554199
0.03828597068786621
0.04070019721984863
0.034522294998168945
0.03344917297363281
0.03637242317199707
0.04260396957397461
0.035163164138793945
0.0439913272857666
0.03679656982421875
0.03104686737060547
0.03642582893371582
0.05171036720275879
0.037561655044555664
0.036682844161987305
0.04399275779724121
0.03372025489807129
0.0492548942565918
0.03562474250793457
0.040152549743652344
0.03232908248901367
0.036562204360961914
0.03239321708679199
0.03769230842590332
0.04074811935424805
0.03246712684631348
0.036379098892211914
0.03908133506774902
0.03797459602355957
0.03504776954650879
0.03845643997192383
0.04084467887878418
0.06650924682617188
0.03755044937133789
0.03145647048950195
0.035997629165649414
0.04903721809387207
0.03453826904296875
0.04360008239746094
0.04000449180603027
0.03248095512390137
0.05343937873840332
0.03292584419250488
0.03339505195617676
0.0356602668762207
0.03634953498840332
