0.04739658907055855
0.027054002974182367
0.027988045942038298
0.029949615942314267
0.029083658009767532
0.028090276988223195
0.02842956897802651
0.02914340398274362
0.029905824922025204
0.025607120944187045
0.026453638914972544
0.02645652391947806
0.0280191779602319
0.03386821993626654
0.02960226498544216
0.030999761074781418
0.030846643028780818
0.025392127223312855
0.031545865116640925
0.06030657887458801
0.033776745200157166
0.029681952903047204
0.0324881870765239
0.04311092500574887
0.02760031190700829
0.027386576170101762
0.0288754990324378
0.025775071000680327
0.028448665980249643
0.02883006795309484
0.030293730786070228
0.03233407693915069
0.027640409069135785
0.02740618586540222
0.03231129585765302
0.02926627197302878
0.02873112098313868
0.027356053004041314
0.028825259068980813
0.028139758855104446
0.030191480880603194
0.026958100963383913
0.029056841041892767
0.0296596169937402
0.029853894840925932
0.037280821008607745
0.030541494023054838
0.03192952601239085
0.031217848882079124
0.029037234839051962
