0.1136317253112793
0.03412938117980957
0.033220767974853516
0.03716325759887695
0.02829289436340332
0.03673577308654785
0.048323631286621094
0.0291750431060791
0.03239703178405762
0.05632305145263672
0.031807661056518555
0.02923440933227539
0.03047466278076172
0.03315401077270508
0.037590742111206055
0.03508949279785156
0.04253864288330078
0.032514095306396484
0.035611629486083984
0.0330047607421875
0.05433845520019531
0.042383670806884766
0.04018902778625488
0.030391454696655273
0.03267097473144531
0.03938603401184082
0.036415815353393555
0.03463101387023926
0.03271150588989258
0.029474496841430664
0.032011985778808594
0.03326749801635742
0.034158945083618164
0.03256058692932129
0.049051761627197266
0.03343558311462402
0.03872513771057129
0.037017107009887695
0.05612993240356445
0.033820152282714844
0.030759811401367188
0.03248143196105957
0.03875231742858887
0.03213095664978027
0.04557490348815918
0.03213810920715332
0.03383612632751465
0.03032207489013672
0.03634905815124512
0.03547191619873047
