0.4737527370452881
0.0283048152923584
0.048499345779418945
0.02923750877380371
0.054375410079956055
0.04730033874511719
0.042615413665771484
0.08852577209472656
0.025852441787719727
0.025062084197998047
0.028154373168945312
0.0244600772857666
0.0646505355834961
0.029334306716918945
0.04134345054626465
0.02449941635131836
0.025454282760620117
0.03943991661071777
0.024677038192749023
0.048880815505981445
0.03477072715759277
0.025768518447875977
0.03057551383972168
0.02556586265563965
0.02721881866455078
0.8398253917694092
0.03986406326293945
0.037036895751953125
0.03191423416137695
0.024501323699951172
0.02432417869567871
0.05346560478210449
0.03084421157836914
0.02715754508972168
0.024131059646606445
0.025950193405151367
0.02657175064086914
0.0237119197845459
0.024943828582763672
0.024933815002441406
0.025526046752929688
0.027713775634765625
0.0351710319519043
0.026751279830932617
0.025784730911254883
0.02582263946533203
0.023632526397705078
0.025406360626220703
0.025221824645996094
0.026093244552612305
