0.07173909898847342
0.06242085015401244
0.0631868070922792
0.05609526811167598
0.056737890001386404
0.056057900888845325
0.056678975000977516
0.05843644589185715
0.056643204065039754
0.05726764490827918
0.05696837906725705
0.05843126797117293
0.06337796500883996
0.06136648100800812
0.05536680016666651
0.05548464599996805
0.05578286899253726
0.060867171036079526
0.06331343809142709
0.05629185796715319
0.056302288779988885
0.06291568791493773
0.056612092070281506
0.060139714973047376
0.061046832939609885
0.0584209100343287
0.05634828400798142
0.056868711952120066
0.05447318102233112
0.05914740194566548
0.05991933890618384
0.05542677897028625
0.055998667841777205
0.0566302458755672
0.05963001702912152
0.05462345201522112
0.06137583497911692
0.05906177614815533
0.06221912591718137
0.05831492296420038
0.05528536601923406
0.05764586082659662
0.05710905510932207
0.0552187489811331
0.059092005947604775
0.05546896019950509
0.059277200140058994
0.06076278700493276
0.05582335405051708
0.0589505759999156
