0.5576865673065186
0.04078030586242676
0.030428409576416016
0.03199505805969238
0.03556394577026367
0.04378104209899902
0.0379636287689209
0.031157970428466797
0.029432058334350586
0.03846287727355957
0.03367877006530762
0.02884221076965332
0.04322552680969238
0.0328371524810791
0.03455018997192383
0.03090214729309082
0.04021263122558594
0.02896738052368164
0.03441166877746582
0.04293084144592285
0.04280209541320801
0.035996437072753906
0.028876543045043945
0.030591487884521484
0.03188014030456543
0.0293424129486084
0.033554792404174805
0.030633211135864258
0.029492855072021484
0.049787282943725586
0.03743100166320801
0.03698563575744629
0.028543949127197266
0.050780534744262695
0.03245902061462402
0.03275465965270996
0.03538632392883301
0.029615163803100586
0.03592824935913086
0.05235910415649414
0.03353238105773926
0.043358802795410156
0.03655076026916504
0.03367495536804199
0.036826372146606445
0.04164242744445801
0.030647754669189453
0.03487586975097656
0.03625798225402832
0.029719114303588867
