0.2264111042022705
0.03284883499145508
0.03712296485900879
0.03357696533203125
0.04517340660095215
0.04085707664489746
0.05069422721862793
0.03378558158874512
0.048134803771972656
0.04329419136047363
0.03735208511352539
0.03775167465209961
0.0494384765625
0.05932903289794922
0.06732678413391113
0.03649449348449707
0.03324484825134277
0.03829193115234375
0.03906583786010742
0.03469967842102051
0.03603649139404297
0.05160927772521973
0.03390169143676758
0.03551435470581055
0.0334935188293457
0.03295135498046875
0.03623604774475098
0.03161334991455078
0.0489499568939209
0.04081392288208008
0.033120155334472656
0.034070730209350586
0.03316998481750488
0.035379648208618164
0.03284287452697754
0.03846383094787598
0.03168368339538574
0.05589771270751953
0.05103325843811035
0.042079925537109375
0.03845381736755371
0.03783297538757324
0.04426074028015137
0.03282952308654785
0.0417017936706543
0.03180265426635742
0.032109737396240234
0.036460161209106445
0.032659292221069336
0.033751726150512695
