0.07301521301269531
0.03313112258911133
0.030916690826416016
0.02785634994506836
0.028171300888061523
0.027251243591308594
0.026108264923095703
0.02917170524597168
0.024094343185424805
0.0283968448638916
0.030336380004882812
0.028423786163330078
0.029590606689453125
0.027955055236816406
0.026401281356811523
0.026004552841186523
0.026709794998168945
0.0330350399017334
0.02682042121887207
0.02683544158935547
0.02716350555419922
0.03054499626159668
0.02855968475341797
0.029695510864257812
0.02679753303527832
0.03193020820617676
0.030741453170776367
0.030704021453857422
0.026356220245361328
0.025565385818481445
0.02696824073791504
0.03400731086730957
0.028378725051879883
0.031200885772705078
0.029462337493896484
0.029721975326538086
0.027829647064208984
0.029569387435913086
0.03209090232849121
0.028531312942504883
0.0300750732421875
0.028804540634155273
0.02746438980102539
0.02948164939880371
0.02592921257019043
0.027837038040161133
0.027846097946166992
0.029610157012939453
0.030030488967895508
0.0276031494140625
