0.07236968306824565
0.03076932393014431
0.03131534392014146
0.02868899190798402
0.029294039821252227
0.03107610810548067
0.0250403662212193
0.027009040117263794
0.03387706005014479
0.02454240503720939
0.02983829495497048
0.028107930906116962
0.024394650012254715
0.025131700094789267
0.024578557116910815
0.026984892785549164
0.02490171091631055
0.02994561195373535
0.028847296023741364
0.02533920295536518
0.026492984034121037
0.029959043953567743
0.028347540879622102
0.0255944209638983
0.026004699058830738
0.02469725185073912
0.027725194115191698
0.02670416794717312
0.03152730502188206
0.02909362711943686
0.025901891058310866
0.028023201040923595
0.02937732799910009
0.026006576139479876
0.02931592194363475
0.02703666500747204
0.02734149806201458
0.029950177995488048
0.034128709929063916
0.025982618099078536
0.026290933834388852
0.02594988187775016
0.027019690023735166
0.026994140120223165
0.02692426205612719
0.029951842036098242
0.026356433983892202
0.027765237959101796
0.02700095414184034
0.02577124396339059
