0.044547319412231445
0.08437848091125488
0.03381776809692383
0.036149024963378906
0.04158639907836914
0.030174732208251953
0.03549933433532715
0.03233051300048828
0.03558039665222168
0.029363393783569336
0.032441139221191406
0.029204130172729492
0.02997446060180664
0.040008544921875
0.040784358978271484
0.03216195106506348
0.0390622615814209
0.034271240234375
0.03404355049133301
0.03193259239196777
0.041173696517944336
0.03427290916442871
0.03248882293701172
0.06293535232543945
0.03374171257019043
0.04300546646118164
0.030881643295288086
0.04070854187011719
0.034139394760131836
0.029262304306030273
0.032343149185180664
0.03135037422180176
0.03253579139709473
0.034317970275878906
0.03598189353942871
0.03005051612854004
0.03224015235900879
0.03509330749511719
0.03311657905578613
0.034317731857299805
0.030856609344482422
0.04816937446594238
0.05423474311828613
0.03863716125488281
0.03787851333618164
0.03250837326049805
0.033208370208740234
0.03248739242553711
0.038763999938964844
0.032189130783081055
