0.055893990909680724
0.026586198015138507
0.027115719160065055
0.02929846104234457
0.028566198190674186
0.02370736817829311
0.025328662944957614
0.03167803003452718
0.025159652112051845
0.025290472898632288
0.025449660141021013
0.028349900851026177
0.027152801863849163
0.027136258082464337
0.02627949509769678
0.03153770696371794
0.0262501270044595
0.03324009315110743
0.027123193023726344
0.032700581941753626
0.031647353898733854
0.02748531592078507
0.025985724991187453
0.028377512004226446
0.023786825127899647
0.024713155115023255
0.026669244980439544
0.024816295132040977
0.026893495116382837
0.025603460147976875
0.028042513178661466
0.026301905047148466
0.028219835134223104
0.032433517975732684
0.024248088942840695
0.033338821958750486
0.03151135193184018
0.026795125799253583
0.0261238778475672
0.026151312980800867
0.02798112598247826
0.025029758922755718
0.026554551906883717
0.02664937707595527
0.024548005079850554
0.02826638100668788
0.02622137893922627
0.02582322317175567
0.03268257691524923
0.03043236001394689
