0.06142854690551758
0.04998636245727539
0.03224754333496094
0.03141903877258301
0.031707048416137695
0.03515625
0.03172898292541504
0.03762531280517578
0.029231786727905273
0.03777933120727539
0.03375744819641113
0.029095888137817383
0.04370236396789551
0.0413515567779541
0.029758214950561523
0.030678510665893555
0.046472787857055664
0.03543877601623535
0.03465104103088379
0.044042110443115234
0.03953433036804199
0.0307009220123291
0.0289456844329834
0.03133130073547363
0.04422712326049805
0.030780792236328125
0.034355878829956055
0.03460574150085449
0.03213047981262207
0.03756213188171387
0.030329227447509766
0.042881011962890625
0.04167938232421875
0.03720664978027344
0.031783103942871094
0.030716419219970703
0.038848161697387695
0.05243372917175293
0.03258061408996582
0.036194562911987305
0.03481340408325195
0.028326034545898438
0.03247261047363281
0.030623674392700195
0.0319666862487793
0.03134632110595703
0.029930830001831055
0.029849767684936523
0.03374791145324707
0.03577828407287598
