0.028962973970919847
0.024160864064469934
0.0254587319213897
0.026416554115712643
0.026806569891050458
0.029864340089261532
0.026538711041212082
0.02832887088879943
0.02715549198910594
0.029657532926648855
0.024823164101690054
0.03314333804883063
0.025146648986265063
0.025775038171559572
0.03187973494641483
0.02469084388576448
0.0256072620395571
0.02590434206649661
0.03022885392419994
0.02483549900352955
0.027571254177019
0.026755649829283357
0.02843444887548685
0.0239552219863981
0.047992643900215626
0.02466177917085588
0.026443486101925373
0.027680186089128256
0.02664348087273538
0.02807623497210443
0.030578950885683298
0.025825595017522573
0.026602239115163684
0.03455563494935632
0.028137192130088806
0.026704504853114486
0.027766829123720527
0.02532161306589842
0.027947556925937533
0.026269719935953617
0.033832852030172944
0.027641307096928358
0.025626624934375286
0.025714569026604295
0.02928695804439485
0.03282912517897785
0.027825171826407313
0.024915767833590508
0.02787758712656796
0.025910037104040384
