0.16387009620666504
0.0437777042388916
0.033966064453125
0.040387630462646484
0.04526042938232422
0.0426938533782959
0.04864788055419922
0.04522299766540527
0.04225325584411621
0.031248807907104492
0.04528617858886719
0.03431415557861328
0.04379081726074219
0.032996416091918945
0.04990530014038086
0.03457784652709961
0.14154863357543945
0.03976178169250488
0.03192424774169922
0.03602290153503418
0.034171104431152344
0.05185508728027344
0.03458666801452637
0.039510488510131836
0.04153561592102051
0.04527878761291504
0.03614950180053711
0.04325389862060547
0.04839062690734863
0.05068016052246094
0.03570723533630371
0.03308391571044922
0.0412600040435791
0.04091143608093262
0.06310248374938965
0.04800748825073242
0.04670071601867676
0.03730320930480957
0.04433608055114746
0.05576467514038086
0.03924679756164551
0.043721675872802734
0.03948664665222168
0.03886914253234863
0.03747749328613281
0.04209399223327637
0.03390860557556152
0.047406911849975586
0.040334463119506836
0.03757286071777344
