0.4020988941192627
0.02826833724975586
0.02988409996032715
0.028578996658325195
0.0303347110748291
0.0316615104675293
0.028390169143676758
0.02775716781616211
0.030263185501098633
0.028675317764282227
0.028658628463745117
0.030497074127197266
0.0298001766204834
0.028104066848754883
0.03022456169128418
0.04645276069641113
0.029687881469726562
0.03921389579772949
0.028509855270385742
0.04134869575500488
0.02754950523376465
0.03489422798156738
0.030408859252929688
0.029795408248901367
0.02959895133972168
0.030037879943847656
0.029572248458862305
0.036741018295288086
0.0338435173034668
0.02923750877380371
0.035372018814086914
0.0313563346862793
0.02784109115600586
0.033684730529785156
0.034734249114990234
0.029282808303833008
0.02899003028869629
0.03090524673461914
0.02918839454650879
0.029855728149414062
0.03312039375305176
0.028636932373046875
0.03022933006286621
0.03348660469055176
0.03242063522338867
0.028161048889160156
0.02961897850036621
0.032216787338256836
0.03610062599182129
0.03184866905212402
