0.16961431503295898
0.03806567192077637
0.0425107479095459
0.03352022171020508
0.03948569297790527
0.03310060501098633
0.04172110557556152
0.03544425964355469
0.03667950630187988
0.03755331039428711
0.03503608703613281
0.035562753677368164
0.03234410285949707
0.05813455581665039
0.03793668746948242
0.04958343505859375
0.03898429870605469
0.036333322525024414
0.03435659408569336
0.037284135818481445
0.04107356071472168
0.03529047966003418
0.0392918586730957
0.036185264587402344
0.05013394355773926
0.0357213020324707
0.04704785346984863
0.03194379806518555
0.03908848762512207
0.03391861915588379
0.03438282012939453
0.03394508361816406
0.053811073303222656
0.04198455810546875
0.043460845947265625
0.05104327201843262
0.03692173957824707
0.04684591293334961
0.03662538528442383
0.03728008270263672
0.04917478561401367
0.04416608810424805
0.03461170196533203
0.035988569259643555
0.04780721664428711
0.0379633903503418
0.04196500778198242
0.04129433631896973
0.035614967346191406
0.0419003963470459
