0.03403425216674805
0.027451276779174805
0.026687145233154297
0.028876066207885742
0.03466010093688965
0.03007793426513672
0.026683568954467773
0.03131294250488281
0.02715587615966797
0.029065847396850586
0.025487899780273438
0.02914881706237793
0.029369354248046875
0.0272829532623291
0.03681659698486328
0.02895641326904297
0.029445171356201172
0.02734661102294922
0.031189918518066406
0.028647661209106445
0.03330874443054199
0.02796316146850586
0.029756546020507812
0.027924299240112305
0.028670787811279297
0.028577089309692383
0.02716541290283203
0.030809640884399414
0.028300762176513672
0.036318302154541016
0.03845524787902832
0.0321352481842041
0.02819967269897461
0.029415607452392578
0.030382156372070312
0.02609539031982422
0.029816150665283203
0.02838897705078125
0.02861618995666504
0.03293323516845703
0.026755332946777344
0.0357975959777832
0.032167673110961914
0.026776552200317383
0.028261184692382812
0.03442811965942383
0.030003786087036133
0.029778003692626953
0.032859086990356445
0.03141069412231445
