0.047786712646484375
0.02781224250793457
0.04708552360534668
0.032753705978393555
0.03268861770629883
0.031722307205200195
0.028155088424682617
0.033130645751953125
0.03134608268737793
0.03567004203796387
0.028946638107299805
0.028974056243896484
0.031282901763916016
0.026973962783813477
0.02918267250061035
0.027859210968017578
0.028459548950195312
0.03408527374267578
0.034027099609375
0.03457331657409668
0.031627655029296875
0.02826714515686035
0.0276639461517334
0.027501583099365234
0.03468012809753418
0.028853178024291992
0.04435586929321289
0.0375065803527832
0.030843496322631836
0.03436923027038574
0.029996633529663086
0.030913114547729492
0.03728985786437988
0.03688764572143555
0.030405759811401367
0.030072927474975586
0.03448939323425293
0.03600478172302246
0.03366279602050781
0.037171125411987305
0.02993488311767578
0.04573464393615723
0.03624248504638672
0.028011560440063477
0.033041954040527344
0.030997514724731445
0.034113407135009766
0.03150224685668945
0.03384876251220703
0.03177976608276367
