0.493227481842041
0.025904417037963867
0.02500128746032715
0.027601242065429688
0.02722477912902832
0.024718284606933594
0.026564836502075195
0.02468585968017578
0.025627613067626953
0.024929285049438477
0.03529977798461914
0.02436208724975586
0.024332046508789062
0.02478814125061035
0.04567289352416992
0.024784326553344727
0.026940345764160156
0.02595376968383789
0.029247760772705078
0.02762889862060547
0.02768111228942871
0.027021169662475586
0.31295132637023926
0.02509021759033203
0.024640560150146484
0.031237363815307617
0.02604365348815918
0.030115365982055664
0.029837369918823242
0.026136398315429688
0.024247169494628906
0.027759790420532227
0.0247189998626709
0.028119325637817383
0.02514028549194336
0.02648639678955078
0.02597498893737793
0.02495288848876953
0.03643679618835449
0.026750802993774414
0.025338411331176758
0.03853917121887207
0.024122953414916992
0.024348735809326172
0.03412747383117676
0.02556777000427246
0.02551746368408203
0.02408313751220703
0.024027585983276367
0.024984121322631836
