0.03195428103208542
0.02607283811084926
0.03505671094171703
0.028022661106660962
0.026148736011236906
0.024306715931743383
0.03627657098695636
0.03081436804495752
0.02545371698215604
0.029703793115913868
0.02797494106926024
0.025630866177380085
0.029013173887506127
0.024942775955423713
0.0253976050298661
0.026462754933163524
0.02470215712673962
0.02574854902923107
0.028996595181524754
0.02457498013973236
0.029186413157731295
0.026222331216558814
0.030204169219359756
0.026914707152172923
0.02462829416617751
0.0283460330683738
0.025357107864692807
0.028213150799274445
0.030854046810418367
0.024478210136294365
0.032262072898447514
0.028246002970263362
0.026947182836011052
0.030563045060262084
0.027625087881460786
0.026232737116515636
0.026535345008596778
0.02652648207731545
0.027867349795997143
0.028476803097873926
0.030951305059716105
0.026008174987509847
0.024697972927242517
0.027066343929618597
0.02854010579176247
0.02455508103594184
0.024310106178745627
0.02482151798903942
0.02959253895096481
0.027504940051585436
