0.12673473358154297
0.03745770454406738
0.0343480110168457
0.03563427925109863
0.03375554084777832
0.04198122024536133
0.03166627883911133
0.03309345245361328
0.04755425453186035
0.046597957611083984
0.04046034812927246
0.03787946701049805
0.05496835708618164
0.032329559326171875
0.03234672546386719
0.034960269927978516
0.058806657791137695
0.04508638381958008
0.03984475135803223
0.03763628005981445
0.03592538833618164
0.031156301498413086
0.03174924850463867
0.030730009078979492
0.0366666316986084
0.08551788330078125
0.03783249855041504
0.0328066349029541
0.04196310043334961
0.03257632255554199
0.04789280891418457
0.05402398109436035
0.03435111045837402
0.043089866638183594
0.03763270378112793
0.03758096694946289
0.04644155502319336
0.03344297409057617
0.03081989288330078
0.03759574890136719
0.036240577697753906
0.03723549842834473
0.04244041442871094
0.0325472354888916
0.038555145263671875
0.058208465576171875
0.038352251052856445
0.03401589393615723
0.029288291931152344
0.0325472354888916
