0.05919981002807617
0.062131404876708984
0.03180384635925293
0.03724980354309082
0.08428311347961426
0.04364418983459473
0.030234813690185547
0.029768943786621094
0.03337669372558594
0.03675580024719238
0.033724308013916016
0.03265976905822754
0.039038896560668945
0.034311771392822266
0.03955483436584473
0.03401803970336914
0.04616379737854004
0.03035736083984375
0.04141950607299805
0.04284858703613281
0.0329129695892334
0.0702657699584961
0.05095958709716797
0.033336639404296875
0.05963945388793945
0.46524572372436523
0.08422636985778809
0.04451560974121094
0.04456377029418945
0.03886103630065918
0.035579681396484375
0.03277111053466797
0.034295082092285156
0.03788304328918457
0.04447317123413086
0.03561758995056152
0.030627727508544922
0.029204130172729492
0.02935791015625
0.030102968215942383
0.02923274040222168
0.04038548469543457
0.029379606246948242
0.02877950668334961
0.029016733169555664
0.038992881774902344
0.03276252746582031
0.03129172325134277
0.032231807708740234
0.03481292724609375
