1.0354385375976562
0.04326796531677246
0.04133486747741699
0.03948187828063965
0.03665971755981445
0.04918813705444336
0.06468319892883301
0.038947105407714844
0.04267549514770508
0.06473064422607422
0.040584564208984375
0.03817152976989746
0.03978323936462402
0.03431105613708496
0.04850935935974121
0.037227630615234375
0.039273977279663086
0.03183102607727051
0.037409067153930664
0.051627397537231445
0.06395983695983887
0.0415346622467041
0.03483295440673828
0.03762245178222656
0.07362222671508789
0.04257011413574219
0.03556466102600098
0.036427974700927734
0.06544232368469238
0.038637399673461914
0.03532528877258301
0.040192365646362305
0.04828381538391113
0.04277539253234863
0.03536844253540039
0.038932085037231445
0.047672271728515625
0.041330575942993164
0.04842209815979004
0.03963923454284668
0.041803836822509766
0.04734516143798828
0.04203510284423828
0.03934669494628906
0.03753089904785156
0.034758806228637695
0.04123282432556152
0.04979896545410156
0.04243326187133789
0.04011178016662598
