0.05948208179324865
0.06695784186013043
0.057528465054929256
0.058421619003638625
0.058075760025531054
0.05559831904247403
0.06301235896535218
0.06263701105490327
0.06043576681986451
0.05799954594112933
0.056224887957796454
0.061295109800994396
0.05488007492385805
0.05546565097756684
0.061146048130467534
0.055888052098453045
0.05559685407206416
0.05828699213452637
0.05887548509053886
0.05787187581881881
0.0580649240873754
0.05469111609272659
0.06756554008461535
0.06768688606098294
0.05825648200698197
0.05459691700525582
0.062470975099131465
0.05681351013481617
0.05982224200852215
0.05487853614613414
0.05915091698989272
0.056355205131694674
0.05422524502500892
0.05963808111846447
0.05510317301377654
0.05579169397242367
0.05644958792254329
0.05724641005508602
0.0591079059522599
0.06124097807332873
0.05616980907507241
0.059268262004479766
0.05819248897023499
0.06239551096223295
0.06705037294887006
0.05457902513444424
0.05912523786537349
0.057998475851491094
0.057576702907681465
0.058627443853765726
