0.06340887979604304
0.027855360880494118
0.026934002060443163
0.0274392559658736
0.030039752833545208
0.02629564213566482
0.025760732125490904
0.033260541036725044
0.03248430509120226
0.03530750796198845
0.028992447070777416
0.027511436957865953
0.027791122905910015
0.026872189017012715
0.02918350207619369
0.03228260902687907
0.027699426049366593
0.027758863056078553
0.03769595897756517
0.03055823501199484
0.02783917705528438
0.03520306199789047
0.03310712496750057
0.032168966019526124
0.026406964054331183
0.02770513202995062
0.028326383093371987
0.03424319811165333
0.03249597386457026
0.028243371983990073
0.03395016607828438
0.027894817991182208
0.030366012826561928
0.026703509967774153
0.03813227592036128
0.027941372012719512
0.028351556044071913
0.028919177129864693
0.02643652493134141
0.031090386910364032
0.027714531170204282
0.029621066991239786
0.028139068046584725
0.030220899963751435
0.029208890162408352
0.03677685698494315
0.02821242599748075
0.02807700098492205
0.027840798953548074
0.028306271880865097
