0.11921171890571713
0.03001306182704866
0.024016983807086945
0.025737721007317305
0.02358232089318335
0.027454230934381485
0.023977685952559114
0.03184916917234659
0.024496121099218726
0.025052411016076803
0.023395658936351538
0.033076751977205276
0.025129400193691254
0.024921751115471125
0.024896828923374414
0.027314594015479088
0.023113775998353958
0.026292141992598772
0.03182673500850797
0.02948515396565199
0.027139126090332866
0.024501602863892913
0.027316132094711065
0.02485492592677474
0.02587384101934731
0.024567404063418508
0.024658893002197146
0.027818541042506695
0.025512109976261854
0.025413263821974397
0.024233167991042137
0.026554191019386053
0.027733339928090572
0.038808105047792196
0.026927649974822998
0.026061340933665633
0.02637293701991439
0.026492425007745624
0.02631009486503899
0.025594890117645264
0.023657610872760415
0.0253939819522202
0.026552936993539333
0.02878550998866558
0.024419927038252354
0.025977532844990492
0.024570251116529107
0.027675573946908116
0.026021370897069573
0.027909752214327455
