0.06297492980957031
0.034471988677978516
0.03247642517089844
0.03108954429626465
0.030057430267333984
0.027897119522094727
0.0310971736907959
0.029128074645996094
0.0288846492767334
0.02905416488647461
0.030452728271484375
0.03228449821472168
0.026653528213500977
0.03155660629272461
0.03226017951965332
0.03320050239562988
0.02712273597717285
0.033945322036743164
0.028738737106323242
0.03305244445800781
0.030148029327392578
0.03196549415588379
0.037071943283081055
0.027490854263305664
0.032028913497924805
0.03954172134399414
0.029932737350463867
0.03375697135925293
0.032883405685424805
0.03065633773803711
0.03220343589782715
0.03724861145019531
0.028187990188598633
0.030974149703979492
0.0382997989654541
0.03031301498413086
0.030652999877929688
0.03209400177001953
0.02856612205505371
0.030527591705322266
0.04923272132873535
0.03100442886352539
0.029969453811645508
0.030825138092041016
0.031125783920288086
0.03339028358459473
0.031082868576049805
0.03258228302001953
0.03016185760498047
0.03212714195251465
