0.08312719990499318
0.02552251797169447
0.08812069520354271
0.09199630189687014
0.02750292094424367
0.02422365010716021
0.02610904397442937
0.028860389022156596
0.09184722299687564
0.024707883829250932
0.025463063037022948
0.025661031948402524
0.02441365411505103
0.024714329978451133
0.026803984073922038
0.025237528840079904
0.03641097084619105
0.026238125981763005
0.025504557881504297
0.030031014932319522
0.02422011294402182
0.02775646699592471
0.02727187005802989
0.029318107990548015
0.024893904104828835
0.02785126189701259
0.02720573707483709
0.027475715149194002
0.025506539037451148
0.02475511096417904
0.024513385957106948
0.027039236156269908
0.027111319126561284
0.025313189020380378
0.027693520998582244
0.025291356025263667
0.026037186849862337
0.024630316998809576
0.024487909860908985
0.028250596020370722
0.0246344031766057
0.026381028117612004
0.023608786053955555
0.027810487896203995
0.025731812929734588
0.027281719027087092
0.02572652488015592
0.030727466102689505
0.029161032987758517
0.02655983786098659
