0.03813360398635268
0.02677226602099836
0.027675954159349203
0.026275642914697528
0.027054360136389732
0.02666565519757569
0.029407107969745994
0.026652839966118336
0.02600241987966001
0.0331434600520879
0.0257878378033638
0.025031021097674966
0.0247306190431118
0.031008053105324507
0.02401125617325306
0.028187945019453764
0.030036468990147114
0.026074939873069525
0.025351125048473477
0.026064918842166662
0.023979180958122015
0.029599984176456928
0.024726805044338107
0.028040376026183367
0.027085653971880674
0.02655180008150637
0.031714050797745585
0.027964970096945763
0.0312574899289757
0.027037482941523194
0.028353267116472125
0.028363029938191175
0.024952474050223827
0.025396005949005485
0.026429395889863372
0.029485144885256886
0.027486955048516393
0.027470458997413516
0.02907082485035062
0.030624289996922016
0.02458124002441764
0.03444640105590224
0.02559855207800865
0.027157337171956897
0.03223104402422905
0.02423735777847469
0.027024901937693357
0.030039602890610695
0.027970826951786876
0.02508475282229483
