0.13469719886779785
0.03809547424316406
0.03751015663146973
0.04634499549865723
0.035395145416259766
0.048915863037109375
0.03629708290100098
0.04798531532287598
0.0368037223815918
0.03323936462402344
0.035759925842285156
0.03482341766357422
0.03297758102416992
0.03229832649230957
0.03757882118225098
0.035919189453125
0.05105733871459961
0.03810834884643555
0.041570425033569336
0.04147839546203613
0.05816054344177246
0.04048800468444824
0.04037809371948242
0.03710150718688965
0.03325796127319336
0.038969993591308594
0.04170584678649902
0.030740976333618164
0.03940749168395996
0.03461956977844238
0.03453850746154785
0.041704654693603516
0.042902231216430664
0.042693138122558594
0.03564572334289551
0.03515911102294922
0.033937692642211914
0.03154325485229492
0.03231024742126465
0.0320584774017334
0.040074825286865234
0.03294038772583008
0.04499006271362305
0.041914939880371094
0.03293323516845703
0.03257870674133301
0.03293466567993164
0.032704830169677734
0.03983736038208008
0.03472757339477539
