0.07085982989519835
0.02709778700955212
0.027586977928876877
0.04829857009463012
0.031977170845493674
0.030208667973056436
0.035505480132997036
0.030423720832914114
0.028577771037817
0.03543657390400767
0.031180209945887327
0.025722882943227887
0.03615165292285383
0.03788600116968155
0.03434043982997537
0.024474546080455184
0.03279737010598183
0.033898979891091585
0.032007128931581974
0.03609174396842718
0.03902522101998329
0.024895865935832262
0.024066907819360495
0.10228303796611726
0.026771223172545433
0.02475336194038391
0.028286535991355777
0.029244753997772932
0.02436326607130468
0.02419743314385414
0.03407537005841732
0.032727852929383516
0.026827838039025664
0.029695383040234447
0.030813436955213547
0.0262478559743613
0.042645670007914305
0.037471304181963205
0.02732154494151473
0.024052337044849992
0.02522885100916028
0.02907129400409758
0.023051519878208637
0.0249729179777205
0.024516497971490026
0.02523230714723468
0.02538532600738108
0.024205199908465147
0.024477066937834024
0.0273905370850116
