0.09438014030456543
0.035804033279418945
0.03595423698425293
0.036281585693359375
0.03592228889465332
0.038039445877075195
0.03419661521911621
0.04164409637451172
0.03137063980102539
0.038797616958618164
0.03287553787231445
0.03527355194091797
0.03463435173034668
0.04131746292114258
0.03448081016540527
0.03759908676147461
0.039736032485961914
0.03611946105957031
0.03400301933288574
0.03414320945739746
0.04379606246948242
0.03314328193664551
0.03433394432067871
0.04254508018493652
0.03710365295410156
0.05748581886291504
0.031033039093017578
0.04109954833984375
0.03577232360839844
0.02968907356262207
0.03057575225830078
0.1656651496887207
0.047162771224975586
0.042204856872558594
0.031520843505859375
0.037894248962402344
0.037882089614868164
0.057355403900146484
0.04718279838562012
0.048572540283203125
0.03140091896057129
0.032144784927368164
0.03439474105834961
0.050643205642700195
0.041860103607177734
0.031964778900146484
0.03076314926147461
0.030791282653808594
0.033869266510009766
0.0343317985534668
