0.2662813663482666
0.04614853858947754
0.03392195701599121
0.036171674728393555
0.04189872741699219
0.032837867736816406
0.03251314163208008
0.034627676010131836
0.034191131591796875
0.0301668643951416
0.04380679130554199
0.0379788875579834
0.039556264877319336
0.03492116928100586
0.04040336608886719
0.029685497283935547
0.032169342041015625
0.037676334381103516
0.037496089935302734
0.03764915466308594
0.03194761276245117
0.03813743591308594
0.03602910041809082
0.032698869705200195
0.033551931381225586
0.032930850982666016
0.03535103797912598
0.03186488151550293
0.03488421440124512
0.03709769248962402
0.030045032501220703
0.042545318603515625
0.033295392990112305
0.03366851806640625
0.03351140022277832
0.03433680534362793
0.03763914108276367
0.03351855278015137
0.04025530815124512
0.03427243232727051
0.029864788055419922
0.030098676681518555
0.03594684600830078
0.03497791290283203
0.032347917556762695
0.047635793685913086
0.04010629653930664
0.031598567962646484
0.03862476348876953
0.03522133827209473
