0.07304978370666504
0.03203129768371582
0.028789281845092773
0.02863454818725586
0.031462907791137695
0.030209779739379883
0.03039383888244629
0.029684066772460938
0.02935028076171875
0.03916144371032715
0.034673452377319336
0.03684186935424805
0.03263044357299805
0.028910160064697266
0.029049396514892578
0.03343915939331055
0.027810096740722656
0.03777027130126953
0.029232263565063477
0.032094717025756836
0.028995513916015625
0.02895641326904297
0.03254890441894531
0.03294944763183594
0.02945566177368164
0.0330815315246582
0.030816078186035156
0.03139448165893555
0.027782678604125977
0.026837825775146484
0.0328519344329834
0.028831005096435547
0.02739691734313965
0.036543846130371094
0.0360102653503418
0.030296802520751953
0.03438067436218262
0.03285813331604004
0.03869175910949707
0.029067516326904297
0.03263497352600098
0.031641483306884766
0.029624462127685547
0.0318148136138916
0.036306142807006836
0.029241323471069336
0.0324559211730957
0.0310361385345459
0.03067922592163086
0.03094768524169922
