0.576329231262207
0.03980565071105957
0.06272292137145996
0.038403987884521484
0.033705711364746094
0.035032033920288086
0.11140751838684082
0.03436017036437988
0.03667736053466797
0.0633554458618164
0.043116092681884766
0.04158902168273926
0.040354013442993164
0.03808736801147461
0.04770994186401367
0.044011592864990234
0.0356142520904541
0.03734278678894043
0.04111790657043457
0.03812384605407715
0.0404508113861084
0.07342529296875
0.05121898651123047
0.03903770446777344
0.039060354232788086
0.04872894287109375
0.04241633415222168
0.03899955749511719
0.0370328426361084
0.03628206253051758
0.03611302375793457
0.03846120834350586
0.03832221031188965
0.04093647003173828
0.043546199798583984
0.03463578224182129
0.041481971740722656
0.039778947830200195
0.05907607078552246
0.1415255069732666
0.03481864929199219
0.03936338424682617
0.03781485557556152
0.03659391403198242
0.06071329116821289
0.04403233528137207
0.041979074478149414
0.07022500038146973
0.03998589515686035
0.0360569953918457
