0.051637887954711914
0.03465104103088379
0.028130292892456055
0.029834985733032227
0.04169750213623047
0.03144478797912598
0.03115701675415039
0.034340620040893555
0.027517318725585938
0.02876591682434082
0.02781844139099121
0.03039383888244629
0.02704787254333496
0.03110027313232422
0.03132963180541992
0.03125119209289551
0.030609130859375
0.029071331024169922
0.029904842376708984
0.041088104248046875
0.02697014808654785
0.03515005111694336
0.04387187957763672
0.0325009822845459
0.028175830841064453
0.0273745059967041
0.03262805938720703
0.029793262481689453
0.027710437774658203
0.030163049697875977
0.03690290451049805
0.03248119354248047
0.02850794792175293
0.032648563385009766
0.029569625854492188
0.030280590057373047
0.028479576110839844
0.03213906288146973
0.02691793441772461
0.02993488311767578
0.03604435920715332
0.03217720985412598
0.0294034481048584
0.027584314346313477
0.030705928802490234
0.03157305717468262
0.03159332275390625
0.029369592666625977
0.030320405960083008
0.028334617614746094
