0.7483711242675781
0.05699968338012695
0.054750680923461914
0.04052996635437012
0.04132795333862305
0.04142904281616211
0.03745698928833008
0.03345179557800293
0.04285120964050293
0.03563070297241211
0.038695335388183594
0.039618492126464844
0.035826921463012695
0.04039907455444336
0.051110267639160156
0.040140628814697266
0.04475998878479004
0.047396183013916016
0.03779911994934082
0.03295707702636719
0.04978013038635254
0.038659095764160156
0.03831362724304199
0.03357839584350586
0.0387115478515625
0.03902268409729004
0.03485369682312012
0.03758716583251953
0.04276585578918457
0.04068589210510254
0.047910451889038086
0.034551382064819336
0.035277366638183594
0.09183812141418457
0.1276712417602539
0.03771042823791504
0.037110328674316406
0.04036593437194824
0.03548121452331543
0.04145956039428711
0.03584432601928711
0.03390216827392578
0.04699110984802246
0.04461812973022461
0.039109230041503906
0.0430905818939209
0.043365478515625
0.04096627235412598
0.06307148933410645
0.048711538314819336
