0.3925624149851501
0.18662583897821605
0.3409179709851742
0.21504344092682004
0.2779726090375334
0.1549132198560983
0.15090523706749082
0.09156070789322257
0.21031571715138853
0.15287982299923897
0.06520796194672585
0.15091861505061388
0.1550793880596757
0.09114437899552286
0.13497130502946675
0.11649394105188549
0.1297228450421244
0.09872345300391316
0.05994371697306633
0.21126913907937706
0.09071966493502259
0.19092800607904792
0.15797369391657412
0.06297867419198155
0.08810041495598853
0.09951226809062064
0.0872073860373348
0.11823134706355631
0.12880501011386514
0.06457467493601143
0.057856344850733876
0.0911800239700824
0.1528025430161506
0.09216631995514035
0.08792737196199596
0.1232294999063015
0.06034922902472317
0.1820494330022484
0.11986366589553654
0.08904832694679499
0.08863149210810661
0.09354432299733162
0.08803508104756474
0.09460601699538529
0.06559982895851135
0.08902583085000515
0.09082386316731572
0.09171910816803575
0.12784287193790078
0.16226064693182707
