0.08414917392656207
0.05669154110364616
0.06296744593419135
0.055246922885999084
0.05589462001807988
0.060212560929358006
0.05703788413666189
0.05643645813688636
0.056432644836604595
0.07196028321050107
0.05431675584986806
0.05492054810747504
0.05479222093708813
0.05898630199953914
0.06573832407593727
0.06114901090040803
0.056137668900191784
0.06540239905007184
0.05759259616024792
0.05867003905586898
0.05561836599372327
0.05553150689229369
0.05715412995778024
0.058869732078164816
0.054989251075312495
0.0573466659989208
0.05571805592626333
0.05506404605694115
0.055651259142905474
0.05779254389926791
0.059628976974636316
0.05605002702213824
0.056580530013889074
0.06119227805174887
0.058600441087037325
0.05853546503931284
0.061584515031427145
0.061218344140797853
0.055942239006981254
0.06112660700455308
0.05599001399241388
0.05864673596806824
0.05678381794132292
0.05656385887414217
0.06604256108403206
0.05552001600153744
0.05857535311952233
0.05502148997038603
0.0586068129632622
0.05819995398633182
