0.41243372904136777
0.2735199888702482
0.3649455450940877
0.2751172168646008
0.08949548401869833
0.24373613693751395
0.08753431704826653
0.18395617604255676
0.15697856503538787
0.12036028993315995
0.18291669618338346
0.15914361109025776
0.18367218878120184
0.09085627808235586
0.18496436509303749
0.08891021506860852
0.24677447485737503
0.12007057899609208
0.11945941299200058
0.09093856788240373
0.08648682199418545
0.11987905111163855
0.12276493199169636
0.09844938409514725
0.1546163761522621
0.09132610983215272
0.11803098092786968
0.08782107988372445
0.06194833922199905
0.06588876596651971
0.0939923299010843
0.27641434292308986
0.09148621209897101
0.11832532286643982
0.09122045105323195
0.08825709600932896
0.08763693296350539
0.08978180307894945
0.09232302708551288
0.1541273519396782
0.18101179599761963
0.08568995213136077
0.09241183800622821
0.0567961260676384
0.09021914703771472
0.12698151101358235
0.09301041811704636
0.1495530300308019
0.09165258193388581
0.13487996603362262
