0.08356022834777832
0.028568506240844727
0.03321051597595215
0.03228926658630371
0.03630232810974121
0.030393600463867188
0.02870464324951172
0.0310971736907959
0.03486227989196777
0.03429985046386719
0.0316164493560791
0.030283212661743164
0.0321345329284668
0.03408360481262207
0.029128074645996094
0.030123472213745117
0.03021097183227539
0.03130483627319336
0.03265857696533203
0.02667546272277832
0.028723478317260742
0.031378984451293945
0.029772281646728516
0.03641676902770996
0.030742406845092773
0.029822349548339844
0.03182077407836914
0.03432130813598633
0.02919459342956543
0.02781820297241211
0.029025554656982422
0.02704763412475586
0.03138279914855957
0.029356718063354492
0.03220176696777344
0.030077219009399414
0.03186750411987305
0.02951502799987793
0.036008358001708984
0.031342506408691406
0.030426502227783203
0.03206133842468262
0.029901742935180664
0.031027793884277344
0.03842902183532715
0.028077363967895508
0.03031468391418457
0.02994060516357422
0.02809906005859375
0.03591012954711914
