0.06937599182128906
0.029080629348754883
0.025489091873168945
0.02967381477355957
0.02539372444152832
0.02611827850341797
0.025629520416259766
0.029670000076293945
0.03495454788208008
0.029301881790161133
0.0337984561920166
0.03093123435974121
0.027990341186523438
0.03143167495727539
0.028929948806762695
0.028888463973999023
0.03135538101196289
0.02870941162109375
0.027357816696166992
0.028731346130371094
0.03063488006591797
0.030503511428833008
0.028542518615722656
0.028419017791748047
0.02545309066772461
0.02556586265563965
0.02615499496459961
0.03297567367553711
0.026147842407226562
0.0317540168762207
0.030596256256103516
0.028825044631958008
0.028250694274902344
0.027839183807373047
0.030472755432128906
0.02826833724975586
0.02801227569580078
0.025933027267456055
0.029703617095947266
0.025674104690551758
0.039278507232666016
0.03266119956970215
0.028685569763183594
0.027641773223876953
0.028768539428710938
0.03398251533508301
0.028812408447265625
0.02837991714477539
0.03063035011291504
0.05190157890319824
