0.05981923500075936
0.029229301027953625
0.02991071413271129
0.03261393099091947
0.02932549687102437
0.02845551702193916
0.022677241824567318
0.03622533497400582
0.03339969413354993
0.02880952088162303
0.03568243398331106
0.028681521071121097
0.030448818113654852
0.042944205924868584
0.03458854299969971
0.023897881852462888
0.032475964166224
0.0330489301122725
0.028391761938109994
0.031201213132590055
0.029019598849117756
0.036434581968933344
0.0307860029861331
0.03877546894364059
0.02998938108794391
0.026760985841974616
0.031692210817709565
0.0277377360034734
0.031036244006827474
0.033014720072969794
0.034028420923277736
0.029853404965251684
0.02517107012681663
0.031562651973217726
0.022574268048629165
0.03078544605523348
0.034243118949234486
0.02967810700647533
0.03125297697260976
0.036201068200170994
0.02870807913132012
0.03390256501734257
0.0283710858784616
0.02714649890549481
0.032678295858204365
0.02469353494234383
0.03409088193438947
0.02414046390913427
0.02987176598981023
0.02736326097510755
