0.06615352630615234
0.03155040740966797
0.027623653411865234
0.030414581298828125
0.029841184616088867
0.02859783172607422
0.030145883560180664
0.029065370559692383
0.03571438789367676
0.029874801635742188
0.028232574462890625
0.0282132625579834
0.028905153274536133
0.031839847564697266
0.03175854682922363
0.03448343276977539
0.03096318244934082
0.0307159423828125
0.028868436813354492
0.03142046928405762
0.0287473201751709
0.03815269470214844
0.03620004653930664
0.027901649475097656
0.031744956970214844
0.027225971221923828
0.02758169174194336
0.030416250228881836
0.027414798736572266
0.02824878692626953
0.027299880981445312
0.028215408325195312
0.03410959243774414
0.035238027572631836
0.02969956398010254
0.02943897247314453
0.031879425048828125
0.029409170150756836
0.03207063674926758
0.02848076820373535
0.034696102142333984
0.037421226501464844
0.028318166732788086
0.03162884712219238
0.029732942581176758
0.0297393798828125
0.029201030731201172
0.03220057487487793
0.0348973274230957
0.03298234939575195
