0.18572293082252145
0.3676375199574977
0.12211329001002014
0.33563628513365984
0.08829966001212597
0.15373603790067136
0.1847566708456725
0.05810932093299925
0.16109220683574677
0.0965705260168761
0.0887238320428878
0.1619859430938959
0.12024532491341233
0.06284250202588737
0.060179851949214935
0.094659618800506
0.09696858702227473
0.11854542209766805
0.09286693204194307
0.06143598281778395
0.10123514011502266
0.0931137572042644
0.12258567311801016
0.1838527510408312
0.0945609852205962
0.18432274786755443
0.12314874120056629
0.1522512868978083
0.1173186800442636
0.05767969391308725
0.12720615603029728
0.1224316549487412
0.09836557903327048
0.08959167799912393
0.08622907311655581
0.05887919990345836
0.09877818496897817
0.0941049789544195
0.09217284596525133
0.0899269999936223
0.09081624611280859
0.12116970517672598
0.09690611017867923
0.12996264384128153
0.12177457800135016
0.12365814810618758
0.09134700195863843
0.09813012997619808
0.09517304203473032
0.12640973017551005
