0.03703880310058594
0.027990341186523438
0.02713918685913086
0.030452966690063477
0.029077529907226562
0.032622337341308594
0.028513193130493164
0.026614665985107422
0.02630901336669922
0.030961275100708008
0.02690410614013672
0.028840065002441406
0.04102897644042969
0.0309598445892334
0.0272061824798584
0.028936147689819336
0.026176929473876953
0.026545286178588867
0.02749776840209961
0.02740645408630371
0.027609825134277344
0.02652120590209961
0.0277712345123291
0.03181600570678711
0.027997255325317383
0.030475378036499023
0.02799510955810547
0.02982163429260254
0.026920080184936523
0.032042503356933594
0.026880502700805664
0.03790688514709473
0.028369665145874023
0.034349679946899414
0.026489734649658203
0.029227256774902344
0.031613826751708984
0.027477025985717773
0.029828548431396484
0.02929234504699707
0.030027389526367188
0.02989816665649414
0.028293609619140625
0.03263974189758301
0.0300445556640625
0.033212900161743164
0.03338956832885742
0.02841973304748535
0.026683807373046875
0.027850866317749023
