0.05033368291333318
0.02307526906952262
0.030349898850545287
0.030902842991054058
0.035269525134935975
0.029872969025745988
0.0242422791197896
0.033170836977660656
0.03772948100231588
0.032915515126660466
0.03233545389957726
0.028498409083113074
0.03535561705939472
0.023259429028257728
0.024232489056885242
0.030797368148341775
0.0314493109472096
0.027113137999549508
0.032102023949846625
0.030974762048572302
0.03730057994835079
0.03480321681126952
0.025275677908211946
0.03257916308939457
0.031296744011342525
0.03272246406413615
0.03929416579194367
0.0325113560538739
0.033060753950849175
0.03055683197453618
0.02923863404430449
0.03403929295018315
0.02756958408281207
0.02811001008376479
0.029955661855638027
0.030299731995910406
0.034747638972476125
0.028409895952790976
0.026180842891335487
0.03255054308101535
0.030740544898435473
0.030919260112568736
0.031180732883512974
0.02722157700918615
0.029206628911197186
0.033817504066973925
0.030766692012548447
0.029160922160372138
0.03257600893266499
0.028073203982785344
