0.4825239470228553
0.2784373490139842
0.33969005895778537
0.12109924806281924
0.09444892383180559
0.12121103284880519
0.18545449897646904
0.11962945410050452
0.18638318381272256
0.0612347989808768
0.15796517417766154
0.09203428914770484
0.029680220875889063
0.21506593097001314
0.0918319309130311
0.27340296003967524
0.05678675300441682
0.12271626596339047
0.12047878396697342
0.06329907779581845
0.08970516407862306
0.05746099911630154
0.1514645901042968
0.08788568107411265
0.0586803681217134
0.08862663293257356
0.09075465681962669
0.09415343985892832
0.12067799200303853
0.11818854114972055
0.1204341899137944
0.1573227250482887
0.09189002006314695
0.0910923641640693
0.08740075281821191
0.08883721707388759
0.058477052953094244
0.12141752406023443
0.15719534899108112
0.08955140598118305
0.023643265943974257
0.11634747800417244
0.09086865116842091
0.06141329603269696
0.09424023586325347
0.09495414700359106
0.08740452607162297
0.09757079905830324
0.12054933491162956
0.08815181790851057
