0.4156777837779373
0.24134940188378096
0.08724656421691179
0.18507596291601658
0.24219384719617665
0.21271418407559395
0.057520631002262235
0.0573012160602957
0.24357291194610298
0.05905255698598921
0.16099709109403193
0.05750077101401985
0.18807827006094158
0.1560736489482224
0.12576292804442346
0.11736743105575442
0.08738294988870621
0.08992153708823025
0.09281821292825043
0.12145689991302788
0.08727169409394264
0.08898457908071578
0.12201355001889169
0.12297212705016136
0.093752880115062
0.09119619894772768
0.0918823559768498
0.15687359496951103
0.12152709416113794
0.09092556801624596
0.214275126112625
0.1506830770522356
0.14995717396959662
0.05687385005876422
0.10395719995722175
0.08960154699161649
0.061916826060041785
0.11912813410162926
0.05875460896641016
0.14985682093538344
0.08978098910301924
0.1541079399175942
0.2236941389273852
0.12187247513793409
0.09125981107354164
0.0988279648590833
0.09908070904202759
0.09452291787602007
0.09049998293630779
0.18705076584592462
