0.14833736419677734
0.030205965042114258
0.030324935913085938
0.03123760223388672
0.0290372371673584
0.034960269927978516
0.03291034698486328
0.02799820899963379
0.028782367706298828
0.029558658599853516
0.02996516227722168
0.027904987335205078
0.028315305709838867
0.029178857803344727
0.028172731399536133
0.031534433364868164
0.02857804298400879
0.04002547264099121
0.03345012664794922
0.03464007377624512
0.03267788887023926
0.034128665924072266
0.02921271324157715
0.032011985778808594
0.035279273986816406
0.038254737854003906
0.0301361083984375
0.031929969787597656
0.037595510482788086
0.031527042388916016
0.03603553771972656
0.030338287353515625
0.03724098205566406
0.03311920166015625
0.03593611717224121
0.03215384483337402
0.02907395362854004
0.030275821685791016
0.03321242332458496
0.03192257881164551
0.03746604919433594
0.03229951858520508
0.03576803207397461
0.033152103424072266
0.030463457107543945
0.035156965255737305
0.035119056701660156
0.03221011161804199
0.03487133979797363
0.03289008140563965
