0.1366441249847412
0.035021066665649414
0.033209800720214844
0.03341102600097656
0.039887189865112305
0.03472328186035156
0.031641483306884766
0.0393366813659668
0.03211402893066406
0.036327362060546875
0.041586875915527344
0.03638482093811035
0.0355525016784668
0.044473886489868164
0.03452777862548828
0.03599739074707031
0.036447763442993164
0.031889915466308594
0.033132314682006836
0.036208391189575195
0.03581523895263672
0.03149700164794922
0.030729293823242188
0.03487682342529297
0.04206728935241699
0.04083585739135742
0.04268288612365723
0.040024757385253906
0.03729057312011719
0.04123497009277344
0.03419351577758789
0.03665900230407715
0.0300753116607666
0.04352545738220215
0.030452489852905273
0.030936717987060547
0.04431748390197754
0.03402376174926758
0.03695058822631836
0.03142833709716797
0.03499245643615723
0.034140825271606445
0.029701948165893555
0.030909061431884766
0.033338069915771484
0.03970789909362793
0.03126931190490723
0.03649091720581055
0.03702521324157715
0.03803253173828125
