0.4106044680811465
0.21828087698668242
0.08948064711876214
0.21199155412614346
0.1899924441240728
0.05957857705652714
0.15796785801649094
0.21788175706751645
0.12528060702607036
0.09076032903976738
0.18732822895981371
0.1240389661397785
0.06798597215674818
0.2749924180097878
0.08746937196701765
0.10064743389375508
0.3092449801042676
0.1220613478217274
0.161105282837525
0.08706757007166743
0.15430119284428656
0.08873649500310421
0.22083162004128098
0.12287193816155195
0.15242384397424757
0.15012149489484727
0.15602846210822463
0.0904571230057627
0.08728310698643327
0.190983367851004
0.09880692488513887
0.09097697888500988
0.08822557190433145
0.12537698191590607
0.09156907885335386
0.09031726885586977
0.08601185004226863
0.1191269988194108
0.09153706696815789
0.08808886120095849
0.180237403139472
0.08716251095756888
0.09016691101714969
0.09188101603649557
0.06001536105759442
0.0872917550150305
0.08928316505625844
0.08734119590371847
0.06070725806057453
0.05719899316318333
