0.04906463623046875
0.03197121620178223
0.029247760772705078
0.0318751335144043
0.03994345664978027
0.02727675437927246
0.030219554901123047
0.03244948387145996
0.02982473373413086
0.030431270599365234
0.03014659881591797
0.028714656829833984
0.03046417236328125
0.03180408477783203
0.031244516372680664
0.03332877159118652
0.0327448844909668
0.03151822090148926
0.027861356735229492
0.03383278846740723
0.031125307083129883
0.03072500228881836
0.035895347595214844
0.03180241584777832
0.03137493133544922
0.027549028396606445
0.0316166877746582
0.0333402156829834
0.027608156204223633
0.027215003967285156
0.028762102127075195
0.03753256797790527
0.030535459518432617
0.0303342342376709
0.028003692626953125
0.030198335647583008
0.03526926040649414
0.02840733528137207
0.040009498596191406
0.03148317337036133
0.029414653778076172
0.03874087333679199
0.03188920021057129
0.026279449462890625
0.027608394622802734
0.03043842315673828
0.03243851661682129
0.035022735595703125
0.03088235855102539
0.029987335205078125
