0.10342073440551758
0.030373573303222656
0.03661656379699707
0.03295397758483887
0.042647600173950195
0.02980208396911621
0.03264880180358887
0.03888344764709473
0.03688693046569824
0.03567314147949219
0.03589200973510742
0.03437471389770508
0.039458274841308594
0.04345536231994629
0.04783940315246582
0.05175352096557617
0.03059697151184082
0.04075264930725098
0.03129458427429199
0.03629350662231445
0.038468122482299805
0.031446218490600586
0.0301666259765625
0.035501718521118164
0.03672647476196289
0.04088759422302246
0.03186607360839844
0.034509897232055664
0.03466606140136719
0.03795766830444336
0.0345301628112793
0.03889060020446777
0.03663468360900879
0.03606224060058594
0.037247657775878906
0.03125
0.035704612731933594
0.035761356353759766
0.03577709197998047
0.03226900100708008
0.03884387016296387
0.03646397590637207
0.04335594177246094
0.03353428840637207
0.0342104434967041
0.03640031814575195
0.03316378593444824
0.038179874420166016
0.03166651725769043
0.04181170463562012
