0.04716300964355469
0.029890060424804688
0.04353785514831543
0.028101444244384766
0.030333518981933594
0.02900528907775879
0.02733778953552246
0.0308072566986084
0.028685331344604492
0.03363966941833496
0.035108327865600586
0.034450531005859375
0.02652573585510254
0.0282895565032959
0.030580759048461914
0.02946305274963379
0.02992391586303711
0.0279386043548584
0.03338360786437988
0.028510570526123047
0.051227569580078125
0.03203296661376953
0.03135991096496582
0.03295588493347168
0.03073573112487793
0.03242373466491699
0.03113532066345215
0.04159688949584961
0.0308530330657959
0.03018021583557129
0.03352975845336914
0.03798961639404297
0.03662109375
0.03160524368286133
0.03243565559387207
0.030771970748901367
0.028939008712768555
0.02980208396911621
0.044106483459472656
0.034384965896606445
0.03797626495361328
0.029877424240112305
0.030401945114135742
0.0339205265045166
0.03752422332763672
0.0392155647277832
0.04563784599304199
0.03096485137939453
0.037062883377075195
0.039018869400024414
