0.1295027732849121
0.047685861587524414
0.03090071678161621
0.033406972885131836
0.03296947479248047
0.054190874099731445
0.06174755096435547
0.03575921058654785
0.04376506805419922
0.052281856536865234
0.03228020668029785
0.03881955146789551
0.04181790351867676
0.03372812271118164
0.041838645935058594
0.045394182205200195
0.04310274124145508
0.08555722236633301
0.03988814353942871
0.05172848701477051
0.03973698616027832
0.033101558685302734
0.035691022872924805
0.04794049263000488
0.07715368270874023
0.0505070686340332
0.03354907035827637
0.03399538993835449
0.041056156158447266
0.050974130630493164
0.04632568359375
0.032102346420288086
0.060521602630615234
0.05395674705505371
0.03244471549987793
0.0844278335571289
0.09971904754638672
0.10750102996826172
0.06592273712158203
0.03787732124328613
0.040900230407714844
0.03588390350341797
0.032671451568603516
0.04419565200805664
0.03435468673706055
0.043196916580200195
0.035784244537353516
0.03919196128845215
0.04766559600830078
0.04005908966064453
