0.041990041732788086
0.02730250358581543
0.026509761810302734
0.030748367309570312
0.026046037673950195
0.0293734073638916
0.029702425003051758
0.02702188491821289
0.031178712844848633
0.02729511260986328
0.029183387756347656
0.03038620948791504
0.030376672744750977
0.027434825897216797
0.03646397590637207
0.02757740020751953
0.027263164520263672
0.03570222854614258
0.027872323989868164
0.0335392951965332
0.028998374938964844
0.030092716217041016
0.029474735260009766
0.030664920806884766
0.026437759399414062
0.032508134841918945
0.03027653694152832
0.027511119842529297
0.03284430503845215
0.029695510864257812
0.02936553955078125
0.03163266181945801
0.03808951377868652
0.029210329055786133
0.026523351669311523
0.027711868286132812
0.03434109687805176
0.03627276420593262
0.026416540145874023
0.027704954147338867
0.029675006866455078
0.02965235710144043
0.03679513931274414
0.029072046279907227
0.030005455017089844
0.027135372161865234
0.03469967842102051
0.040830135345458984
0.030646324157714844
0.02979421615600586
