0.059228732949122787
0.026056426810100675
0.02603258192539215
0.025323099922388792
0.03387630800716579
0.02728991606272757
0.025463521014899015
0.02561629400588572
0.2191459301393479
0.025352136930450797
0.024935099994763732
0.027361705899238586
0.0650399171281606
0.15568736707791686
0.025563044007867575
0.028080214047804475
0.02592658018693328
0.02475373400375247
0.024445886025205255
0.026647553080692887
0.026491289027035236
0.026239622151479125
0.025974453892558813
0.1613964510615915
0.024476508144289255
0.02571469685062766
0.08764946204610169
0.027125145075842738
0.02725687390193343
0.09056464396417141
0.027088087052106857
0.026748548028990626
0.026453952072188258
0.026314083952456713
0.024272090988233685
0.09745902800932527
0.02772479597479105
0.02776973694562912
0.024461928056553006
0.028369002044200897
0.02612656308338046
0.024486785056069493
0.026806124951690435
0.08931815600953996
0.0273021231405437
0.18262720992788672
0.09362037316896021
0.02939166920259595
0.06177778588607907
0.02567776502110064
