0.3643794059753418
0.03416919708251953
0.040796518325805664
0.02809286117553711
0.03471779823303223
0.028750181198120117
0.03392505645751953
0.027651548385620117
0.03304147720336914
0.034657955169677734
0.03800511360168457
0.06678295135498047
0.029088258743286133
0.035410404205322266
0.0406794548034668
0.03048992156982422
0.02964472770690918
0.0347750186920166
0.03858780860900879
0.03156280517578125
0.03417515754699707
0.028106212615966797
0.050038814544677734
0.038677215576171875
0.053653717041015625
0.02992391586303711
0.029039382934570312
0.04039335250854492
0.033446550369262695
0.03147268295288086
0.03230929374694824
0.03336977958679199
0.030267953872680664
0.04147791862487793
0.03095221519470215
0.028594255447387695
0.03541898727416992
0.027117490768432617
0.03893923759460449
0.027501344680786133
0.03480052947998047
0.04646587371826172
0.02935791015625
0.03783822059631348
0.028805255889892578
0.05767321586608887
0.03793144226074219
0.036788225173950195
0.03278398513793945
0.027407169342041016
