0.0965430736541748
0.031151294708251953
0.03389453887939453
0.03304100036621094
0.029501914978027344
0.031877756118774414
0.03292536735534668
0.0279083251953125
0.03185629844665527
0.027654647827148438
0.03049159049987793
0.026926517486572266
0.033255577087402344
0.03864693641662598
0.030073881149291992
0.030749797821044922
0.030122995376586914
0.028548240661621094
0.03395891189575195
0.03053450584411621
0.03241229057312012
0.031916141510009766
0.029388904571533203
0.02825188636779785
0.032215118408203125
0.03386068344116211
0.02727365493774414
0.030129432678222656
0.026815414428710938
0.03310894966125488
0.028745412826538086
0.033341407775878906
0.02987074851989746
0.028295040130615234
0.03086113929748535
0.029544591903686523
0.02902507781982422
0.030521154403686523
0.03146862983703613
0.032471418380737305
0.0281679630279541
0.0317835807800293
0.02840113639831543
0.029507875442504883
0.03189539909362793
0.028267383575439453
0.03145313262939453
0.029107332229614258
0.03177595138549805
0.032645225524902344
