0.0695631098933518
0.05958764906972647
0.058618188137188554
0.06293930998072028
0.06519057997502387
0.058274739887565374
0.05841810186393559
0.05909671098925173
0.056146404007449746
0.06663600890897214
0.05955372517928481
0.05695656896568835
0.05652366601862013
0.057428908068686724
0.058586164843291044
0.057685645995661616
0.05649702996015549
0.05644839792512357
0.05558878183364868
0.05602096696384251
0.05651737214066088
0.05744408490136266
0.054998585022985935
0.06072027189657092
0.06231276108883321
0.055732904933393
0.05768230906687677
0.05638054292649031
0.0562072170432657
0.055217396933585405
0.061028038151562214
0.05791130196303129
0.06298712710849941
0.05784018710255623
0.059865338960662484
0.05437420215457678
0.056650750106200576
0.055505541153252125
0.05585989891551435
0.0577475328464061
0.0542304259724915
0.06226147199049592
0.05524874199181795
0.06040646601468325
0.06848873407579958
0.054380328860133886
0.056729278061538935
0.05631346208974719
0.05676456610672176
0.059991425136104226
