0.04705453896895051
0.03747888491488993
0.026578711112961173
0.029494929825887084
0.03379129688255489
0.03173403604887426
0.02858804608695209
0.032574685057625175
0.02831137296743691
0.03398009994998574
0.03698603599332273
0.025736974086612463
0.032263595843687654
0.02762204804457724
0.029243328142911196
0.036004084162414074
0.03217535396106541
0.03325848397798836
0.031700205989181995
0.02978062001056969
0.026791759068146348
0.02765849302522838
0.02764711296185851
0.03380021289922297
0.039430947974324226
0.02592934900894761
0.033943690825253725
0.028557094046846032
0.03236270393244922
0.03629288705997169
0.034051507944241166
0.02845215704292059
0.03173282113857567
0.04490460408851504
0.02596866386011243
0.03268813295289874
0.028862096834927797
0.030540761072188616
0.02542773704044521
0.032510739052668214
0.033602640964090824
0.031236998038366437
0.02760490495711565
0.03375265491195023
0.03303228598088026
0.03287152713164687
0.027411070186644793
0.035728784976527095
0.03215560596436262
0.02884211204946041
