0.2079148292541504
0.06927871704101562
0.04744148254394531
0.0431523323059082
0.04196739196777344
0.045519113540649414
0.038741350173950195
0.05574798583984375
0.058489084243774414
0.04277849197387695
0.07472729682922363
0.048316001892089844
0.041919708251953125
0.04227852821350098
0.0335848331451416
0.03165435791015625
0.04027867317199707
0.05373120307922363
0.03632783889770508
0.033364057540893555
0.0387723445892334
0.07390809059143066
0.04406428337097168
0.027963876724243164
1.0326642990112305
0.03656268119812012
0.04247593879699707
0.04869866371154785
0.033942222595214844
0.03704690933227539
0.03508806228637695
0.041303157806396484
0.06111931800842285
0.041474103927612305
0.035570621490478516
0.039225101470947266
0.1111292839050293
0.04488110542297363
0.04363298416137695
0.034572601318359375
0.04725074768066406
0.045745134353637695
0.04659533500671387
0.04803609848022461
0.03846430778503418
0.04183769226074219
0.05022168159484863
0.03696441650390625
0.03460288047790527
0.03711533546447754
