0.1886427402496338
0.03240036964416504
0.03414416313171387
0.04642200469970703
0.031650543212890625
0.03573346138000488
0.03680133819580078
0.03580307960510254
0.03522777557373047
0.04532599449157715
0.04741668701171875
0.0399622917175293
0.0342104434967041
0.04229092597961426
0.03416872024536133
0.04148745536804199
0.030966520309448242
0.041584014892578125
0.031359195709228516
0.03339719772338867
0.043212175369262695
0.03520631790161133
0.031923770904541016
0.03374600410461426
0.03491616249084473
0.033812522888183594
0.03397417068481445
0.05281257629394531
0.03181052207946777
0.03302145004272461
0.036383867263793945
0.03432631492614746
0.038233280181884766
0.03292226791381836
0.03391385078430176
0.03384828567504883
0.046941280364990234
0.030454397201538086
0.03786897659301758
0.04169511795043945
0.036145687103271484
0.03358793258666992
0.03655076026916504
0.03035449981689453
0.030841588973999023
0.0355985164642334
0.03017449378967285
0.031024694442749023
0.03594541549682617
0.03313398361206055
