0.04362034797668457
0.029120206832885742
0.02755141258239746
0.025912046432495117
0.02899169921875
0.02895832061767578
0.027400732040405273
0.02648019790649414
0.03355526924133301
0.030338048934936523
0.026683807373046875
0.026173830032348633
0.028505325317382812
0.028474092483520508
0.030820131301879883
0.02909374237060547
0.027478694915771484
0.03304791450500488
0.026770591735839844
0.02955174446105957
0.04071331024169922
0.03759050369262695
0.028746366500854492
0.0259706974029541
0.02889394760131836
0.026068449020385742
0.030521154403686523
0.026481151580810547
0.027209758758544922
0.03075122833251953
0.029470205307006836
0.027431011199951172
0.029332399368286133
0.027075767517089844
0.02869248390197754
0.02701115608215332
0.027767419815063477
0.030884265899658203
0.03307604789733887
0.028295040130615234
0.029450178146362305
0.04006385803222656
0.03124690055847168
0.03049778938293457
0.030615806579589844
0.03189229965209961
0.029338598251342773
0.02879810333251953
0.0327296257019043
0.0312654972076416
