0.42248731199651957
0.24278884497471154
0.37695454410277307
0.18002962786704302
0.12047405308112502
0.056797940051183105
0.060090222861617804
0.05955873499624431
0.12288179202005267
0.05838183616288006
0.08651047898456454
0.216125758131966
0.08829237404279411
0.0952179180458188
0.12083704001270235
0.17896573501639068
0.09270840813405812
0.11851218994706869
0.11862944811582565
0.08933670097030699
0.05707594915293157
0.08861099812202156
0.09104808699339628
0.12088564620353281
0.06172194587998092
0.11999596003443003
0.21709662699140608
0.08798957499675453
0.060590032022446394
0.08707010396756232
0.12234207312576473
0.06042927713133395
0.1803674849215895
0.06643835105933249
0.09497784287668765
0.08792930119670928
0.09209013800136745
0.09135911101475358
0.08955840393900871
0.08741134800948203
0.08836269611492753
0.09205811913125217
0.08745317789725959
0.09137811209075153
0.08688925392925739
0.09328322298824787
0.08919403399340808
0.09287433698773384
0.09275184106081724
0.18757701804861426
