0.04649162292480469
0.03383517265319824
0.03363609313964844
0.029056549072265625
0.0326385498046875
0.03362774848937988
0.030325889587402344
0.029868364334106445
0.02860879898071289
0.03027200698852539
0.027354717254638672
0.031526803970336914
0.028230667114257812
0.027612924575805664
0.03024601936340332
0.03208041191101074
0.028054475784301758
0.03445243835449219
0.029542922973632812
0.029523372650146484
0.03327655792236328
0.0290982723236084
0.026750564575195312
0.028122663497924805
0.03001999855041504
0.02803516387939453
0.029691457748413086
0.032630205154418945
0.02661442756652832
0.030488252639770508
0.029460906982421875
0.02992987632751465
0.034058570861816406
0.035460710525512695
0.02965259552001953
0.030024051666259766
0.03154587745666504
0.026424884796142578
0.031032323837280273
0.029408931732177734
0.030545473098754883
0.032079458236694336
0.027062654495239258
0.03019428253173828
0.03175187110900879
0.02780604362487793
0.030395984649658203
0.02802753448486328
0.03409457206726074
0.02922534942626953
