0.19548452412709594
0.036179580027237535
0.032522605964913964
0.044316453859210014
0.029012546874582767
0.04540259507484734
0.030551298055797815
0.031121802981942892
0.0328396069817245
0.02451921906322241
0.02853850112296641
0.034005187917500734
0.03094877814874053
0.030355999944731593
0.03339565498754382
0.0324512729421258
0.03143988805823028
0.03595176991075277
0.03803123882971704
0.03243230702355504
0.02802231698296964
0.026306881103664637
0.03223636816255748
0.028840089915320277
0.035254293121397495
0.030179424909874797
0.030756943859159946
0.030290064867585897
0.03323345794342458
0.033332584891468287
0.028163321083411574
0.030348269967362285
0.026781260035932064
0.03250216203741729
0.02693792898207903
0.03287941589951515
0.029594677966088057
0.02784846001304686
0.029928077943623066
0.029437654884532094
0.03412806009873748
0.02998720691539347
0.029574024956673384
0.02858746680431068
0.03185166697949171
0.03317329986020923
0.033891051076352596
0.03637548093684018
0.029196390882134438
0.03195107611827552
