0.2708151340484619
0.042305946350097656
0.037668466567993164
0.047484636306762695
0.0538487434387207
0.035325050354003906
0.039148807525634766
0.033434152603149414
0.05318570137023926
0.03248953819274902
0.05906558036804199
0.0415654182434082
0.04398989677429199
0.04376530647277832
0.0384364128112793
0.04889178276062012
0.0503692626953125
0.03693532943725586
0.0562288761138916
0.041710853576660156
0.03668093681335449
0.08179879188537598
0.0388944149017334
0.0356593132019043
0.03600120544433594
0.057268619537353516
0.03448128700256348
0.0467381477355957
0.046364784240722656
0.03330516815185547
0.03896760940551758
0.034934282302856445
0.03681325912475586
0.0818932056427002
0.05300164222717285
0.07876896858215332
0.030887126922607422
0.058354854583740234
0.04820561408996582
0.03550839424133301
0.03399515151977539
0.03224658966064453
0.03900718688964844
0.045536041259765625
0.051668643951416016
0.15480303764343262
0.038559913635253906
0.034511566162109375
0.03064107894897461
0.03889966011047363
