0.031076908111572266
0.0271456241607666
0.029972076416015625
0.029592514038085938
0.025736570358276367
0.03382277488708496
0.026593923568725586
0.028919458389282227
0.028996944427490234
0.03229069709777832
0.02641463279724121
0.02574467658996582
0.03627371788024902
0.025554656982421875
0.031648874282836914
0.028124332427978516
0.029868364334106445
0.028095722198486328
0.028178691864013672
0.031177043914794922
0.03201007843017578
0.027397871017456055
0.030258655548095703
0.03578639030456543
0.034111738204956055
0.030702829360961914
0.02827930450439453
0.03164076805114746
0.03408479690551758
0.028447628021240234
0.04100513458251953
0.02817678451538086
0.03359389305114746
0.030657291412353516
0.04163503646850586
0.029113054275512695
0.028211355209350586
0.029381752014160156
0.03066539764404297
0.026502370834350586
0.029965639114379883
0.026157379150390625
0.0273892879486084
0.048805952072143555
0.030231952667236328
0.032362937927246094
0.028898239135742188
0.02982354164123535
0.032029151916503906
0.02657341957092285
