0.33579207002185285
0.058669596211984754
0.061416010139510036
0.056447657058015466
0.05540742096491158
0.05726441205479205
0.05763912107795477
0.055567314848303795
0.05548892985098064
0.05660080793313682
0.05832373793236911
0.05740598402917385
0.06115659698843956
0.05963820102624595
0.058798129903152585
0.056995632126927376
0.05976305692456663
0.0664780659135431
0.057499008951708674
0.05836354196071625
0.05627367692068219
0.05656212801113725
0.05957110901363194
0.054900816874578595
0.0600193499121815
0.05528161209076643
0.054363209987059236
0.06540346215479076
0.06062318501062691
0.059403091203421354
0.05589969805441797
0.06249773199670017
0.06271512294188142
0.05690004792995751
0.05552910594269633
0.05667840805836022
0.05772016500122845
0.06012587691657245
0.057306458009406924
0.056349221151322126
0.057057254016399384
0.056191127048805356
0.06220053299330175
0.05718377511948347
0.06170524796471
0.05484068114310503
0.0610043469350785
0.06745437392964959
0.055958562064915895
0.056863171979784966
