0.2555067539215088
0.03391766548156738
0.03537464141845703
0.03351569175720215
0.03385162353515625
0.0296783447265625
0.03417348861694336
0.03219413757324219
0.03323078155517578
0.03105640411376953
0.03007817268371582
0.0315098762512207
0.03539776802062988
0.03204512596130371
0.029435396194458008
0.036383867263793945
0.036422014236450195
0.033681631088256836
0.032598257064819336
0.03151583671569824
0.033812522888183594
0.03370785713195801
0.03271794319152832
0.033907175064086914
0.040657758712768555
0.03847765922546387
0.032372474670410156
0.03441214561462402
0.03322005271911621
0.03475666046142578
0.038815975189208984
0.0324709415435791
0.03035283088684082
0.037117958068847656
0.03176569938659668
0.03220510482788086
0.04724526405334473
0.03327345848083496
0.03786802291870117
0.031225204467773438
0.037161827087402344
0.03403019905090332
0.03492259979248047
0.04627418518066406
0.03938889503479004
0.03816103935241699
0.03229808807373047
0.0338282585144043
0.03442955017089844
0.032182931900024414
