0.06934136804193258
0.03201609989628196
0.02283137897029519
0.03933275886811316
0.03919931803829968
0.03372803796082735
0.022900726879015565
0.03334876801818609
0.02727691293694079
0.02792944200336933
0.03180338419042528
0.02861563884653151
0.03294691094197333
0.0417757008690387
0.02900892193429172
0.023610516916960478
0.034115889109671116
0.035715235862880945
0.029137604869902134
0.03159786784090102
0.028482025023549795
0.03222247399389744
0.033357355976477265
0.0391613079700619
0.03115542186424136
0.03183829411864281
0.03301651286892593
0.03161070216447115
0.030041818972676992
0.022767054149881005
0.029770355904474854
0.022592651890590787
0.028370689833536744
0.028901627054437995
0.03369947895407677
0.028590359026566148
0.028076743939891458
0.03330053691752255
0.027456298004835844
0.029021603986620903
0.02418755483813584
0.02956854715012014
0.029430288122966886
0.031078895088285208
0.03258832893334329
0.027688957983627915
0.0414456520229578
0.030265670968219638
0.034323361935094
0.027659869054332376
