0.04252815246582031
0.030204296112060547
0.029409408569335938
0.031323909759521484
0.029056787490844727
0.030636072158813477
0.027834653854370117
0.029782533645629883
0.026689529418945312
0.0326390266418457
0.029994964599609375
0.03220772743225098
0.03265500068664551
0.028652191162109375
0.03156447410583496
0.029008865356445312
0.03723573684692383
0.03269648551940918
0.03013896942138672
0.029587745666503906
0.031696319580078125
0.02989673614501953
0.029729843139648438
0.033593177795410156
0.032794952392578125
0.026770830154418945
0.029073238372802734
0.031896114349365234
0.03208017349243164
0.034510135650634766
0.0404508113861084
0.0360105037689209
0.02992868423461914
0.03450512886047363
0.034758567810058594
0.0286712646484375
0.027990102767944336
0.02790212631225586
0.032317161560058594
0.03697347640991211
0.03280925750732422
0.03220820426940918
0.033591508865356445
0.02676844596862793
0.027920246124267578
0.02853870391845703
0.026876211166381836
0.028373241424560547
0.030668973922729492
0.031124114990234375
