0.06081090308725834
0.059038595063611865
0.05525209894403815
0.06263772305101156
0.06365874409675598
0.055802663089707494
0.05852327006869018
0.06682528788223863
0.07240827078931034
0.08072865707799792
0.05627202591858804
0.06445959187112749
0.05753323598764837
0.056467843940481544
0.06091192318126559
0.057834941893815994
0.05950117320753634
0.05726178106851876
0.05798468296416104
0.05503942794166505
0.05568606103770435
0.06634489702992141
0.05936029297299683
0.05955893010832369
0.06197080900892615
0.054930852027609944
0.0562024200335145
0.06366234901361167
0.06337236985564232
0.05734722898341715
0.06924713193438947
0.05742162885144353
0.06119291391223669
0.06394603499211371
0.07666795398108661
0.056926883989945054
0.05512976087629795
0.05490852892398834
0.05758150294423103
0.056004245998337865
0.05584171018563211
0.056310224113985896
0.05849657510407269
0.057266043964773417
0.053916770964860916
0.05787791311740875
0.05883839004673064
0.06030287500470877
0.06445764214731753
0.05584342894144356
