0.0632944107055664
0.029880046844482422
0.03085803985595703
0.030961990356445312
0.04158282279968262
0.03353238105773926
0.04352211952209473
0.04300665855407715
0.046860456466674805
0.030965566635131836
0.03353595733642578
0.031185388565063477
0.03883552551269531
0.029653549194335938
0.03306865692138672
0.03360295295715332
0.047009944915771484
0.03455781936645508
0.03748273849487305
0.03005838394165039
0.0317378044128418
0.04329538345336914
0.03650999069213867
0.03125882148742676
0.03992009162902832
0.03604745864868164
0.03448486328125
0.0393064022064209
0.030535459518432617
0.03215742111206055
0.0325772762298584
0.034024715423583984
0.08705949783325195
0.04281449317932129
0.03418087959289551
0.03134560585021973
0.03599262237548828
0.04067707061767578
0.041635751724243164
0.04677748680114746
0.031484365463256836
0.04204678535461426
0.034798383712768555
0.03799557685852051
0.03157162666320801
0.03278613090515137
0.03677082061767578
0.033869028091430664
0.032256126403808594
0.03466463088989258
