0.11249327659606934
0.028561830520629883
0.02815103530883789
0.02977442741394043
0.029752254486083984
0.029109954833984375
0.03265857696533203
0.029749631881713867
0.03270721435546875
0.032428741455078125
0.03459429740905762
0.03172135353088379
0.027081012725830078
0.028237581253051758
0.03472471237182617
0.03176236152648926
0.029236555099487305
0.03256416320800781
0.028569936752319336
0.03382301330566406
0.03483152389526367
0.03357529640197754
0.027428150177001953
0.032562971115112305
0.028528690338134766
0.02933025360107422
0.03688549995422363
0.034157752990722656
0.036513566970825195
0.03258037567138672
0.03465104103088379
0.03297233581542969
0.05808830261230469
0.03367304801940918
0.030534744262695312
0.02987980842590332
0.03264212608337402
0.02915668487548828
0.03609728813171387
0.02984762191772461
0.033136606216430664
0.029421091079711914
0.03167581558227539
0.031035184860229492
0.03197813034057617
0.030508041381835938
0.030930042266845703
0.028980493545532227
0.03194856643676758
0.03191876411437988
