0.03990674018859863
0.027055025100708008
0.028975963592529297
0.024475574493408203
0.027678489685058594
0.026466846466064453
0.02825188636779785
0.02883315086364746
0.02954840660095215
0.029774904251098633
0.025783300399780273
0.025349855422973633
0.031011581420898438
0.025249958038330078
0.026195764541625977
0.024790525436401367
0.03157949447631836
0.026019573211669922
0.026856184005737305
0.030384302139282227
0.02465200424194336
0.027539491653442383
0.02791595458984375
0.025629520416259766
0.028497934341430664
0.028601884841918945
0.027643680572509766
0.028539419174194336
0.027302026748657227
0.03189706802368164
0.02765178680419922
0.029280900955200195
0.03009963035583496
0.04784274101257324
0.02731180191040039
0.030211925506591797
0.028303861618041992
0.027020692825317383
0.028061628341674805
0.025895357131958008
0.02664470672607422
0.026779890060424805
0.027820587158203125
0.026556730270385742
0.03050541877746582
0.025591611862182617
0.029198169708251953
0.027995824813842773
0.02558422088623047
0.028636693954467773
