0.037366287084296346
0.029875518986955285
0.02745998208411038
0.026460892986506224
0.025837367866188288
0.252048535970971
0.15855436795391142
0.024834898067638278
0.21444186102598906
0.02762619499117136
0.025895979022607207
0.026306058978661895
0.02682125777937472
0.026389703154563904
0.08629581215791404
0.02614662190899253
0.024447997799143195
0.027571102138608694
0.09215473802760243
0.025192467961460352
0.02699653198942542
0.026644120924174786
0.03133777785114944
0.02616885001771152
0.09327746392227709
0.023817009991034865
0.025179086020216346
0.02641718997620046
0.027419811114668846
0.11791173787787557
0.025169166969135404
0.08747925003990531
0.062433994840830564
0.027783768950030208
0.02515404694713652
0.027754134964197874
0.026111867977306247
0.024144508177414536
0.028052751906216145
0.02604624000377953
0.024813671130687
0.08912372798658907
0.025480848038569093
0.025569360004737973
0.03189743892289698
0.027700900100171566
0.03268380602821708
0.036211452912539244
0.09210538398474455
0.026838178047910333
