0.3894010011572391
0.2410823260433972
0.3323763329535723
0.25116555485874414
0.12796587706543505
0.20858136494643986
0.061449899105355144
0.2156408689916134
0.09055039705708623
0.15544852521270514
0.11950550205074251
0.179652351886034
0.05927815893664956
0.2453537560068071
0.11734720505774021
0.09100837097503245
0.18541425000876188
0.12589098210446537
0.09162033116444945
0.11964543093927205
0.1586798899807036
0.08851150795817375
0.09300359012559056
0.2737124420236796
0.09697708091698587
0.09549148194491863
0.0939055101480335
0.15216093603521585
0.0878862279932946
0.08908720989711583
0.08890110510401428
0.09227115288376808
0.08570263697765768
0.09285303088836372
0.08830136409960687
0.09012109693139791
0.09075513784773648
0.11774554499424994
0.0885787510778755
0.09036218118853867
0.08704593102447689
0.09000842203386128
0.1531949918717146
0.09305257792584598
0.08832213701680303
0.12454095995053649
0.09018779592588544
0.09116197796538472
0.11963231209665537
0.09269164502620697
