0.06240129470825195
0.027063608169555664
0.038481950759887695
0.03345298767089844
0.03151893615722656
0.028315305709838867
0.028130531311035156
0.03247642517089844
0.027729034423828125
0.028130769729614258
0.028443574905395508
0.028725862503051758
0.030054330825805664
0.03973078727722168
0.027752161026000977
0.031560659408569336
0.02761220932006836
0.030813217163085938
0.03042459487915039
0.02876138687133789
0.028901100158691406
0.028975725173950195
0.029426097869873047
0.026941537857055664
0.03891301155090332
0.03639864921569824
0.03084087371826172
0.027935266494750977
0.030758380889892578
0.030646085739135742
0.029849529266357422
0.0409388542175293
0.028310537338256836
0.03019261360168457
0.03187084197998047
0.03998064994812012
0.0305325984954834
0.03253579139709473
0.03295326232910156
0.03027629852294922
0.030453920364379883
0.03296375274658203
0.029839754104614258
0.03037238121032715
0.033350229263305664
0.029932498931884766
0.03261065483093262
0.030225038528442383
0.034207820892333984
0.029039859771728516
