0.4441367038525641
0.3660260010510683
0.34169965283945203
0.15311788115650415
0.1563486901577562
0.09593495214357972
0.36924163391813636
0.21991344913840294
0.09073486411944032
0.06050212401896715
0.18420468596741557
0.09109848807565868
0.057461749063804746
0.0896104290150106
0.21474614297039807
0.10237492201849818
0.0906408941373229
0.1223636579234153
0.2433625259436667
0.15409586718305945
0.0896991710178554
0.09125562012195587
0.10155364195816219
0.1513778727967292
0.08801097702234983
0.15234684897586703
0.1195816220715642
0.0874177860096097
0.18378400895744562
0.11755713215097785
0.09152228594757617
0.08733704988844693
0.09753692499361932
0.08824859117157757
0.12504657614044845
0.09089872008189559
0.21755215316079557
0.11756076291203499
0.08888182789087296
0.05941368197090924
0.1548782440368086
0.09151561884209514
0.12076252419501543
0.08996447804383934
0.11990440404042602
0.11933894199319184
0.05994879291392863
0.15305003989487886
0.08942823088727891
0.0882860969286412
