0.3950223489664495
0.3084759721532464
0.2503757008817047
0.0588649429846555
0.2852483869064599
0.12516301777213812
0.3035315729212016
0.09217977896332741
0.09306811285205185
0.18342156684957445
0.15354087902233005
0.18332011508755386
0.3915928879287094
0.25276973308064044
0.10133915394544601
0.15517193102277815
0.153126141987741
0.12674892297945917
0.15471395500935614
0.09446665295399725
0.09532454912550747
0.15289351996034384
0.092575762886554
0.0900051158387214
0.15231824992224574
0.08647372899577022
0.06193978292867541
0.16466354997828603
0.08900367212481797
0.06110997102223337
0.08821044792421162
0.09057211712934077
0.09735223301686347
0.05988067598082125
0.02291666204109788
0.11906811711378396
0.1575805419124663
0.09473197790794075
0.09041317901574075
0.1826994998846203
0.08804408507421613
0.09034213796257973
0.09075520094484091
0.0921556621324271
0.0912356919143349
0.08868624083697796
0.09355609607882798
0.0881549259647727
0.09650055319070816
0.09427596582099795
