0.038362741470336914
0.034165382385253906
0.025515317916870117
0.029300689697265625
0.02961277961730957
0.02900099754333496
0.0252382755279541
0.027263164520263672
0.025774478912353516
0.028162479400634766
0.02627086639404297
0.029967784881591797
0.02700042724609375
0.026301860809326172
0.026650667190551758
0.025662899017333984
0.03586101531982422
0.026290178298950195
0.025316476821899414
0.030178546905517578
0.029565811157226562
0.02789783477783203
0.02613687515258789
0.027505874633789062
0.02606678009033203
0.028831005096435547
0.0303189754486084
0.03120732307434082
0.027933120727539062
0.02706456184387207
0.0267183780670166
0.026447772979736328
0.031519412994384766
0.029386520385742188
0.029600858688354492
0.03466224670410156
0.029269933700561523
0.02783060073852539
0.029030323028564453
0.026609182357788086
0.026609420776367188
0.028664112091064453
0.02751779556274414
0.03448200225830078
0.03180050849914551
0.03274369239807129
0.02529740333557129
0.027484416961669922
0.03132796287536621
0.030202388763427734
