0.45130109786987305
0.031463623046875
0.029904603958129883
0.0350341796875
0.03072524070739746
0.04280257225036621
0.029922962188720703
0.04404640197753906
0.0351262092590332
0.03892993927001953
0.02973461151123047
0.047525644302368164
0.0383915901184082
0.03364706039428711
0.03777003288269043
0.03577923774719238
0.042687416076660156
0.02993917465209961
0.03052353858947754
0.0409693717956543
0.029788970947265625
0.0355219841003418
0.03226304054260254
0.044518470764160156
0.030588865280151367
0.0500791072845459
0.029997825622558594
0.029751300811767578
0.0734858512878418
0.030567646026611328
0.030034303665161133
0.03935098648071289
0.034308433532714844
0.030834197998046875
0.03734326362609863
0.03329062461853027
0.030434608459472656
0.0303494930267334
0.05076169967651367
0.03949594497680664
0.0392911434173584
0.04216170310974121
0.03395843505859375
0.05555915832519531
0.03234577178955078
0.03470611572265625
0.03294563293457031
0.033553123474121094
0.029384374618530273
0.029961109161376953
