0.7207276821136475
0.03639030456542969
0.033950090408325195
0.030375003814697266
0.03537559509277344
0.031851768493652344
0.03550219535827637
0.051621437072753906
0.03185009956359863
0.028467178344726562
0.03324127197265625
0.028482675552368164
0.031807661056518555
0.031191587448120117
0.029946088790893555
0.029616832733154297
0.04135870933532715
0.034470558166503906
0.03429293632507324
0.04553413391113281
0.03317713737487793
0.031590938568115234
0.044844865798950195
0.0471193790435791
0.03211355209350586
0.03608870506286621
0.03806638717651367
0.08494997024536133
0.03579282760620117
0.03278088569641113
0.04859447479248047
0.03319811820983887
0.030597209930419922
0.035071372985839844
0.03319358825683594
0.033538818359375
0.03374528884887695
0.031804561614990234
0.03183579444885254
0.03032207489013672
0.05191636085510254
0.036695241928100586
0.031106233596801758
0.03203010559082031
0.03826189041137695
0.03441143035888672
0.03834652900695801
0.031615257263183594
0.035019874572753906
0.03305840492248535
