0.07872772216796875
0.031301259994506836
0.032514095306396484
0.03281521797180176
0.03256821632385254
0.033603668212890625
0.028354167938232422
0.03055858612060547
0.027472496032714844
0.03645825386047363
0.03082871437072754
0.026892900466918945
0.028853416442871094
0.029874086380004883
0.030513286590576172
0.027189016342163086
0.028431415557861328
0.03191351890563965
0.030140161514282227
0.031899213790893555
0.0290529727935791
0.03211522102355957
0.029626846313476562
0.027367830276489258
0.03049635887145996
0.027219057083129883
0.029688119888305664
0.032351016998291016
0.03179192543029785
0.040749549865722656
0.03097224235534668
0.02801203727722168
0.027978897094726562
0.026772737503051758
0.028267621994018555
0.028730154037475586
0.02781844139099121
0.03405141830444336
0.027794837951660156
0.027138948440551758
0.027284622192382812
0.033425331115722656
0.026884794235229492
0.030646562576293945
0.031040430068969727
0.040113210678100586
0.04297208786010742
0.0299227237701416
0.026772022247314453
0.031166791915893555
