0.030855030985549092
0.029288931982591748
0.026976994005963206
0.030937733128666878
0.026237566955387592
0.02861172193661332
0.02833057497628033
0.02707467693835497
0.026968262856826186
0.023761664982885122
0.09284359612502158
0.025910429190844297
0.028113025007769465
0.02766048419289291
0.026574973948299885
0.026556862983852625
0.058301664888858795
0.08741380390711129
0.09550177305936813
0.08878241502679884
0.08882993808947504
0.09222250385209918
0.1224206720944494
0.029689142014831305
0.025054782163351774
0.029475579969584942
0.02613279619254172
0.0328536459710449
0.15693851094692945
0.12301921611651778
0.09127202001400292
0.08698287606239319
0.06808958505280316
0.02728294301778078
0.027989910915493965
0.024353432934731245
0.027072618948295712
0.28387413593009114
0.028385807992890477
0.026646482991054654
0.024785742862150073
0.025882799178361893
0.023612589109688997
0.029633829137310386
0.0890035789925605
0.02483085379935801
0.08708757604472339
0.09251094213686883
0.024285872001200914
0.09135138685815036
