0.4875509738922119
0.03194403648376465
0.028786659240722656
0.032289981842041016
0.031671762466430664
0.0307464599609375
0.031411170959472656
0.032445669174194336
0.030674457550048828
0.032296180725097656
0.02933502197265625
0.03272247314453125
0.029849767684936523
0.030440092086791992
0.04205942153930664
0.05258488655090332
0.03249764442443848
0.03470206260681152
0.02998065948486328
0.03189730644226074
0.0314640998840332
0.03328084945678711
0.08485627174377441
0.035160064697265625
0.031607627868652344
0.037717342376708984
0.03814506530761719
0.030907630920410156
0.03169417381286621
0.03281092643737793
0.03568768501281738
0.03293609619140625
0.03477191925048828
0.035794973373413086
0.04208040237426758
0.041879892349243164
0.03054070472717285
0.037310123443603516
0.047093868255615234
0.031585693359375
0.035448551177978516
0.03513836860656738
0.03683876991271973
0.04024624824523926
0.036746978759765625
0.034932851791381836
0.03372597694396973
0.04258251190185547
0.034623146057128906
0.03677964210510254
