0.2472834587097168
0.04242444038391113
0.03408026695251465
0.03727221488952637
0.029351234436035156
0.0370941162109375
0.045313119888305664
0.047754526138305664
0.029302358627319336
0.030408382415771484
0.04608893394470215
0.029340505599975586
0.027591705322265625
0.032740116119384766
0.032201290130615234
0.03321671485900879
0.02869105339050293
0.03520464897155762
0.03525805473327637
0.03835892677307129
0.030274629592895508
0.034420013427734375
0.047347307205200195
0.049147605895996094
0.05585932731628418
0.038613319396972656
0.02895808219909668
0.02855706214904785
0.030272245407104492
0.03766489028930664
0.03431224822998047
0.03470587730407715
0.027970075607299805
0.03439760208129883
0.04596590995788574
0.03776669502258301
0.029760360717773438
0.027521848678588867
0.0342864990234375
0.031288862228393555
0.031957149505615234
0.0289306640625
0.028357982635498047
0.027698755264282227
0.02934098243713379
0.03225278854370117
0.029114246368408203
0.03219151496887207
0.028560638427734375
0.02913045883178711
