0.037900447845458984
0.029399394989013672
0.029697895050048828
0.02654409408569336
0.028126239776611328
0.026290416717529297
0.0261993408203125
0.03729581832885742
0.026201963424682617
0.03092217445373535
0.02641916275024414
0.049956560134887695
0.0283353328704834
0.0277407169342041
0.026610851287841797
0.028077363967895508
0.03317546844482422
0.02831864356994629
0.028171539306640625
0.02687978744506836
0.0315093994140625
0.02623772621154785
0.04374861717224121
0.033811330795288086
0.0307159423828125
0.03956437110900879
0.03109288215637207
0.033295631408691406
0.026536226272583008
0.030820369720458984
0.02993154525756836
0.02896595001220703
0.031038761138916016
0.030767202377319336
0.02850651741027832
0.02794194221496582
0.03426194190979004
0.02895641326904297
0.03056502342224121
0.027894258499145508
0.030319929122924805
0.03773045539855957
0.035651206970214844
0.028940677642822266
0.028377532958984375
0.043122053146362305
0.028499841690063477
0.028423547744750977
0.030114173889160156
0.028312206268310547
