0.03986787796020508
0.030629873275756836
0.029958724975585938
0.027647018432617188
0.02973794937133789
0.027652978897094727
0.03087615966796875
0.032235145568847656
0.030440568923950195
0.03266263008117676
0.029917001724243164
0.03298330307006836
0.030384302139282227
0.028769731521606445
0.030662059783935547
0.02900099754333496
0.02984929084777832
0.03005695343017578
0.02912735939025879
0.028517961502075195
0.03439021110534668
0.03153491020202637
0.033901214599609375
0.03017592430114746
0.028643131256103516
0.0299530029296875
0.03218865394592285
0.03024601936340332
0.029949426651000977
0.04565882682800293
0.030583858489990234
0.034178972244262695
0.031568288803100586
0.031674861907958984
0.029211044311523438
0.02958536148071289
0.03001570701599121
0.028688430786132812
0.03214883804321289
0.028603315353393555
0.035243988037109375
0.031026124954223633
0.03367948532104492
0.04011344909667969
0.03211379051208496
0.03027486801147461
0.03825187683105469
0.03348946571350098
0.030646800994873047
0.032195329666137695
