0.06686297315172851
0.03622187511064112
0.033737316029146314
0.032571632880717516
0.038187146885320544
0.027706169057637453
0.03659294405952096
0.02809275803156197
0.041954579995945096
0.032336355885490775
0.026182706002146006
0.029779403936117887
0.03394531086087227
0.028683166950941086
0.030288499081507325
0.032175624975934625
0.034671843983232975
0.03093403414823115
0.02984170103445649
0.03485611896030605
0.030978105030953884
0.031537850853055716
0.031969663919880986
0.03250025282613933
0.0317160920239985
0.03136470797471702
0.03860318008810282
0.03851324296556413
0.03252405393868685
0.037684780079871416
0.03115352406166494
0.03662695689126849
0.027956065023317933
0.026215157937258482
0.03863704786635935
0.036505805095657706
0.03099100012332201
0.031375161139294505
0.03435099800117314
0.030050583882257342
0.032591970870271325
0.03058712393976748
0.03262258996255696
0.03163151815533638
0.02812043111771345
0.028697454137727618
0.03351747407577932
0.026424989802762866
0.03385665011592209
0.03300433000549674
