0.5490570510737598
0.03297205292619765
0.032394584035500884
0.027328353142365813
0.035956540843471885
0.03167886892333627
0.028964116936549544
0.033821273827925324
0.031310345977544785
0.0356263630092144
0.028455341001972556
0.026923558907583356
0.029206695035099983
0.036935863085091114
0.02901095408014953
0.03307224088348448
0.033081685891374946
0.02662557689473033
0.03966412111185491
0.030942845158278942
0.0327830770984292
0.03022537101060152
0.02901719114743173
0.028529796982184052
0.1031559610273689
0.028781776083633304
0.030020185047760606
0.03257690789178014
0.03042339300736785
0.02863257611170411
0.0345564279705286
0.033497565891593695
0.02801571902818978
0.029671950032934546
0.03204933414235711
0.031653319019824266
0.02825115784071386
0.033064112067222595
0.0301727750338614
0.03701894008554518
0.02782189194113016
0.029279233189299703
0.029261928983032703
0.03275859309360385
0.02847060514613986
0.03459109296090901
0.028953723143786192
0.042480800999328494
0.02707524783909321
0.0336277571041137
