0.09778356552124023
0.02808976173400879
0.03500962257385254
0.039572954177856445
0.03135967254638672
0.03265547752380371
0.03192877769470215
0.028552532196044922
0.03341078758239746
0.02796792984008789
0.02816009521484375
0.03084397315979004
0.026133060455322266
0.03330278396606445
0.03136587142944336
0.03181266784667969
0.03105902671813965
0.028148174285888672
0.026491880416870117
0.0309293270111084
0.030846595764160156
0.03227949142456055
0.037377119064331055
0.032282352447509766
0.02970290184020996
0.031560659408569336
0.03563284873962402
0.033354997634887695
0.029616832733154297
0.029319286346435547
0.03208422660827637
0.035117387771606445
0.02836298942565918
0.031517982482910156
0.031569719314575195
0.028644084930419922
0.027132511138916016
0.0296478271484375
0.0339503288269043
0.02894902229309082
0.026111841201782227
0.03216433525085449
0.028351783752441406
0.027354001998901367
0.031213998794555664
0.032686710357666016
0.03266453742980957
0.027721643447875977
0.028209209442138672
0.03769826889038086
