0.5234693591482937
0.033399103907868266
0.03436923888511956
0.03217962593771517
0.02838403289206326
0.03456017607823014
0.028936720918864012
0.029329725075513124
0.03638052009046078
0.03247288800776005
0.03387286886572838
0.028695543063804507
0.032916496973484755
0.030960932141169906
0.02918869280256331
0.03274084301665425
0.034576012985780835
0.03100621490739286
0.0305225090123713
0.028878760989755392
0.02830244996584952
0.023356474936008453
0.028257057070732117
0.026893835049122572
0.03085535205900669
0.0445034250151366
0.029303508112207055
0.03468174790032208
0.03743922710418701
0.029971060110256076
0.029133465141057968
0.03304377803578973
0.03034376003779471
0.03552766190841794
0.031162369064986706
0.03056835080496967
0.030979677103459835
0.033551217056810856
0.04113890300504863
0.03257370903156698
0.03059689002111554
0.034787064883857965
0.02470762189477682
0.028942039934918284
0.028223279863595963
0.030933293979614973
0.031080150976777077
0.031104798894375563
0.03596522402949631
0.0412393759470433
