0.050968049792572856
0.04032033891417086
0.03530674101784825
0.03290696907788515
0.03207833296619356
0.03345043701119721
0.03224856196902692
0.031079063890501857
0.028354312991723418
0.04012283589690924
0.026544996071606874
0.03008758812211454
0.033556252950802445
0.02834914205595851
0.028284949949011207
0.033388067968189716
0.028890431858599186
0.03501818794757128
0.028524762950837612
0.027678899001330137
0.03263908321969211
0.023674578871577978
0.029504151083528996
0.033490194007754326
0.02675749803893268
0.0306674730964005
0.03000370808877051
0.03228901093825698
0.028488130075857043
0.033286031102761626
0.03040640987455845
0.03522488591261208
0.03633928997442126
0.03880087216384709
0.027946809073910117
0.033688249066472054
0.030056320829316974
0.029197482857853174
0.026415933156386018
0.026026047999039292
0.027448513777926564
0.02761636790819466
0.030495814979076385
0.029313741950318217
0.028683695010840893
0.02920650108717382
0.036257812986150384
0.031230143969878554
0.02905650599859655
0.030988439917564392
