0.46395579911768436
0.023500439943745732
0.24919325695373118
0.27114652399905026
0.057258817134425044
0.08821455715224147
0.21582706086337566
0.1341906520538032
0.06205899314954877
0.09330540103837848
0.22782337106764317
0.15532572497613728
0.09097516187466681
0.277123715961352
0.20270697609521449
0.18798704305663705
0.025946399895474315
0.15103955706581473
0.09875820600427687
0.09253247198648751
0.11718830093741417
0.18145654699765146
0.124395847087726
0.18652392900548875
0.06611259700730443
0.18765233014710248
0.0902887680567801
0.1587317290250212
0.08866750099696219
0.05744475801475346
0.22145626693964005
0.08669452415779233
0.0888525799382478
0.0913518900051713
0.1508253631182015
0.09966412489302456
0.15075795608572662
0.09751735208556056
0.09140697005204856
0.09072870295494795
0.1557958081830293
0.08971684402786195
0.12177641107700765
0.060964819975197315
0.09282744815573096
0.09450665907934308
0.0935405851341784
0.08909423602744937
0.02354597602970898
0.09270195616409183
