0.34722018241882324
0.043023109436035156
0.03130221366882324
0.02947711944580078
0.030262470245361328
0.08416056632995605
0.02950429916381836
0.030528783798217773
0.03899264335632324
0.032074689865112305
0.030345916748046875
0.03820538520812988
0.028722763061523438
0.029968738555908203
0.029240846633911133
0.029758214950561523
0.03380632400512695
0.03480863571166992
0.03890228271484375
0.04029202461242676
0.0302581787109375
0.03020024299621582
0.04245471954345703
0.03997087478637695
0.03415369987487793
0.033101797103881836
0.03956317901611328
0.03432059288024902
0.036742210388183594
0.0470890998840332
0.03280973434448242
0.030828237533569336
0.03244733810424805
0.030925750732421875
0.040781497955322266
0.02990436553955078
0.03291606903076172
0.03485369682312012
0.034923553466796875
0.04153871536254883
0.04677009582519531
0.03076338768005371
0.03638195991516113
0.03617262840270996
0.03324413299560547
0.03054523468017578
0.04356026649475098
0.033215999603271484
0.03431296348571777
0.04158592224121094
