0.14552728598937392
0.10080294799990952
0.09385872492566705
0.09257046994753182
0.09459936711937189
0.0937997680157423
0.11877109110355377
0.09252324397675693
0.0934403040446341
0.09932270902208984
0.09149975702166557
0.09696381096728146
0.09348455793224275
0.09820805606432259
0.08943087793886662
0.11029680212959647
0.126657027984038
0.16034932993352413
0.12704899907112122
0.08914331183768809
0.09022689494304359
0.07015200611203909
0.09168514097109437
0.10138201992958784
0.08816864504478872
0.09045165800489485
0.09547621291130781
0.09727324009872973
0.08895601402036846
0.11793789104558527
0.08779535605572164
0.09335777792148292
0.11029446101747453
0.09206930012442172
0.13598372507840395
0.11479177908040583
0.12426359811797738
0.13329202006570995
0.09145044418983161
0.15581512381322682
0.09098319802433252
0.09807670419104397
0.0994992961641401
0.05883281701244414
0.06245801295153797
0.13509821402840316
0.12514850706793368
0.09586086310446262
0.10187039594165981
0.06221592682413757
