0.035126686096191406
0.029743432998657227
0.03613924980163574
0.04329967498779297
0.03578042984008789
0.035334110260009766
0.04127168655395508
0.030117273330688477
0.0308530330657959
0.046251773834228516
0.032798051834106445
0.031693458557128906
0.040863990783691406
0.030590057373046875
0.030168533325195312
0.03406119346618652
0.038690805435180664
0.031275272369384766
0.03005242347717285
0.03822827339172363
0.04625654220581055
0.04063677787780762
0.03033614158630371
0.0342411994934082
0.03279876708984375
0.030562639236450195
0.03262162208557129
0.03052353858947754
0.03968024253845215
0.029854536056518555
0.035611629486083984
0.039457082748413086
0.037401676177978516
0.03271222114562988
0.031048297882080078
0.03042125701904297
0.032915592193603516
0.034624338150024414
0.031002044677734375
0.03350043296813965
0.030160188674926758
0.039629459381103516
0.03235220909118652
0.03222918510437012
0.03169393539428711
0.03345489501953125
0.03842663764953613
0.0463566780090332
0.03062152862548828
0.03220772743225098
