0.27167604700662196
0.30752616794779897
0.27955208416096866
0.18850448494777083
0.023664691019803286
0.1823482969775796
0.21256486722268164
0.24975586216896772
0.2093795898836106
0.2123352289199829
0.34231531899422407
0.09144088998436928
0.15529908589087427
0.16001134598627687
0.1840660551097244
0.06266140309162438
0.06817262386903167
0.18351279385387897
0.08774652192369103
0.1528140369337052
0.15242433082312346
0.09616946498863399
0.09324578521773219
0.0914833580609411
0.12811259785667062
0.09261575387790799
0.09024254092946649
0.1558641951996833
0.11831444106064737
0.12349372287280858
0.09909654688090086
0.032435718923807144
0.09300035517662764
0.06144538801163435
0.08907769108191133
0.08801814098842442
0.09610363491810858
0.09792557102628052
0.0902254490647465
0.0883863668423146
0.09350613690912724
0.1496151341125369
0.09201861498877406
0.08858344797044992
0.10271316301077604
0.0953351641073823
0.18213441385887563
0.031213660957291722
0.12032905290834606
0.08957837987691164
