0.43515977007336915
0.33947306289337575
0.36416306090541184
0.2779855059925467
0.28558955900371075
0.1636078821029514
0.18905706517398357
0.12090338580310345
0.02395600895397365
0.09110158705152571
0.1207878130953759
0.09325053612701595
0.06010047206655145
0.09067087899893522
0.05911272205412388
0.36563180503435433
0.08906498202122748
0.0933661931194365
0.024831674061715603
0.08997188485227525
0.15577969793230295
0.1590657141059637
0.07174465199932456
0.02448831801302731
0.1885351410601288
0.09322303393855691
0.12410292588174343
0.05816679308190942
0.12328143999911845
0.19340704497881234
0.09388699498958886
0.09588163206353784
0.0973218569997698
0.09056137688457966
0.06139599601738155
0.15767860203050077
0.09548818692564964
0.09137048292905092
0.026416333159431815
0.058600689051672816
0.02719692699611187
0.09001745004206896
0.06357649597339332
0.09075613901950419
0.09266855218447745
0.09693195414729416
0.10491861100308597
0.15319192199967802
0.12203610804863274
0.12387076602317393
