0.05105074308812618
0.02516093384474516
0.026997850043699145
0.09642286412417889
0.026704796124249697
0.027849750127643347
0.09571705805137753
0.032237389823421836
0.026542536914348602
0.025478477124124765
0.02727417484857142
0.026459329994395375
0.029031808953732252
0.09667680598795414
0.02864647703245282
0.027606862131506205
0.024316797964274883
0.02658932888880372
0.02668357314541936
0.027656962862238288
0.026741624111309648
0.029100091895088553
0.028590515023097396
0.025801508920267224
0.09003988094627857
0.09058857499621809
0.026080572046339512
0.04748575598932803
0.08851308398880064
0.08828495093621314
0.02877476392313838
0.025480472948402166
0.026191775919869542
0.02783916494809091
0.024336759001016617
0.026543777901679277
0.024446811992675066
0.12232250184752047
0.03137915302067995
0.02716409508138895
0.02510222396813333
0.028546318877488375
0.025673961965367198
0.029591695871204138
0.026162290945649147
0.03181981900706887
0.025797758949920535
0.03299011802300811
0.032373592955991626
0.0247415320482105
