0.0409855842590332
0.03464150428771973
0.026510953903198242
0.0353846549987793
0.03007221221923828
0.027333736419677734
0.03668498992919922
0.02663707733154297
0.027760982513427734
0.028040170669555664
0.03280973434448242
0.0281374454498291
0.029335975646972656
0.03156781196594238
0.03336334228515625
0.029435157775878906
0.033521175384521484
0.03412890434265137
0.0395052433013916
0.03876352310180664
0.03164935111999512
0.027238845825195312
0.02765965461730957
0.02840280532836914
0.030111312866210938
0.02814650535583496
0.031029701232910156
0.027148008346557617
0.035031795501708984
0.02689981460571289
0.036785125732421875
0.028613805770874023
0.030265092849731445
0.029396772384643555
0.026118040084838867
0.02861499786376953
0.02973651885986328
0.04714322090148926
0.030464887619018555
0.02872323989868164
0.029839277267456055
0.03230023384094238
0.0282285213470459
0.030916452407836914
0.028722047805786133
0.027027368545532227
0.03285980224609375
0.027291297912597656
0.03075265884399414
0.03501319885253906
