0.05818629264831543
0.0411529541015625
0.036115169525146484
0.031058549880981445
0.05553603172302246
0.03014063835144043
0.03137946128845215
0.03345155715942383
0.03283572196960449
0.0347142219543457
0.03337502479553223
0.03796529769897461
0.03909039497375488
0.03993558883666992
0.028974533081054688
0.027991294860839844
0.03442502021789551
0.034517526626586914
0.03998208045959473
0.03838706016540527
0.036379098892211914
0.0303804874420166
0.03251028060913086
0.031234025955200195
0.030035734176635742
0.027820587158203125
0.03070664405822754
0.03471016883850098
0.03925466537475586
0.028296470642089844
0.032614946365356445
0.03422141075134277
0.030789852142333984
0.03472280502319336
0.03551483154296875
0.03625345230102539
0.031215429306030273
0.04464268684387207
0.031087160110473633
0.038472652435302734
0.03140568733215332
0.03261232376098633
0.030921459197998047
0.0320277214050293
0.033989667892456055
0.03055882453918457
0.039218902587890625
0.030018329620361328
0.03484344482421875
0.03177666664123535
