0.13469386100769043
0.03043341636657715
0.03083944320678711
0.037160396575927734
0.03307056427001953
0.03469681739807129
0.03750467300415039
0.03588461875915527
0.038704872131347656
0.033635616302490234
0.04972982406616211
0.04172182083129883
0.033690452575683594
0.03184676170349121
0.03824734687805176
0.03151226043701172
0.03929877281188965
0.04989290237426758
0.037564992904663086
0.03284025192260742
0.03232002258300781
0.039952754974365234
0.029993057250976562
0.04455256462097168
0.03232169151306152
0.02996826171875
0.034622907638549805
0.032135963439941406
0.035761356353759766
0.03399252891540527
0.03182530403137207
0.03661513328552246
0.03382372856140137
0.03144717216491699
0.03896307945251465
0.0396878719329834
0.035836219787597656
0.033117055892944336
0.032280921936035156
0.038976192474365234
0.048265695571899414
0.03230452537536621
0.03881359100341797
0.041790008544921875
0.0507502555847168
0.031426429748535156
0.0291900634765625
0.03956484794616699
0.055271148681640625
0.03263092041015625
