0.42269531707279384
0.3043479530606419
0.24410138512030244
0.35817314800806344
0.15660991217009723
0.12485339702107012
0.12072962196543813
0.08931046398356557
0.12458832608535886
0.06535564200021327
0.06117598689161241
0.06306720105931163
0.0897261172067374
0.09379902784712613
0.12437789095565677
0.12317663384601474
0.11923943599686027
0.060652242973446846
0.060255927965044975
0.024150994839146733
0.026370345149189234
0.06349464319646358
0.12212841911241412
0.09042730089277029
0.18870971980504692
0.15410164999775589
0.15838101506233215
0.09441468701697886
0.05988996499218047
0.12122965487651527
0.15270880493335426
0.024547332199290395
0.08875415800139308
0.061574875842779875
0.09076749393716455
0.09014024492353201
0.1207532761618495
0.06241125799715519
0.18306778417900205
0.09101482015103102
0.1005172161385417
0.12343269004486501
0.09110122011043131
0.15479731606319547
0.12352619017474353
0.18383683683350682
0.08847376215271652
0.09312777896411717
0.08770895400084555
0.09125690488144755
