0.7571982468944043
0.24359966185875237
0.059344812063500285
0.27334597590379417
0.16479482594877481
0.0880991171579808
0.18437301111407578
0.12290404713712633
0.08772837789729238
0.1886291499249637
0.1536526009440422
0.026418054942041636
0.09017806500196457
0.09674410219304264
0.21739771286956966
0.15466365893371403
0.09048600099049509
0.0883238788228482
0.17961667105555534
0.09215530310757458
0.15030912891961634
0.12398603884503245
0.12149770488031209
0.08630960714071989
0.1201274860650301
0.09162025502882898
0.12261342909187078
0.0904073971323669
0.08947278489358723
0.09143360587768257
0.09258707310073078
0.12453193101100624
0.09628384793177247
0.0905967690050602
0.0915065249428153
0.05845093401148915
0.12804279499687254
0.09550783014856279
0.0890083338599652
0.08793677622452378
0.058726805029436946
0.08901620702818036
0.09012573910877109
0.09417524095624685
0.09066902194172144
0.09199703997001052
0.0895048719830811
0.09236312098801136
0.15864762314595282
0.09057649201713502
