0.034458206966519356
0.028182990150526166
0.025670009898021817
0.028702276991680264
0.02974128699861467
0.02414097497239709
0.028106385841965675
0.09490089886821806
0.026696004904806614
0.02491846401244402
0.026676560984924436
0.025593762984499335
0.03129528393037617
0.027697244193404913
0.028879605000838637
0.02624443918466568
0.025622755056247115
0.029917556792497635
0.02950922609306872
0.02687651291489601
0.024963839910924435
0.029967656126245856
0.02488241600804031
0.027462661964818835
0.025685724103823304
0.024829406989738345
0.02440317114815116
0.02709440398029983
0.025842378148809075
0.025004752911627293
0.02471682196483016
0.02429372607730329
0.09403606201522052
0.024229123955592513
0.026647757040336728
0.027758747106418014
0.030921190045773983
0.026164429960772395
0.027382767060771585
0.035222095204517245
0.025240304181352258
0.02762240101583302
0.029192692833021283
0.026821182807907462
0.03689245996065438
0.027484728954732418
0.024013995891436934
0.029353345977142453
0.03117843996733427
0.02714101388119161
