0.4174417080357671
0.12203347682952881
0.2790774640161544
0.2003724540118128
0.3702675858512521
0.30875233793631196
0.12544198287650943
0.12596410885453224
0.12428569002076983
0.06068232795223594
0.12391154002398252
0.09565796493552625
0.05996849201619625
0.08860896108672023
0.18351512704975903
0.09826191794127226
0.06392724998295307
0.1268212259747088
0.13382409396581352
0.11942222085781395
0.24601995991542935
0.061479541938751936
0.16649783798493445
0.12422055192291737
0.06335201114416122
0.0920432829298079
0.08891497412696481
0.06600922695361078
0.09106052503921092
0.025020164903253317
0.061456755036488175
0.09163501090370119
0.09188649291172624
0.025289864977821708
0.10170500189997256
0.08974675601348281
0.07418824289925396
0.15230220998637378
0.09447793802246451
0.15136670507490635
0.08841556892730296
0.08975055813789368
0.184199406998232
0.12250202684663236
0.09928675810806453
0.10010134801268578
0.15365649200975895
0.1220240390393883
0.09272611583583057
0.09481566003523767
