0.44178082305006683
0.24330835090950131
0.3037542279344052
0.14040445699356496
0.2756987689062953
0.08839112985879183
0.12240555603057146
0.05978976585902274
0.061233191983774304
0.1807183630298823
0.2524341819807887
0.27157025784254074
0.18513683904893696
0.18253460293635726
0.16137786605395377
0.09279235685244203
0.12219183193519711
0.10243457998149097
0.06406882381998003
0.1646005038637668
0.09222466894425452
0.12325285095721483
0.24683958082459867
0.15183927491307259
0.12075382098555565
0.0884250879753381
0.0889787517953664
0.05909296590834856
0.12158652511425316
0.09039055090397596
0.03180265496484935
0.15523874294012785
0.13058941392228007
0.09592532296665013
0.02456867997534573
0.11991847096942365
0.0876138941384852
0.12126364791765809
0.09051355998963118
0.1238393341191113
0.05847369600087404
0.12703535915352404
0.09054970904253423
0.09030052903108299
0.09480705577880144
0.05773057695478201
0.0940188649110496
0.1525698381010443
0.08771442505531013
0.15877591911703348
