0.5113818789832294
0.026979913003742695
0.028755465056747198
0.028719267109408975
0.15432611503638327
0.02698739292100072
0.03317530616186559
0.026335990987718105
0.026850349036976695
0.025781875010579824
0.02949386602267623
0.02634671493433416
0.02650350797921419
0.028070754138752818
0.030275497818365693
0.032137125032022595
0.02546200016513467
0.02919307304546237
0.11983067193068564
0.02617206797003746
0.026879645884037018
0.024807430105283856
0.03598282695747912
0.038281962973997
0.09165060403756797
0.025810426101088524
0.02899857610464096
0.025279655819758773
0.027338920859619975
0.02543763699941337
0.026438414119184017
0.026381606003269553
0.09095413703471422
0.03087993199005723
0.09220433095470071
0.026863422011956573
0.024477225029841065
0.025238712085410953
0.09605536912567914
0.08910419791936874
0.026732899015769362
0.025309805059805512
0.08877185615710914
0.028824412962421775
0.059343450935557485
0.024324327940121293
0.025386338820680976
0.025869010016322136
0.02610471099615097
0.09385162801481783
