0.028408527374267578
0.03150057792663574
0.027300596237182617
0.028258323669433594
0.029967069625854492
0.027114152908325195
0.0336766242980957
0.0294497013092041
0.033115386962890625
0.028009414672851562
0.029599666595458984
0.02829599380493164
0.028573036193847656
0.028965473175048828
0.03006124496459961
0.029940366744995117
0.03344917297363281
0.032129526138305664
0.02801823616027832
0.02735114097595215
0.027639389038085938
0.029758214950561523
0.02816915512084961
0.027336835861206055
0.030855417251586914
0.025892019271850586
0.030013322830200195
0.02903127670288086
0.03083658218383789
0.03219485282897949
0.03296685218811035
0.028083324432373047
0.028728008270263672
0.035356998443603516
0.02795243263244629
0.030916452407836914
0.03767251968383789
0.030082225799560547
0.032523393630981445
0.03229689598083496
0.029230117797851562
0.02700185775756836
0.03698134422302246
0.03511381149291992
0.028614521026611328
0.026269197463989258
0.029873132705688477
0.02739858627319336
0.02838611602783203
0.028812885284423828
