0.4614017040003091
0.027838028967380524
0.09076746506616473
0.0928955739364028
0.025670750066637993
0.15085443807765841
0.029909355100244284
0.026335892034694552
0.02466342388652265
0.024950857972726226
0.025734346127137542
0.12345243594609201
0.1554491149727255
0.0256959639955312
0.060311859007924795
0.029339055065065622
0.02509065391495824
0.024806425906717777
0.02654526405967772
0.08737964904867113
0.0264377708081156
0.029277344001457095
0.02665260201320052
0.036842956906184554
0.04220029595308006
0.026514184195548296
0.027478370117023587
0.026793348835781217
0.029511394910514355
0.028093832079321146
0.026562624145299196
0.026975119952112436
0.025120622012764215
0.09528945200145245
0.02733991597779095
0.028931064996868372
0.027492469875141978
0.026932090986520052
0.0295496778562665
0.024869687855243683
0.02730756695382297
0.026707716984674335
0.02970968303270638
0.06548703601583838
0.025453510927036405
0.024790215073153377
0.030900587094947696
0.10002041608095169
0.023797146044671535
0.1521936389617622
