0.04255817295052111
0.02859898586757481
0.02765799011103809
0.02484119380824268
0.027800993993878365
0.028903320897370577
0.028427128912881017
0.025343313114717603
0.025935592828318477
0.024813544936478138
0.02721648197621107
0.02804626594297588
0.024426675867289305
0.06240244512446225
0.03385519818402827
0.025515312096104026
0.026858878787606955
0.03591103898361325
0.03432135307230055
0.05939392698928714
0.028721039183437824
0.027436261996626854
0.0946805328130722
0.028150178026407957
0.028655514121055603
0.04579176800325513
0.024866517866030335
0.12210180098190904
0.027165975887328386
0.025049876887351274
0.02782255900092423
0.02602525195106864
0.026445301016792655
0.02762764203362167
0.024102361872792244
0.025498084956780076
0.02614465798251331
0.030453617917373776
0.02440062607638538
0.02702050586231053
0.025016339030116796
0.02926334599032998
0.025840987917035818
0.030226255068555474
0.029708662070333958
0.0874106811825186
0.02912681014277041
0.02740855305455625
0.02857940411195159
0.025251540821045637
