0.42568451212719083
0.1790012859273702
0.18827720801346004
0.277790006948635
0.18366912100464106
0.2762157360557467
0.12181065417826176
0.34454756998457015
0.24311026697978377
0.156382653163746
0.03642587293870747
0.09749283501878381
0.1535661448724568
0.12167292204685509
0.20974596496671438
0.0908595200162381
0.024422766873613
0.09049858385697007
0.1526591000147164
0.15207249321974814
0.15478057810105383
0.09475105814635754
0.05869497708044946
0.09016709495335817
0.08930811006575823
0.08816403592936695
0.1489829181227833
0.08899115305393934
0.08867141813971102
0.1233746730722487
0.09250485803931952
0.18102087592706084
0.1213824839796871
0.12204484478570521
0.09538846695795655
0.09965141909196973
0.09208688512444496
0.1956203537993133
0.15566202090121806
0.066100258147344
0.08986186282709241
0.09098274004645646
0.08937832992523909
0.15132222487591207
0.09407478314824402
0.1210519471205771
0.09504907601512969
0.0871018529869616
0.09486508090049028
0.08848245209082961
