1.0292797088623047
0.8364858627319336
0.03256702423095703
0.037198781967163086
0.03445839881896973
0.03849649429321289
0.9605057239532471
0.05560779571533203
0.029857158660888672
0.029961824417114258
0.0804588794708252
0.03431129455566406
0.03022933006286621
0.030529499053955078
0.03556180000305176
0.037947654724121094
0.03155112266540527
0.03067493438720703
0.05386495590209961
0.029538631439208984
0.053122520446777344
0.03426814079284668
0.030726194381713867
0.042511940002441406
0.049074411392211914
0.037258148193359375
0.035436153411865234
0.03507637977600098
0.06199479103088379
0.030775785446166992
0.0304872989654541
0.03447866439819336
0.03100109100341797
0.03365945816040039
0.03445291519165039
0.03415822982788086
0.030412912368774414
0.030898571014404297
0.048895835876464844
0.03371739387512207
0.0334930419921875
0.03271198272705078
0.05685830116271973
0.03285861015319824
0.0352628231048584
0.03641772270202637
0.035620689392089844
0.03318929672241211
0.03384733200073242
0.04251503944396973
