0.062146902084350586
0.029401540756225586
0.029359817504882812
0.034383535385131836
0.0331423282623291
0.031998634338378906
0.03317070007324219
0.03345298767089844
0.03364062309265137
0.031681060791015625
0.03034830093383789
0.032494306564331055
0.032534122467041016
0.031754493713378906
0.047092437744140625
0.03386330604553223
0.030276775360107422
0.042382001876831055
0.03593635559082031
0.03271055221557617
0.035185813903808594
0.03065347671508789
0.03207898139953613
0.03724956512451172
0.030820846557617188
0.03798365592956543
0.033507347106933594
0.034525394439697266
0.03914761543273926
0.03711342811584473
0.0324704647064209
0.03372621536254883
0.03303217887878418
0.04164600372314453
0.03722882270812988
0.0308072566986084
0.030391216278076172
0.03679013252258301
0.03355002403259277
0.03883862495422363
0.036641597747802734
0.03530073165893555
0.03230857849121094
0.029743671417236328
0.03318953514099121
0.03186440467834473
0.04239153861999512
0.037171363830566406
0.030413389205932617
0.03461623191833496
