0.14644861221313477
0.03223133087158203
0.046416282653808594
0.031221389770507812
0.04286646842956543
0.036098480224609375
0.03553152084350586
0.03455686569213867
0.04438447952270508
0.04853200912475586
0.041055917739868164
0.05003190040588379
0.04524946212768555
0.03404808044433594
0.06087327003479004
0.03687930107116699
0.04384875297546387
0.0497126579284668
0.039472341537475586
0.031088829040527344
0.03165483474731445
0.06841731071472168
0.030840635299682617
0.038109540939331055
0.03171038627624512
0.1193389892578125
0.03561997413635254
0.03417849540710449
0.03472161293029785
0.0324249267578125
0.0387723445892334
0.03458452224731445
0.03015899658203125
0.032732248306274414
0.03837299346923828
0.03797745704650879
0.030240297317504883
0.0332794189453125
0.03173065185546875
0.037695884704589844
0.03813791275024414
0.061731576919555664
0.03226876258850098
0.04975414276123047
0.036824941635131836
0.02958226203918457
0.049695491790771484
0.04608011245727539
0.03554415702819824
0.04151439666748047
