0.09322285652160645
0.046424150466918945
0.04427528381347656
0.04836750030517578
0.03101372718811035
0.032282114028930664
0.032894134521484375
0.034749507904052734
0.03075861930847168
0.04670238494873047
0.03778266906738281
0.0406036376953125
0.03685474395751953
0.03010082244873047
0.035903215408325195
0.03933405876159668
0.033339500427246094
0.045577287673950195
0.03366518020629883
0.03370380401611328
0.031095266342163086
0.03175091743469238
0.045316219329833984
0.03196310997009277
0.03509926795959473
0.03828883171081543
0.03403043746948242
0.030933856964111328
0.03838229179382324
0.03802680969238281
0.03612232208251953
0.040227651596069336
0.05770087242126465
0.0307309627532959
0.05113935470581055
0.03200030326843262
0.034914255142211914
0.03893470764160156
0.0405271053314209
0.04837989807128906
0.042525291442871094
0.05355334281921387
0.035944223403930664
0.03730964660644531
0.029299259185791016
0.03083348274230957
0.03242802619934082
0.04186439514160156
0.03587198257446289
0.03328990936279297
