0.44689683406613767
0.12166120298206806
0.24651056295260787
0.02745236805640161
0.025493653025478125
0.03228061902336776
0.24770765798166394
0.025229584891349077
0.03525718301534653
0.02651097602210939
0.024501214968040586
0.029431154020130634
0.09221052285283804
0.02463327394798398
0.028035984840244055
0.08783120010048151
0.026371215004473925
0.028012136928737164
0.03501014201901853
0.03680573287419975
0.02918234490789473
0.031100822845473886
0.02992638503201306
0.027745448984205723
0.026313929818570614
0.03430568380281329
0.025226420955732465
0.0938582899980247
0.02929804497398436
0.09094937704503536
0.025875580962747335
0.023531063925474882
0.026223269989714026
0.02466188999824226
0.02842121385037899
0.027103517903015018
0.16104997578077018
0.02536349114961922
0.06576193519867957
0.02712498395703733
0.027705456130206585
0.09355157590471208
0.03048973809927702
0.025015769992023706
0.15250209299847484
0.027017402928322554
0.025166410021483898
0.03321120305918157
0.08990762406028807
0.027766883838921785
