0.11872649192810059
0.03634333610534668
0.028552532196044922
0.034932851791381836
0.030985116958618164
0.03219962120056152
0.03348684310913086
0.03538227081298828
0.030602693557739258
0.03827857971191406
0.031852006912231445
0.043276309967041016
0.0350489616394043
0.030174970626831055
0.027952194213867188
0.03240180015563965
0.031946420669555664
0.028396129608154297
0.028645753860473633
0.0321958065032959
0.03598809242248535
0.029026031494140625
0.03386974334716797
0.031797170639038086
0.0317530632019043
0.033953189849853516
0.03498196601867676
0.03471994400024414
0.033564090728759766
0.039916276931762695
0.04457831382751465
0.03357505798339844
0.02899646759033203
0.042474985122680664
0.035227298736572266
0.0370330810546875
0.036722421646118164
0.03308820724487305
0.03687691688537598
0.03504824638366699
0.030506372451782227
0.03645205497741699
0.034693241119384766
0.02937626838684082
0.029605388641357422
0.03191018104553223
0.033844709396362305
0.042340755462646484
0.02991175651550293
0.03011631965637207
