0.1157526969909668
0.03580307960510254
0.04118967056274414
0.038503408432006836
0.03693699836730957
0.0348811149597168
0.029856204986572266
0.0350341796875
0.04720783233642578
0.032961130142211914
0.06381869316101074
0.03158164024353027
0.03248429298400879
0.06854367256164551
0.034917354583740234
0.03890085220336914
0.04174971580505371
0.0364992618560791
0.0933990478515625
0.048390865325927734
0.0497894287109375
0.05431938171386719
0.048920392990112305
0.04618668556213379
0.03735709190368652
0.09953951835632324
0.035134315490722656
0.03289079666137695
0.03757476806640625
0.03366231918334961
0.038060903549194336
0.033972740173339844
0.03939414024353027
0.03654003143310547
0.03900265693664551
0.03792762756347656
0.03515934944152832
0.035019874572753906
0.03547978401184082
0.043595075607299805
0.03534889221191406
0.04467415809631348
0.031397104263305664
0.03468060493469238
0.03833317756652832
0.03500032424926758
0.03513050079345703
0.03394818305969238
0.041800737380981445
0.03856825828552246
