0.04659261088818312
0.025278256041929126
0.02905952208675444
0.026648635044693947
0.02610305603593588
0.03222554991953075
0.028899094089865685
0.026495406171306968
0.02628622716292739
0.027849674923345447
0.02822835510596633
0.02667547413147986
0.026075278874486685
0.029254575027152896
0.032147519988939166
0.026704132091253996
0.030464031966403127
0.02460382110439241
0.031939282082021236
0.02486553299240768
0.028026434127241373
0.026852898066863418
0.02501261606812477
0.02892435807734728
0.024917226983234286
0.029525453923270106
0.02920543192885816
0.02601494686678052
0.027241182047873735
0.02852247399277985
0.02654007007367909
0.02464880095794797
0.025371706811711192
0.03194458084180951
0.025096477009356022
0.03171136393211782
0.02900720713660121
0.028683815151453018
0.03093046206049621
0.028979640919715166
0.028452069964259863
0.026079542003571987
0.030294167110696435
0.033943434013053775
0.02747804205864668
0.02796193305402994
0.026718786917626858
0.030353051843121648
0.02756244200281799
0.024572196882218122
