0.13321781158447266
0.04487872123718262
0.04107952117919922
0.031957387924194336
0.041704654693603516
0.031167030334472656
0.05968880653381348
0.03406357765197754
0.04597210884094238
0.03426098823547363
0.03484225273132324
0.04928874969482422
0.05379652976989746
0.03494429588317871
0.0381927490234375
0.03822755813598633
0.03406476974487305
0.0681920051574707
0.03283572196960449
0.04418182373046875
0.11071372032165527
0.035592079162597656
0.04635167121887207
0.04299139976501465
0.03221583366394043
0.16181707382202148
0.03153276443481445
0.04230070114135742
0.03866386413574219
0.031111955642700195
0.0332942008972168
0.04285001754760742
0.04009222984313965
0.03524351119995117
0.042923688888549805
0.03499197959899902
0.041214942932128906
0.03724169731140137
0.034500837326049805
0.03571605682373047
0.03318142890930176
0.043854475021362305
0.04407072067260742
0.03458237648010254
0.03405356407165527
0.037885427474975586
0.03714108467102051
0.0359649658203125
0.051435232162475586
0.03803133964538574
