0.06899785995483398
0.03625679016113281
0.03130698204040527
0.032373666763305664
0.03225374221801758
0.03246355056762695
0.033323049545288086
0.0387272834777832
0.033350229263305664
0.029283761978149414
0.03324079513549805
0.03670096397399902
0.02907109260559082
0.030979156494140625
0.03311800956726074
0.03737497329711914
0.034081459045410156
0.03751730918884277
0.0390322208404541
0.039337158203125
0.03900027275085449
0.03600502014160156
0.029495716094970703
0.029828310012817383
0.03446054458618164
0.03916621208190918
0.035881757736206055
0.06285715103149414
0.033150434494018555
0.03669095039367676
0.031096458435058594
0.042061567306518555
0.0318598747253418
0.033965349197387695
0.03345489501953125
0.03484463691711426
0.030735015869140625
0.030450105667114258
0.03811788558959961
0.034212589263916016
0.04602193832397461
0.032027244567871094
0.041336774826049805
0.030551910400390625
0.03392219543457031
0.03496885299682617
0.03928184509277344
0.03662872314453125
0.03235149383544922
0.03720855712890625
