0.09416168602183461
0.09237997699528933
0.09228744101710618
0.0655399567913264
0.13731931685470045
0.10261018807068467
0.09514921717345715
0.09819861687719822
0.12828193604946136
0.09445320791564882
0.08853648696094751
0.09739877190440893
0.09244756493717432
0.09352402784861624
0.12656897399574518
0.09427501494064927
0.09496972989290953
0.09406545199453831
0.09242521598935127
0.10392214707098901
0.09668738697655499
0.0951845080126077
0.09325700299814343
0.10097956797108054
0.10507669183425605
0.0880285738967359
0.12094258004799485
0.09624937502667308
0.12380648986436427
0.1281822700984776
0.12513825483620167
0.09126422880217433
0.09197691385634243
0.15077700302936137
0.11957190302200615
0.027753881877288222
0.15988766704685986
0.09419020311906934
0.14095068885944784
0.11823940998874605
0.09574024402536452
0.09515420184470713
0.1444900610949844
0.09791335696354508
0.09475697483867407
0.09044058015570045
0.21892197988927364
0.09159699198789895
0.09896641015075147
0.09176558395847678
